<?xml version="1.0"?>
<ServerData xmlns:xsi="http://www.w3.org/2001/XMLSchema-instance" xmlns:xsd="http://www.w3.org/2001/XMLSchema">
  <Name>24324</Name>
  <Password>324</Password>
  <Doctor>false</Doctor>
  <Messages />
  <Results>
    <string>2016-10-18 09:16:40 1 10 40 2 0 25 0 0 0 60</string>
    <string>2016-10-18 09:16:40 2 131 40 36 4 25 4 0 0 60</string>
    <string>2016-10-18 09:16:41 3 113 40 27 9 25 9 0 0 60</string>
    <string>2016-10-18 09:16:41 4 137 40 38 13 25 13 0 1 60</string>
    <string>2016-10-18 09:16:42 5 118 40 30 18 25 18 0 1 60</string>
    <string>2016-10-18 09:16:42 6 104 40 23 22 25 22 0 2 60</string>
    <string>2016-10-18 09:16:43 7 123 40 32 27 25 27 0 2 60</string>
    <string>2016-10-18 09:16:43 8 105 40 23 32 25 32 0 3 60</string>
    <string>2016-10-18 09:16:44 9 91 40 17 36 25 36 0 3 60</string>
    <string>2016-10-18 09:16:44 10 72 40 8 41 25 41 0 4 60</string>
    <string>2016-10-18 09:16:45 11 96 40 19 45 25 45 0 4 60</string>
    <string>2016-10-18 09:16:45 12 77 40 11 50 25 50 0 5 60</string>
    <string>2016-10-18 09:16:46 13 63 40 4 54 25 54 0 5 60</string>
    <string>2016-10-18 09:16:46 14 82 40 13 59 25 59 0 6 60</string>
    <string>2016-10-18 09:16:47 15 64 40 4 64 25 64 0 6 60</string>
    <string>2016-10-18 09:16:47 16 130 40 35 68 25 68 0 7 60</string>
    <string>2016-10-18 09:16:48 17 111 40 26 73 25 73 0 7 60</string>
    <string>2016-10-18 09:16:48 18 135 40 37 77 25 77 0 8 60</string>
    <string>2016-10-18 09:16:49 19 116 40 29 82 25 82 0 8 60</string>
    <string>2016-10-18 09:17:20 50 131 40 36 147 25 147 0 27 60</string>
    <string>2016-10-18 09:17:21 51 127 40 34 148 25 148 0 27 60</string>
    <string>2016-10-18 09:17:21 52 73 40 9 153 25 153 0 28 60</string>
    <string>2016-10-18 09:17:22 53 135 40 37 158 25 158 0 29 60</string>
    <string>2016-10-18 09:17:22 55 102 40 22 167 25 167 0 29 60</string>
    <string>2016-10-18 09:17:23 55 102 40 22 167 25 167 0 29 60</string>
    <string>2016-10-18 09:17:23 56 126 40 33 171 25 171 0 30 60</string>
    <string>2016-10-18 09:17:24 57 107 40 25 176 25 176 0 30 60</string>
    <string>2016-10-18 09:17:24 58 88 40 16 181 25 181 0 31 60</string>
    <string>2016-10-18 09:17:25 59 112 40 27 185 25 185 0 31 60</string>
    <string>2016-10-18 09:17:25 60 94 40 18 190 25 190 0 32 60</string>
    <string>2016-10-18 09:17:26 61 80 40 12 194 25 194 0 32 60</string>
    <string>2016-10-18 09:17:26 62 61 40 3 199 25 199 0 33 60</string>
  </Results>
</ServerData>