<?xml version="1.0"?>
<ServerData xmlns:xsi="http://www.w3.org/2001/XMLSchema-instance" xmlns:xsd="http://www.w3.org/2001/XMLSchema">
  <Name>afdajf</Name>
  <Password>fjwieo</Password>
  <Doctor>false</Doctor>
  <Messages />
  <Results>
    <string>2016-10-19 09:51:42 1 10 40 2 0 25 0 0 0 60</string>
    <string>2016-10-19 09:51:42 2 89 40 186 4 25 4 0 0 60</string>
    <string>2016-10-19 09:51:43 3 91 40 195 8 25 8 0 0 60</string>
    <string>2016-10-19 09:51:43 4 72 40 79 13 25 13 0 1 60</string>
    <string>2016-10-19 09:51:44 5 133 40 461 18 25 18 0 1 60</string>
    <string>2016-10-19 09:51:44 6 137 40 486 22 25 22 0 2 60</string>
    <string>2016-10-19 09:51:45 7 87 40 175 26 25 26 0 3 60</string>
    <string>2016-10-19 09:51:45 8 127 40 422 30 25 30 0 3 60</string>
    <string>2016-10-19 09:51:46 9 108 40 305 35 25 35 0 4 60</string>
    <string>2016-10-19 09:51:46 10 81 40 135 39 25 39 0 4 60</string>
    <string>2016-10-19 09:51:47 11 62 40 18 44 25 44 0 5 60</string>
    <string>2016-10-19 09:51:47 12 128 40 429 48 25 48 0 5 60</string>
    <string>2016-10-19 09:51:48 13 125 40 410 53 25 53 0 6 60</string>
    <string>2016-10-19 09:51:48 14 69 40 60 57 25 57 0 6 60</string>
    <string>2016-10-19 09:51:49 15 130 40 443 62 25 62 0 7 60</string>
    <string>2016-10-19 09:51:49 16 116 40 354 66 25 66 0 7 60</string>
    <string>2016-10-19 09:51:50 17 98 40 238 71 25 71 0 8 60</string>
    <string>2016-10-19 09:51:50 18 122 40 387 75 25 75 0 8 60</string>
    <string>2016-10-19 09:51:51 19 87 40 174 79 25 79 0 8 60</string>
    <string>2016-10-19 09:51:51 20 100 40 252 84 25 84 0 9 60</string>
    <string>2016-10-19 09:51:52 21 117 40 358 88 25 88 0 9 60</string>
    <string>2016-10-19 09:51:52 22 103 40 269 92 25 92 0 10 60</string>
    <string>2016-10-19 09:51:53 23 122 40 391 97 25 97 0 10 60</string>
    <string>2016-10-19 09:51:53 24 108 40 302 101 25 101 0 11 60</string>
    <string>2016-10-19 09:51:54 25 89 40 186 106 25 106 0 11 60</string>
    <string>2016-10-19 09:51:54 26 113 40 336 110 25 110 0 12 60</string>
    <string>2016-10-19 09:51:55 27 95 40 219 115 25 115 0 12 60</string>
    <string>2016-10-19 09:51:55 28 127 40 423 120 25 120 0 13 60</string>
    <string>2016-10-19 09:51:56 29 62 40 14 124 25 124 0 13 60</string>
    <string>2016-10-19 09:51:56 30 110 40 315 129 25 129 0 14 60</string>
    <string>2016-10-19 09:51:57 31 111 40 324 133 25 133 0 14 60</string>
    <string>2016-10-19 09:51:57 32 128 40 430 137 25 137 0 15 60</string>
    <string>2016-10-19 09:51:58 33 110 40 313 142 25 142 0 15 60</string>
    <string>2016-10-19 09:51:58 34 134 40 463 146 25 146 0 16 60</string>
    <string>2016-10-19 09:51:59 35 115 40 347 151 25 151 0 16 60</string>
    <string>2016-10-19 09:51:59 36 88 40 176 155 25 155 0 17 60</string>
    <string>2016-10-19 09:52:00 37 98 40 239 160 25 160 0 17 60</string>
    <string>2016-10-19 09:52:00 38 135 40 470 164 25 164 0 18 60</string>
    <string>2016-10-19 09:52:01 39 103 40 272 169 25 169 0 18 60</string>
    <string>2016-10-19 09:52:01 40 89 40 183 173 25 173 0 19 60</string>
    <string>2016-10-19 09:52:02 41 108 40 305 178 25 178 0 19 60</string>
    <string>2016-10-19 09:52:02 42 123 40 396 182 25 182 0 20 60</string>
    <string>2016-10-19 09:52:03 43 60 40 3 186 25 186 0 20 60</string>
    <string>2016-10-19 09:52:03 44 72 40 81 191 25 191 0 21 60</string>
    <string>2016-10-19 09:52:04 45 96 40 231 195 25 195 0 21 60</string>
    <string>2016-10-19 09:52:04 46 91 40 196 200 25 200 0 22 60</string>
    <string>2016-10-19 09:52:05 47 72 40 79 205 25 205 0 22 60</string>
    <string>2016-10-19 09:52:05 48 67 40 50 209 25 209 0 23 60</string>
    <string>2016-10-19 09:52:06 49 77 40 113 214 25 214 0 23 60</string>
    <string>2016-10-19 09:52:06 50 101 40 262 218 25 218 0 24 60</string>
    <string>2016-10-19 09:52:07 51 83 40 146 223 25 223 0 24 60</string>
    <string>2016-10-19 09:52:07 52 93 40 208 228 25 228 0 25 60</string>
    <string>2016-10-19 09:52:08 53 81 40 136 232 25 232 0 25 60</string>
    <string>2016-10-19 09:52:08 54 111 40 323 236 25 236 0 26 60</string>
    <string>2016-10-19 09:52:09 55 79 40 125 240 25 240 0 26 60</string>
    <string>2016-10-19 09:52:09 56 125 40 410 244 25 244 0 27 60</string>
    <string>2016-10-19 09:52:10 57 78 40 115 248 25 248 0 27 60</string>
    <string>2016-10-19 09:52:10 58 86 40 167 251 25 251 0 28 60</string>
    <string>2016-10-19 09:52:11 59 132 40 452 255 25 255 0 28 60</string>
    <string>2016-10-19 09:52:11 60 78 40 113 260 25 260 0 29 60</string>
    <string>2016-10-19 09:52:12 61 102 40 263 264 25 264 0 29 60</string>
    <string>2016-10-19 09:52:12 62 112 40 325 269 25 269 0 30 60</string>
    <string>2016-10-19 09:52:13 63 84 40 155 273 25 273 0 30 60</string>
    <string>2016-10-19 09:52:13 64 66 40 39 278 25 278 0 31 60</string>
    <string>2016-10-19 09:52:14 65 90 40 188 282 25 282 0 31 60</string>
    <string>2016-10-19 09:52:14 66 71 40 72 287 25 287 0 32 60</string>
    <string>2016-10-19 09:52:15 67 124 40 401 291 25 291 0 32 60</string>
    <string>2016-10-19 09:52:15 68 134 40 463 296 25 296 0 33 60</string>
    <string>2016-10-19 09:52:16 69 93 40 211 300 25 300 0 33 60</string>
    <string>2016-10-19 09:52:16 70 75 40 95 305 25 305 0 34 60</string>
  </Results>
</ServerData>