<?xml version="1.0"?>
<ServerData xmlns:xsi="http://www.w3.org/2001/XMLSchema-instance" xmlns:xsd="http://www.w3.org/2001/XMLSchema">
  <Name>ajfoiewjfwafeoi</Name>
  <Password>fjeiwo</Password>
  <Doctor>false</Doctor>
  <Messages>
    <string>ajfoiewjfwafeoi_2016-10-18 02:18:15  Dokter : 324</string>
    <string>message_Dokter_2016-10-18 02:18:17  Dokter Broadcast : 543543</string>
    <string>message_Dokter_Dokter lol has been disconnected</string>
  </Messages>
  <Results>
    <string>2016-10-18 02:17:31 1 10 40 2 0 25 0 0 0 60</string>
    <string>2016-10-18 02:17:31 2 116 40 353 4 25 4 0 0 60</string>
    <string>2016-10-18 02:17:32 3 97 40 236 9 25 9 0 0 60</string>
    <string>2016-10-18 02:17:32 4 83 40 147 13 25 13 0 1 60</string>
    <string>2016-10-18 02:17:33 5 103 40 269 18 25 18 0 1 60</string>
    <string>2016-10-18 02:17:33 6 88 40 181 22 25 22 0 2 60</string>
    <string>2016-10-18 02:17:34 7 70 40 64 27 25 27 0 2 60</string>
    <string>2016-10-18 02:17:34 8 131 40 447 32 25 32 0 3 60</string>
    <string>2016-10-18 02:17:35 9 119 40 374 36 25 36 0 4 60</string>
    <string>2016-10-18 02:17:35 10 105 40 285 40 25 40 0 4 60</string>
    <string>2016-10-18 02:17:36 11 125 40 407 45 25 45 0 4 60</string>
    <string>2016-10-18 02:17:36 12 106 40 291 50 25 50 0 5 60</string>
    <string>2016-10-18 02:17:37 13 107 40 299 54 25 54 0 5 60</string>
    <string>2016-10-18 02:17:37 14 80 40 129 58 25 58 0 6 60</string>
    <string>2016-10-18 02:17:38 15 61 40 13 63 25 63 0 6 60</string>
    <string>2016-10-18 02:17:38 16 123 40 395 68 25 68 0 7 60</string>
    <string>2016-10-18 02:17:39 17 67 40 46 72 25 72 0 7 60</string>
    <string>2016-10-18 02:17:39 18 128 40 428 77 25 77 0 8 60</string>
    <string>2016-10-18 02:17:40 19 114 40 340 81 25 81 0 8 60</string>
    <string>2016-10-18 02:17:40 20 95 40 223 86 25 86 0 9 60</string>
    <string>2016-10-18 02:17:41 21 135 40 470 90 25 90 0 9 60</string>
    <string>2016-10-18 02:17:41 22 116 40 354 95 25 95 0 10 60</string>
    <string>2016-10-18 02:17:42 23 102 40 265 99 25 99 0 10 60</string>
    <string>2016-10-18 02:17:42 24 83 40 149 104 25 104 0 11 60</string>
    <string>2016-10-18 02:17:43 25 107 40 298 108 25 108 0 11 60</string>
    <string>2016-10-18 02:17:43 26 89 40 182 113 25 113 0 12 60</string>
    <string>2016-10-18 02:17:44 27 70 40 65 118 25 118 0 12 60</string>
    <string>2016-10-18 02:17:44 28 94 40 215 122 25 122 0 13 60</string>
    <string>2016-10-18 02:17:45 29 75 40 99 127 25 127 0 13 60</string>
    <string>2016-10-18 02:17:45 30 61 40 10 131 25 131 0 14 60</string>
    <string>2016-10-18 02:17:46 31 122 40 392 136 25 136 0 14 60</string>
    <string>2016-10-18 02:17:46 32 66 40 43 140 25 140 0 15 60</string>
    <string>2016-10-18 02:17:47 33 76 40 106 145 25 145 0 15 60</string>
    <string>2016-10-18 02:17:47 34 100 40 255 149 25 149 0 16 60</string>
    <string>2016-10-18 02:17:48 35 82 40 139 154 25 154 0 16 60</string>
    <string>2016-10-18 02:17:48 36 63 40 22 159 25 159 0 17 60</string>
    <string>2016-10-18 02:17:49 37 87 40 172 163 25 163 0 17 60</string>
    <string>2016-10-18 02:17:49 38 68 40 56 168 25 168 0 18 60</string>
    <string>2016-10-18 02:17:50 39 134 40 466 172 25 172 0 18 60</string>
    <string>2016-10-18 02:17:50 40 115 40 350 177 25 177 0 19 60</string>
    <string>2016-10-18 02:17:51 41 139 40 499 181 25 181 0 19 60</string>
    <string>2016-10-18 02:17:51 42 121 40 383 186 25 186 0 20 60</string>
    <string>2016-10-18 02:17:52 43 102 40 266 191 25 191 0 20 60</string>
    <string>2016-10-18 02:17:52 44 126 40 416 195 25 195 0 21 60</string>
    <string>2016-10-18 02:17:53 45 107 40 299 200 25 200 0 21 60</string>
    <string>2016-10-18 02:17:53 46 93 40 211 204 25 204 0 22 60</string>
    <string>2016-10-18 02:17:54 47 75 40 94 209 25 209 0 22 60</string>
    <string>2016-10-18 02:17:54 48 99 40 244 213 25 213 0 23 60</string>
    <string>2016-10-18 02:17:55 49 80 40 128 218 25 218 0 23 60</string>
    <string>2016-10-18 02:17:55 50 61 40 11 223 25 223 0 24 60</string>
    <string>2016-10-18 02:17:56 51 85 40 161 227 25 227 0 24 60</string>
    <string>2016-10-18 02:17:56 52 67 40 44 232 25 232 0 25 60</string>
    <string>2016-10-18 02:17:57 53 68 40 53 236 25 236 0 25 60</string>
    <string>2016-10-18 02:17:57 54 121 40 382 240 25 240 0 26 60</string>
    <string>2016-10-18 02:17:58 55 102 40 265 245 25 245 0 26 60</string>
    <string>2016-10-18 02:17:58 56 83 40 149 250 25 250 0 27 60</string>
    <string>2016-10-18 02:17:59 57 107 40 298 254 25 254 0 27 60</string>
    <string>2016-10-18 02:17:59 58 89 40 182 259 25 259 0 28 60</string>
    <string>2016-10-18 02:18:00 59 74 40 93 263 25 263 0 28 60</string>
    <string>2016-10-18 02:18:00 60 136 40 476 268 25 268 0 29 60</string>
    <string>2016-10-18 02:18:01 61 80 40 126 272 25 272 0 29 60</string>
    <string>2016-10-18 02:18:01 62 61 40 10 277 25 277 0 30 60</string>
    <string>2016-10-18 02:18:02 63 122 40 393 282 25 282 0 30 60</string>
    <string>2016-10-18 02:18:02 64 66 40 43 286 25 286 0 31 60</string>
    <string>2016-10-18 02:18:03 65 76 40 106 291 25 291 0 31 60</string>
    <string>2016-10-18 02:18:03 66 100 40 255 295 25 295 0 32 60</string>
    <string>2016-10-18 02:18:04 67 82 40 139 300 25 300 0 32 60</string>
    <string>2016-10-18 02:18:04 68 134 40 468 304 25 304 0 33 60</string>
    <string>2016-10-18 02:18:05 69 116 40 351 309 25 309 0 33 60</string>
    <string>2016-10-18 02:18:05 70 102 40 263 313 25 313 0 34 60</string>
    <string>2016-10-18 02:18:06 71 83 40 146 318 25 318 0 34 60</string>
    <string>2016-10-18 02:18:06 72 64 40 30 323 25 323 0 35 60</string>
    <string>2016-10-18 02:18:07 73 88 40 179 327 25 327 0 35 60</string>
    <string>2016-10-18 02:18:07 74 69 40 63 332 25 332 0 36 60</string>
    <string>2016-10-18 02:18:08 75 93 40 212 336 25 336 0 36 60</string>
    <string>2016-10-18 02:18:08 76 75 40 96 341 25 341 0 37 60</string>
    <string>2016-10-18 02:18:09 77 61 40 7 345 25 345 0 37 60</string>
    <string>2016-10-18 02:18:09 78 109 40 308 350 56 350 0 38 60</string>
    <string>2016-10-18 02:18:10 79 95 40 220 354 56 354 0 38 60</string>
    <string>2016-10-18 02:18:10 80 76 40 103 359 56 359 0 39 60</string>
    <string>2016-10-18 02:18:11 81 137 40 486 364 56 364 0 39 60</string>
    <string>2016-10-18 02:18:11 82 81 40 136 368 56 368 0 40 60</string>
    <string>2016-10-18 02:18:12 83 63 40 20 373 56 373 0 40 60</string>
    <string>2016-10-18 02:18:12 84 87 40 170 377 56 377 0 41 60</string>
    <string>2016-10-18 02:18:13 85 68 40 53 382 56 382 0 41 60</string>
    <string>2016-10-18 02:18:13 86 134 40 463 386 56 386 0 42 60</string>
    <string>2016-10-18 02:18:14 87 115 40 347 391 56 391 0 42 60</string>
    <string>2016-10-18 02:18:14 88 96 40 231 396 56 396 0 43 60</string>
    <string>2016-10-18 02:18:15 89 69 40 60 25 56 400 0 232 60</string>
    <string>2016-10-18 02:18:15 90 130 40 443 30 56 405 0 53 60</string>
    <string>2016-10-18 02:18:16 91 74 40 93 34 56 409 0 53 60</string>
    <string>2016-10-18 02:18:16 92 136 40 476 39 56 414 0 54 60</string>
    <string>2016-10-18 02:18:17 93 80 40 127 43 56 418 0 54 60</string>
    <string>2016-10-18 02:18:17 94 61 40 10 48 56 423 0 55 60</string>
    <string>2016-10-18 02:18:18 95 127 40 420 52 56 427 0 55 60</string>
    <string>2016-10-18 02:18:18 96 108 40 304 57 56 432 0 56 60</string>
    <string>2016-10-18 02:18:19 97 89 40 188 62 56 437 0 56 60</string>
    <string>2016-10-18 02:18:19 98 62 40 17 66 56 441 0 57 60</string>
    <string>2016-10-18 02:18:20 99 124 40 400 71 56 446 0 57 60</string>
    <string>2016-10-18 02:18:20 100 68 40 50 75 56 450 0 58 60</string>
    <string>2016-10-18 02:18:21 101 129 40 433 80 56 455 0 58 60</string>
    <string>2016-10-18 02:18:21 102 73 40 84 84 56 459 0 59 60</string>
    <string>2016-10-18 02:18:22 103 134 40 466 89 56 464 0 59 60</string>
    <string>2016-10-18 02:18:22 104 129 40 431 94 56 469 1 0 60</string>
    <string>2016-10-18 02:18:23 105 88 40 179 98 56 473 1 0 60</string>
    <string>2016-10-18 02:18:23 106 83 40 145 103 56 478 1 1 60</string>
    <string>2016-10-18 02:18:24 107 107 40 294 107 56 482 1 1 60</string>
    <string>2016-10-18 02:18:24 108 88 40 178 112 56 487 1 2 60</string>
    <string>2016-10-18 02:18:25 109 112 40 327 116 56 491 1 2 60</string>
    <string>2016-10-18 02:18:25 111 79 40 122 125 56 500 1 3 60</string>
    <string>2016-10-18 02:18:26 112 80 40 131 129 56 504 1 4 60</string>
    <string>2016-10-18 02:18:26 112 80 40 131 129 56 504 1 4 60</string>
    <string>2016-10-18 02:18:27 113 93 40 209 134 56 509 1 4 60</string>
    <string>2016-10-18 02:18:27 114 117 40 359 138 56 513 1 5 60</string>
    <string>2016-10-18 02:18:28 115 98 40 243 143 56 518 1 5 60</string>
    <string>2016-10-18 02:18:28 116 84 40 154 147 56 522 1 6 60</string>
    <string>2016-10-18 02:18:29 117 65 40 37 152 56 527 1 6 60</string>
    <string>2016-10-18 02:18:29 118 127 40 420 157 56 532 1 7 60</string>
    <string>2016-10-18 02:18:30 119 71 40 71 161 56 536 1 7 60</string>
    <string>2016-10-18 02:18:30 120 132 40 453 166 56 541 1 8 60</string>
    <string>2016-10-18 02:18:31 121 76 40 104 170 56 545 1 8 60</string>
    <string>2016-10-18 02:18:31 122 137 40 486 175 56 550 1 9 60</string>
    <string>2016-10-18 02:18:32 123 119 40 370 180 56 555 1 9 60</string>
    <string>2016-10-18 02:18:32 124 105 40 281 184 56 559 1 10 60</string>
    <string>2016-10-18 02:18:33 125 86 40 165 189 56 564 1 10 60</string>
    <string>2016-10-18 02:18:33 126 110 40 314 193 56 568 1 11 60</string>
    <string>2016-10-18 02:18:34 127 91 40 198 198 56 573 1 11 60</string>
    <string>2016-10-18 02:18:34 128 115 40 348 202 56 577 1 12 60</string>
    <string>2016-10-18 02:18:35 129 125 40 410 207 56 582 1 12 60</string>
    <string>2016-10-18 02:18:35 130 69 40 61 211 56 586 1 13 60</string>
    <string>2016-10-18 02:18:36 131 79 40 123 216 56 591 1 13 60</string>
    <string>2016-10-18 02:18:36 132 132 40 452 220 56 595 1 14 60</string>
    <string>2016-10-18 02:18:37 133 113 40 336 225 56 600 1 14 60</string>
  </Results>
</ServerData>