<?xml version="1.0"?>
<ServerData xmlns:xsi="http://www.w3.org/2001/XMLSchema-instance" xmlns:xsd="http://www.w3.org/2001/XMLSchema">
  <Name>dsafafds</Name>
  <Password>sfda</Password>
  <Doctor>false</Doctor>
  <Messages />
  <Results>
    <string>2016-10-19 10:12:30 1 10 40 2 0 25 0 0 0 60</string>
    <string>2016-10-19 10:12:31 2 88 40 179 4 25 4 0 0 60</string>
    <string>2016-10-19 10:12:31 3 69 40 62 9 25 9 0 1 60</string>
    <string>2016-10-19 10:12:32 4 93 40 212 13 25 13 0 1 60</string>
    <string>2016-10-19 10:12:32 5 75 40 95 18 25 18 0 2 60</string>
    <string>2016-10-19 10:12:33 6 92 40 201 22 25 22 0 2 60</string>
    <string>2016-10-19 10:12:33 7 77 40 113 26 25 26 0 2 60</string>
    <string>2016-10-19 10:12:34 8 139 40 495 31 25 31 0 3 60</string>
    <string>2016-10-19 10:12:34 9 78 40 118 36 25 36 0 3 60</string>
    <string>2016-10-19 10:12:35 10 80 40 127 40 25 40 0 4 60</string>
    <string>2016-10-19 10:12:35 11 66 40 38 44 25 44 0 4 60</string>
    <string>2016-10-19 10:12:36 12 62 40 19 49 25 49 0 5 60</string>
    <string>2016-10-19 10:12:36 13 64 40 28 53 25 53 0 5 60</string>
    <string>2016-10-19 10:12:37 14 83 40 150 58 25 58 0 6 60</string>
    <string>2016-10-19 10:12:37 15 69 40 61 62 25 62 0 6 60</string>
    <string>2016-10-19 10:12:38 16 138 40 487 66 25 66 0 7 60</string>
    <string>2016-10-19 10:12:38 17 112 40 327 71 25 71 0 7 60</string>
    <string>2016-10-19 10:12:39 18 120 40 379 74 25 74 0 8 60</string>
    <string>2016-10-19 10:12:39 19 88 40 181 79 25 79 0 8 60</string>
    <string>2016-10-19 10:12:40 20 74 40 93 83 25 83 0 9 60</string>
    <string>2016-10-19 10:12:40 21 136 40 475 88 25 88 0 9 60</string>
    <string>2016-10-19 10:12:41 22 117 40 359 93 25 93 0 10 60</string>
    <string>2016-10-19 10:12:41 23 77 40 107 97 25 97 0 10 60</string>
    <string>2016-10-19 10:12:42 24 91 40 197 101 25 101 0 11 60</string>
    <string>2016-10-19 10:12:42 25 111 40 319 106 25 106 0 11 60</string>
    <string>2016-10-19 10:12:43 26 92 40 203 111 25 111 0 12 60</string>
    <string>2016-10-19 10:12:43 27 78 40 114 115 25 115 0 12 60</string>
    <string>2016-10-19 10:12:44 28 139 40 496 120 25 120 0 13 60</string>
    <string>2016-10-19 10:12:44 29 83 40 147 124 25 124 0 13 60</string>
    <string>2016-10-19 10:12:45 30 64 40 31 129 25 129 0 14 60</string>
    <string>2016-10-19 10:12:45 31 126 40 413 134 25 134 0 14 60</string>
    <string>2016-10-19 10:12:46 32 83 40 145 138 25 138 0 15 60</string>
    <string>2016-10-19 10:12:46 33 64 40 29 143 25 143 0 15 60</string>
    <string>2016-10-19 10:12:47 34 88 40 179 147 25 147 0 16 60</string>
    <string>2016-10-19 10:12:47 35 98 40 241 152 25 152 0 16 60</string>
    <string>2016-10-19 10:12:48 36 71 40 71 156 25 156 0 17 60</string>
    <string>2016-10-19 10:12:48 37 132 40 453 161 25 161 0 17 60</string>
    <string>2016-10-19 10:12:49 38 113 40 337 166 25 166 0 18 60</string>
    <string>2016-10-19 10:12:49 39 86 40 167 170 25 170 0 18 60</string>
    <string>2016-10-19 10:12:50 40 67 40 50 175 25 175 0 19 60</string>
    <string>2016-10-19 10:12:50 41 91 40 200 179 25 179 0 19 60</string>
    <string>2016-10-19 10:12:51 42 73 40 83 184 25 184 0 20 60</string>
    <string>2016-10-19 10:12:51 43 97 40 233 188 25 188 0 20 60</string>
    <string>2016-10-19 10:12:52 44 107 40 296 193 25 193 0 21 60</string>
    <string>2016-10-19 10:12:52 45 131 40 445 197 25 197 0 21 60</string>
    <string>2016-10-19 10:12:53 46 61 40 9 202 25 202 0 22 60</string>
    <string>2016-10-19 10:12:53 47 114 40 338 206 25 206 0 22 60</string>
    <string>2016-10-19 10:12:54 48 95 40 221 211 25 211 0 23 60</string>
    <string>2016-10-19 10:12:54 49 68 40 51 215 25 215 0 23 60</string>
    <string>2016-10-19 10:12:55 50 129 40 433 220 25 220 0 24 60</string>
    <string>2016-10-19 10:12:55 51 73 40 84 224 25 224 0 24 60</string>
    <string>2016-10-19 10:12:56 52 134 40 467 229 25 229 0 25 60</string>
    <string>2016-10-19 10:12:56 53 116 40 350 234 25 234 0 25 60</string>
    <string>2016-10-19 10:12:57 54 101 40 261 238 25 238 0 26 60</string>
    <string>2016-10-19 10:12:57 55 83 40 145 243 25 243 0 26 60</string>
    <string>2016-10-19 10:12:58 56 107 40 295 247 25 247 0 27 60</string>
    <string>2016-10-19 10:12:58 57 104 40 276 252 25 252 0 27 60</string>
    <string>2016-10-19 10:12:59 58 105 40 284 256 25 256 0 28 60</string>
    <string>2016-10-19 10:12:59 59 78 40 114 260 25 260 0 28 60</string>
    <string>2016-10-19 10:13:00 60 139 40 497 265 25 265 0 29 60</string>
    <string>2016-10-19 10:13:00 61 120 40 380 270 25 270 0 29 60</string>
    <string>2016-10-19 10:13:01 62 64 40 31 274 25 274 0 30 60</string>
    <string>2016-10-19 10:13:01 63 126 40 413 279 25 279 0 30 60</string>
    <string>2016-10-19 10:13:02 64 111 40 325 283 25 283 0 31 60</string>
    <string>2016-10-19 10:13:02 65 80 40 127 288 25 288 0 31 60</string>
    <string>2016-10-19 10:13:03 66 61 40 10 293 25 293 0 32 60</string>
    <string>2016-10-19 10:13:03 67 127 40 420 297 25 297 0 32 60</string>
    <string>2016-10-19 10:13:04 68 66 40 43 302 25 302 0 33 60</string>
    <string>2016-10-19 10:13:04 69 96 40 231 306 25 306 0 33 60</string>
    <string>2016-10-19 10:13:05 70 93 40 212 311 25 311 0 34 60</string>
    <string>2016-10-19 10:13:05 71 117 40 362 315 25 315 0 34 60</string>
    <string>2016-10-19 10:13:06 72 99 40 245 320 25 320 0 35 60</string>
    <string>2016-10-19 10:13:06 73 85 40 156 324 25 324 0 35 60</string>
    <string>2016-10-19 10:13:07 74 66 40 40 329 25 329 0 36 60</string>
    <string>2016-10-19 10:13:07 75 127 40 423 334 25 334 0 36 60</string>
    <string>2016-10-19 10:13:08 76 71 40 73 338 25 338 0 37 60</string>
    <string>2016-10-19 10:13:08 77 132 40 456 343 25 343 0 37 60</string>
    <string>2016-10-19 10:13:09 78 76 40 106 347 25 347 0 38 60</string>
    <string>2016-10-19 10:13:09 79 138 40 489 352 25 352 0 38 60</string>
    <string>2016-10-19 10:13:10 80 111 40 319 356 25 356 0 39 60</string>
    <string>2016-10-19 10:13:10 81 69 40 61 361 25 361 0 39 60</string>
    <string>2016-10-19 10:13:11 82 122 40 390 365 25 365 0 40 60</string>
    <string>2016-10-19 10:13:11 83 103 40 274 370 25 370 0 40 60</string>
    <string>2016-10-19 10:13:12 84 127 40 423 374 25 374 0 41 60</string>
    <string>2016-10-19 10:13:12 85 137 40 486 379 25 379 0 41 60</string>
    <string>2016-10-19 10:13:13 86 81 40 136 383 25 383 0 42 60</string>
    <string>2016-10-19 10:13:13 87 63 40 20 388 25 388 0 42 60</string>
    <string>2016-10-19 10:13:14 88 124 40 403 393 25 393 0 43 60</string>
    <string>2016-10-19 10:13:14 89 68 40 53 397 25 397 0 43 60</string>
    <string>2016-10-19 10:13:15 90 129 40 436 402 25 402 0 44 60</string>
    <string>2016-10-19 10:13:15 91 102 40 265 406 25 406 0 44 60</string>
    <string>2016-10-19 10:13:16 92 103 40 274 410 25 410 0 45 60</string>
    <string>2016-10-19 10:13:16 93 116 40 352 415 25 415 0 45 60</string>
    <string>2016-10-19 10:13:17 94 73 40 85 419 25 419 0 46 60</string>
    <string>2016-10-19 10:13:17 95 134 40 467 424 25 424 0 46 60</string>
    <string>2016-10-19 10:13:18 96 64 40 31 429 25 429 0 47 60</string>
    <string>2016-10-19 10:13:18 97 88 40 181 433 25 433 0 47 60</string>
    <string>2016-10-19 10:13:19 98 70 40 64 438 25 438 0 48 60</string>
    <string>2016-10-19 10:13:19 99 135 40 474 442 25 442 0 48 60</string>
    <string>2016-10-19 10:13:20 100 75 40 97 447 25 447 0 49 60</string>
    <string>2016-10-19 10:13:20 101 89 40 188 451 25 451 0 49 60</string>
    <string>2016-10-19 10:13:21 102 86 40 169 456 25 456 0 50 60</string>
    <string>2016-10-19 10:13:21 103 110 40 318 460 25 460 0 50 60</string>
    <string>2016-10-19 10:13:22 104 61 40 7 464 25 464 0 51 60</string>
    <string>2016-10-19 10:13:22 105 137 40 487 469 25 469 0 51 60</string>
    <string>2016-10-19 10:13:23 106 81 40 138 473 25 473 0 52 60</string>
    <string>2016-10-19 10:13:23 107 63 40 21 478 25 478 0 52 60</string>
    <string>2016-10-19 10:13:24 108 129 40 431 482 25 482 0 53 60</string>
    <string>2016-10-19 10:13:24 109 68 40 54 487 25 487 0 53 60</string>
    <string>2016-10-19 10:13:25 110 78 40 117 492 25 492 0 54 60</string>
    <string>2016-10-19 10:13:25 111 102 40 267 496 25 496 0 54 60</string>
    <string>2016-10-19 10:13:26 112 112 40 329 501 25 501 0 55 60</string>
    <string>2016-10-19 10:13:26 113 136 40 479 505 25 505 0 55 60</string>
    <string>2016-10-19 10:13:27 114 118 40 362 510 25 510 0 56 60</string>
    <string>2016-10-19 10:13:27 115 90 40 192 514 25 514 0 56 60</string>
    <string>2016-10-19 10:13:28 116 129 40 434 519 25 519 0 57 60</string>
    <string>2016-10-19 10:13:28 117 89 40 182 523 25 523 0 57 60</string>
    <string>2016-10-19 10:13:29 118 74 40 93 527 25 527 0 58 60</string>
    <string>2016-10-19 10:13:29 119 123 40 394 532 25 532 0 58 60</string>
    <string>2016-10-19 10:13:30 120 104 40 277 537 25 537 0 59 60</string>
    <string>2016-10-19 10:13:30 121 90 40 189 541 25 541 0 59 60</string>
    <string>2016-10-19 10:13:31 122 71 40 72 546 25 546 1 0 60</string>
    <string>2016-10-19 10:13:31 123 95 40 222 550 25 550 1 0 60</string>
    <string>2016-10-19 10:13:32 124 92 40 203 555 25 555 1 1 60</string>
    <string>2016-10-19 10:13:32 125 78 40 114 559 25 559 1 1 60</string>
    <string>2016-10-19 10:13:33 126 139 40 497 564 25 564 1 2 60</string>
    <string>2016-10-19 10:13:33 127 76 40 104 568 25 568 1 2 60</string>
    <string>2016-10-19 10:13:34 128 129 40 433 572 25 572 1 3 60</string>
    <string>2016-10-19 10:13:34 129 110 40 316 577 25 577 1 3 60</string>
    <string>2016-10-19 10:13:35 130 63 40 21 582 25 582 1 4 60</string>
    <string>2016-10-19 10:13:35 131 115 40 349 586 25 586 1 4 60</string>
    <string>2016-10-19 10:13:36 132 97 40 233 591 25 591 1 5 60</string>
    <string>2016-10-19 10:13:36 133 121 40 383 595 25 595 1 5 60</string>
    <string>2016-10-19 10:13:37 134 102 40 266 600 25 600 1 6 60</string>
    <string>2016-10-19 10:13:37 135 88 40 177 604 25 604 1 6 60</string>
    <string>2016-10-19 10:13:38 136 69 40 61 609 25 609 1 7 60</string>
    <string>2016-10-19 10:13:38 137 89 40 183 614 25 614 1 7 60</string>
    <string>2016-10-19 10:13:39 138 103 40 273 618 25 618 1 8 60</string>
    <string>2016-10-19 10:13:39 139 92 40 200 622 25 622 1 8 60</string>
    <string>2016-10-19 10:13:40 140 73 40 84 627 25 627 1 9 60</string>
    <string>2016-10-19 10:13:40 141 134 40 466 632 25 632 1 9 60</string>
    <string>2016-10-19 10:13:41 142 78 40 117 636 25 636 1 10 60</string>
    <string>2016-10-19 10:13:41 143 60 40 1 641 25 641 1 10 60</string>
    <string>2016-10-19 10:13:42 144 125 40 411 645 25 645 1 11 60</string>
    <string>2016-10-19 10:13:42 145 65 40 34 650 25 650 1 11 60</string>
    <string>2016-10-19 10:13:43 146 75 40 96 655 25 655 1 12 60</string>
    <string>2016-10-19 10:13:43 147 128 40 425 659 25 659 1 12 60</string>
    <string>2016-10-19 10:13:44 148 109 40 309 664 25 664 1 13 60</string>
    <string>2016-10-19 10:13:44 149 133 40 458 668 25 668 1 13 60</string>
    <string>2016-10-19 10:13:45 150 114 40 342 673 25 673 1 14 60</string>
    <string>2016-10-19 10:13:45 151 87 40 171 677 25 677 1 14 60</string>
    <string>2016-10-19 10:13:46 152 68 40 55 682 25 682 1 15 60</string>
    <string>2016-10-19 10:13:46 153 134 40 465 686 25 686 1 15 60</string>
    <string>2016-10-19 10:13:47 154 115 40 349 691 25 691 1 16 60</string>
    <string>2016-10-19 10:13:47 155 139 40 499 695 25 695 1 16 60</string>
    <string>2016-10-19 10:13:48 156 69 40 62 700 25 700 1 17 60</string>
    <string>2016-10-19 10:13:48 157 122 40 391 704 25 704 1 17 60</string>
    <string>2016-10-19 10:13:49 158 90 40 193 709 25 709 1 18 60</string>
    <string>2016-10-19 10:13:49 159 76 40 104 713 25 713 1 18 60</string>
  </Results>
</ServerData>