<?xml version="1.0"?>
<ServerData xmlns:xsi="http://www.w3.org/2001/XMLSchema-instance" xmlns:xsd="http://www.w3.org/2001/XMLSchema">
  <Name>dsafewao</Name>
  <Password>feiwjo</Password>
  <Doctor>false</Doctor>
  <Messages />
  <Results>
    <string>2016-10-12 11:01:47 2 135 40 37 4 25 4 0 0 60</string>
    <string>2016-10-12 11:01:48 2 135 40 37 4 25 4 0 0 60</string>
    <string>2016-10-12 11:01:48 3 79 40 11 8 25 8 0 1 60</string>
    <string>2016-10-12 11:01:49 4 60 40 3 13 25 13 0 1 60</string>
    <string>2016-10-12 11:01:49 5 84 40 14 17 25 17 0 1 60</string>
    <string>2016-10-12 11:01:50 6 65 40 5 22 25 22 0 2 60</string>
    <string>2016-10-12 11:01:50 7 127 40 33 27 25 27 0 3 60</string>
    <string>2016-10-12 11:01:51 8 112 40 27 31 25 31 0 3 60</string>
    <string>2016-10-12 11:01:51 9 94 40 18 36 25 36 0 3 60</string>
    <string>2016-10-12 11:01:52 10 126 40 33 41 25 41 0 4 60</string>
    <string>2016-10-12 11:01:52 11 128 40 34 45 25 45 0 4 60</string>
    <string>2016-10-12 11:01:53 12 116 40 29 46 25 46 0 5 60</string>
    <string>2016-10-12 11:01:53 13 84 40 14 51 25 51 0 5 60</string>
    <string>2016-10-12 11:01:54 14 86 40 15 55 25 55 0 6 60</string>
    <string>2016-10-12 11:01:54 15 103 40 22 59 25 59 0 6 60</string>
    <string>2016-10-12 11:01:55 16 75 40 10 63 25 63 0 7 60</string>
    <string>2016-10-12 11:01:55 17 85 40 14 68 25 68 0 7 60</string>
    <string>2016-10-12 11:01:56 18 138 40 39 72 25 72 0 8 60</string>
    <string>2016-10-12 11:01:56 19 119 40 30 77 25 77 0 8 60</string>
    <string>2016-10-12 11:01:57 20 101 40 22 82 25 82 0 9 60</string>
    <string>2016-10-12 11:01:57 21 125 40 33 86 25 86 0 9 60</string>
    <string>2016-10-12 11:01:58 22 106 40 24 91 25 91 0 10 60</string>
    <string>2016-10-12 11:01:58 23 92 40 17 95 25 95 0 10 60</string>
    <string>2016-10-12 11:01:59 24 111 40 26 100 25 100 0 11 60</string>
    <string>2016-10-12 11:01:59 25 93 40 18 105 25 105 0 11 60</string>
    <string>2016-10-12 11:02:00 26 78 40 11 109 25 109 0 12 60</string>
    <string>2016-10-12 11:02:00 27 60 40 3 114 25 114 0 12 60</string>
    <string>2016-10-12 11:02:01 28 84 40 14 118 25 118 0 13 60</string>
    <string>2016-10-12 11:02:01 29 65 40 5 123 25 123 0 13 60</string>
    <string>2016-10-12 11:02:02 30 131 40 36 127 25 127 0 14 60</string>
    <string>2016-10-12 11:02:02 31 70 40 8 132 25 132 0 14 60</string>
    <string>2016-10-12 11:02:03 32 132 40 36 137 25 137 0 15 60</string>
    <string>2016-10-12 11:02:03 33 118 40 29 141 25 141 0 15 60</string>
    <string>2016-10-12 11:02:04 34 99 40 21 146 25 146 0 16 60</string>
    <string>2016-10-12 11:02:04 35 123 40 32 150 25 150 0 16 60</string>
    <string>2016-10-12 11:02:05 36 104 40 23 155 25 155 0 17 60</string>
    <string>2016-10-12 11:02:05 37 77 40 11 159 25 159 0 17 60</string>
    <string>2016-10-12 11:02:06 38 138 40 39 164 25 164 0 18 60</string>
    <string>2016-10-12 11:02:06 39 127 40 34 168 25 168 0 18 60</string>
    <string>2016-10-12 11:02:07 40 108 40 25 173 25 173 0 19 60</string>
    <string>2016-10-12 11:02:07 41 94 40 18 177 25 177 0 19 60</string>
    <string>2016-10-12 11:02:08 42 75 40 10 182 25 182 0 20 60</string>
    <string>2016-10-12 11:02:08 43 136 40 38 187 25 187 0 20 60</string>
    <string>2016-10-12 11:02:09 44 80 40 12 191 25 191 0 21 60</string>
    <string>2016-10-12 11:02:09 45 62 40 3 196 25 196 0 21 60</string>
    <string>2016-10-12 11:02:10 46 86 40 15 200 25 200 0 22 60</string>
    <string>2016-10-12 11:02:10 47 67 40 6 205 25 205 0 22 60</string>
    <string>2016-10-12 11:02:11 48 133 40 36 209 25 209 0 23 60</string>
    <string>2016-10-12 11:02:11 49 101 40 22 214 25 214 0 23 60</string>
    <string>2016-10-12 11:02:12 50 82 40 13 219 25 219 0 24 60</string>
    <string>2016-10-12 11:02:12 51 68 40 6 223 25 223 0 24 60</string>
    <string>2016-10-12 11:02:13 52 129 40 35 228 25 228 0 25 60</string>
    <string>2016-10-12 11:02:13 53 73 40 9 232 25 232 0 25 60</string>
    <string>2016-10-12 11:02:14 54 135 40 37 237 25 237 0 25 60</string>
    <string>2016-10-12 11:02:14 55 79 40 11 241 25 241 0 26 60</string>
    <string>2016-10-12 11:02:15 56 60 40 3 246 25 246 0 26 60</string>
    <string>2016-10-12 11:02:15 57 121 40 31 251 25 251 0 27 60</string>
    <string>2016-10-12 11:02:16 58 107 40 25 255 25 255 0 27 60</string>
    <string>2016-10-12 11:02:16 59 89 40 16 260 25 260 0 28 60</string>
    <string>2016-10-12 11:02:17 60 113 40 27 264 25 264 0 28 60</string>
    <string>2016-10-12 11:02:17 61 94 40 18 269 25 269 0 29 60</string>
    <string>2016-10-12 11:02:18 62 118 40 29 273 25 273 0 29 60</string>
    <string>2016-10-12 11:02:18 63 99 40 21 278 25 278 0 30 60</string>
  </Results>
</ServerData>