<?xml version="1.0"?>
<ServerData xmlns:xsi="http://www.w3.org/2001/XMLSchema-instance" xmlns:xsd="http://www.w3.org/2001/XMLSchema">
  <Name>efwjaiofjew</Name>
  <Password>fejwiow</Password>
  <Doctor>false</Doctor>
  <Messages />
  <Results>
    <string>2016-10-12 11:16:03 1 0 0 0 0 30 0 0 0 0</string>
    <string>2016-10-12 11:16:03 2 0 0 0 0 30 0 0 0 0</string>
    <string>2016-10-12 11:16:04 3 0 0 0 0 30 0 0 0 0</string>
    <string>2016-10-12 11:16:04 4 0 0 0 0 30 0 0 0 0</string>
    <string>2016-10-12 11:16:05 5 0 0 0 0 30 0 0 0 0</string>
    <string>2016-10-12 11:16:05 6 0 0 0 0 30 0 0 0 0</string>
    <string>2016-10-12 11:16:06 7 0 0 0 0 30 0 0 0 0</string>
    <string>2016-10-12 11:16:06 8 0 0 0 0 30 0 0 0 0</string>
    <string>2016-10-12 11:16:07 9 0 0 0 0 30 0 0 0 0</string>
    <string>2016-10-12 11:16:07 10 0 0 0 0 30 0 0 0 0</string>
    <string>2016-10-12 11:16:08 11 0 0 0 0 30 0 0 0 0</string>
    <string>2016-10-12 11:16:08 12 0 0 0 0 30 0 0 0 0</string>
    <string>2016-10-12 11:16:09 13 0 0 0 0 30 0 0 0 0</string>
    <string>2016-10-12 11:16:09 14 0 0 0 0 30 0 0 0 0</string>
    <string>2016-10-12 11:16:10 15 0 0 0 0 30 0 0 0 0</string>
    <string>2016-10-12 11:16:10 16 0 0 0 0 30 0 0 0 0</string>
    <string>2016-10-12 11:16:11 17 0 0 0 0 30 0 0 0 0</string>
    <string>2016-10-12 11:16:11 18 0 0 0 0 30 0 0 0 0</string>
    <string>2016-10-12 11:16:12 19 0 0 0 0 30 0 0 0 0</string>
    <string>2016-10-12 11:16:12 20 0 0 0 0 30 0 0 0 0</string>
    <string>2016-10-12 11:16:13 21 0 0 0 0 30 0 0 0 0</string>
    <string>2016-10-12 11:16:13 22 0 0 0 0 30 0 0 0 0</string>
    <string>2016-10-12 11:16:14 23 0 0 0 0 30 0 0 0 0</string>
    <string>2016-10-12 11:16:14 24 0 0 0 0 30 0 0 0 0</string>
    <string>2016-10-12 11:16:15 25 0 0 0 0 30 0 0 0 0</string>
    <string>2016-10-12 11:16:15 26 0 0 0 0 30 0 0 0 0</string>
    <string>2016-10-12 11:16:16 27 0 0 0 0 30 0 0 0 0</string>
    <string>2016-10-12 11:16:16 28 0 0 0 0 30 0 0 0 0</string>
    <string>2016-10-12 11:16:17 29 0 0 0 0 30 0 0 0 0</string>
    <string>2016-10-12 11:16:17 30 0 0 0 0 30 0 0 0 0</string>
    <string>2016-10-12 11:16:18 31 0 0 0 0 30 0 0 0 0</string>
    <string>2016-10-12 11:16:18 32 0 0 0 0 30 0 0 0 0</string>
    <string>2016-10-12 11:16:19 33 0 0 0 0 30 0 0 0 0</string>
    <string>2016-10-12 11:16:19 34 0 0 0 0 30 0 0 0 0</string>
    <string>2016-10-12 11:16:20 35 0 0 0 0 30 0 0 0 0</string>
    <string>2016-10-12 11:16:20 36 0 0 0 0 30 0 0 0 0</string>
    <string>2016-10-12 11:16:21 37 0 0 0 0 30 0 0 0 0</string>
    <string>2016-10-12 11:16:21 38 0 0 0 0 30 0 0 0 0</string>
    <string>2016-10-12 11:16:22 39 0 0 0 0 30 0 0 0 0</string>
    <string>2016-10-12 11:16:22 40 0 0 0 0 30 0 0 0 0</string>
    <string>2016-10-12 11:16:23 41 0 0 0 0 30 0 0 0 0</string>
    <string>2016-10-12 11:16:23 42 0 0 0 0 30 0 0 0 0</string>
    <string>2016-10-12 11:16:24 43 0 0 0 0 30 0 0 0 0</string>
    <string>2016-10-12 11:16:24 44 0 0 0 0 30 0 0 0 0</string>
    <string>2016-10-12 11:16:25 45 0 0 0 0 30 0 0 0 0</string>
    <string>2016-10-12 11:16:25 46 0 0 0 0 30 0 0 0 0</string>
    <string>2016-10-12 11:16:26 47 0 0 0 0 30 0 0 0 0</string>
    <string>2016-10-12 11:16:26 48 0 0 0 0 30 0 0 0 0</string>
    <string>2016-10-12 11:16:27 49 0 0 0 0 30 0 0 0 0</string>
    <string>2016-10-12 11:16:27 50 0 0 0 0 30 0 0 0 0</string>
    <string>2016-10-12 11:16:28 51 0 0 0 0 30 0 0 0 0</string>
    <string>2016-10-12 11:16:28 52 0 0 0 0 30 0 0 0 0</string>
    <string>2016-10-12 11:16:29 53 0 0 0 0 30 0 0 0 0</string>
    <string>2016-10-12 11:16:29 54 0 0 0 0 30 0 0 0 0</string>
    <string>2016-10-12 11:16:30 55 0 0 0 0 30 0 0 0 0</string>
    <string>2016-10-12 11:16:30 56 0 0 0 0 30 0 0 0 0</string>
    <string>2016-10-12 11:16:31 57 0 0 0 0 30 0 0 0 0</string>
    <string>2016-10-12 11:16:31 58 0 0 0 0 30 0 0 0 0</string>
    <string>2016-10-12 11:16:32 59 0 0 0 0 30 0 0 0 0</string>
    <string>2016-10-12 11:16:32 60 0 0 0 0 30 0 0 0 0</string>
    <string>2016-10-12 11:16:33 61 0 0 0 0 30 0 0 0 0</string>
    <string>2016-10-12 11:16:33 62 0 0 0 0 30 0 0 0 0</string>
    <string>2016-10-12 11:16:34 63 0 0 0 0 30 0 0 0 0</string>
    <string>2016-10-12 11:16:34 64 0 0 0 0 30 0 0 0 0</string>
    <string>2016-10-12 11:16:35 65 0 0 0 0 30 0 0 0 0</string>
    <string>2016-10-12 11:16:35 66 0 0 0 0 30 0 0 0 0</string>
    <string>2016-10-12 11:16:36 67 0 0 0 0 30 0 0 0 0</string>
    <string>2016-10-12 11:16:36 68 0 0 0 0 30 0 0 0 0</string>
    <string>2016-10-12 11:16:37 69 0 0 0 0 30 0 0 0 0</string>
    <string>2016-10-12 11:16:37 70 0 0 0 0 30 0 0 0 0</string>
    <string>2016-10-12 11:16:38 71 0 0 0 0 30 0 0 0 0</string>
    <string>2016-10-12 11:16:38 72 0 0 0 0 30 0 0 0 0</string>
    <string>2016-10-12 11:16:39 73 0 0 0 0 30 0 0 0 0</string>
    <string>2016-10-12 11:16:39 74 0 0 0 0 30 0 0 0 0</string>
    <string>2016-10-12 11:16:40 75 0 0 0 0 30 0 0 0 0</string>
  </Results>
</ServerData>