<?xml version="1.0"?>
<ServerData xmlns:xsi="http://www.w3.org/2001/XMLSchema-instance" xmlns:xsd="http://www.w3.org/2001/XMLSchema">
  <Name>ejfiwofw</Name>
  <Password>fei</Password>
  <Doctor>false</Doctor>
  <Messages />
  <Results>
    <string>2016-10-18 11:30:13 1 10 40 2 0 25 0 0 0 60</string>
    <string>2016-10-18 11:30:13 2 77 40 11 4 25 4 0 0 60</string>
    <string>2016-10-18 11:30:14 3 139 40 39 9 25 9 0 0 60</string>
    <string>2016-10-18 11:30:14 4 83 40 13 13 25 13 0 1 60</string>
    <string>2016-10-18 11:30:15 5 64 40 5 18 25 18 0 1 60</string>
    <string>2016-10-18 11:30:15 6 88 40 16 22 25 22 0 2 60</string>
    <string>2016-10-18 11:30:16 7 69 40 7 27 25 27 0 2 60</string>
    <string>2016-10-18 11:30:16 8 131 40 35 32 25 32 0 3 60</string>
    <string>2016-10-18 11:30:17 9 117 40 29 36 25 36 0 3 60</string>
    <string>2016-10-18 11:30:17 10 98 40 20 41 25 41 0 4 60</string>
    <string>2016-10-18 11:30:18 11 122 40 31 45 25 45 0 4 60</string>
    <string>2016-10-18 11:30:18 12 103 40 23 50 25 50 0 5 60</string>
    <string>2016-10-18 11:30:19 13 127 40 34 54 25 54 0 5 60</string>
    <string>2016-10-18 11:30:19 14 108 40 25 59 25 59 0 6 60</string>
    <string>2016-10-18 11:30:20 15 90 40 17 64 25 64 0 6 60</string>
    <string>2016-10-18 11:30:20 16 76 40 10 68 25 68 0 7 60</string>
    <string>2016-10-18 11:30:21 17 137 40 38 73 25 73 0 7 60</string>
    <string>2016-10-18 11:30:21 18 81 40 12 77 25 77 0 8 60</string>
    <string>2016-10-18 11:30:22 19 62 40 4 82 25 82 0 8 60</string>
    <string>2016-10-18 11:30:22 20 86 40 15 86 25 86 0 9 60</string>
    <string>2016-10-18 11:30:23 21 68 40 6 91 25 91 0 9 60</string>
    <string>2016-10-18 11:30:23 22 129 40 35 96 25 96 0 10 60</string>
    <string>2016-10-18 11:30:24 23 115 40 28 100 25 100 0 10 60</string>
    <string>2016-10-18 11:30:24 24 96 40 19 105 25 105 0 11 60</string>
    <string>2016-10-18 11:30:25 25 120 40 30 109 25 109 0 11 60</string>
    <string>2016-10-18 11:30:25 26 101 40 22 114 25 114 0 12 60</string>
    <string>2016-10-18 11:30:26 27 125 40 33 118 25 118 0 12 60</string>
    <string>2016-10-18 11:30:26 28 107 40 24 123 25 123 0 13 60</string>
    <string>2016-10-18 11:30:27 29 88 40 16 128 25 128 0 13 60</string>
    <string>2016-10-18 11:30:27 30 74 40 9 132 25 132 0 14 60</string>
    <string>2016-10-18 11:30:28 31 62 40 4 136 25 136 0 14 60</string>
    <string>2016-10-18 11:30:28 32 123 40 32 141 25 141 0 15 60</string>
    <string>2016-10-18 11:30:29 33 96 40 19 145 25 145 0 15 60</string>
    <string>2016-10-18 11:30:29 34 93 40 18 150 25 150 0 16 60</string>
    <string>2016-10-18 11:30:30 35 66 40 5 154 25 154 0 16 60</string>
    <string>2016-10-18 11:30:30 36 127 40 34 159 25 159 0 17 60</string>
    <string>2016-10-18 11:30:31 37 113 40 27 163 25 163 0 17 60</string>
    <string>2016-10-18 11:30:31 38 94 40 19 168 25 168 0 18 60</string>
    <string>2016-10-18 11:30:32 39 118 40 30 172 25 172 0 18 60</string>
    <string>2016-10-18 11:30:32 40 128 40 34 177 25 177 0 19 60</string>
    <string>2016-10-18 11:30:33 41 72 40 8 181 25 181 0 19 60</string>
    <string>2016-10-18 11:30:33 42 82 40 13 186 25 186 0 20 60</string>
    <string>2016-10-18 11:30:34 43 102 40 22 191 25 191 0 20 60</string>
    <string>2016-10-18 11:30:34 44 88 40 15 195 25 195 0 21 60</string>
    <string>2016-10-18 11:30:35 45 69 40 7 200 25 200 0 21 60</string>
    <string>2016-10-18 11:30:35 46 93 40 18 204 25 204 0 22 60</string>
    <string>2016-10-18 11:30:36 47 74 40 9 209 25 209 0 22 60</string>
    <string>2016-10-18 11:30:36 48 60 40 3 213 25 213 0 23 60</string>
    <string>2016-10-18 11:30:37 49 121 40 31 218 25 218 0 23 60</string>
    <string>2016-10-18 11:30:37 50 61 40 3 223 25 223 0 24 60</string>
  </Results>
</ServerData>