<?xml version="1.0"?>
<ServerData xmlns:xsi="http://www.w3.org/2001/XMLSchema-instance" xmlns:xsd="http://www.w3.org/2001/XMLSchema">
  <Name>ewaffewafwaefewa</Name>
  <Password>fewa</Password>
  <Doctor>false</Doctor>
  <Messages />
  <Results>
    <string>2016-10-18 02:18:59 1 10 40 2 0 25 0 0 0 60</string>
    <string>2016-10-18 02:19:00 2 93 40 210 3 25 3 0 0 60</string>
    <string>2016-10-18 02:19:00 3 77 40 109 8 25 8 0 0 60</string>
    <string>2016-10-18 02:19:01 4 63 40 20 12 25 12 0 1 60</string>
    <string>2016-10-18 02:19:01 5 111 40 321 17 25 17 0 1 60</string>
    <string>2016-10-18 02:19:02 6 77 40 107 21 25 21 0 2 60</string>
    <string>2016-10-18 02:19:02 7 122 40 392 25 25 25 0 2 60</string>
    <string>2016-10-18 02:19:03 8 111 40 320 29 25 29 0 3 60</string>
    <string>2016-10-18 02:19:03 9 135 40 469 32 25 32 0 3 60</string>
    <string>2016-10-18 02:19:04 10 116 40 353 36 25 36 0 4 60</string>
    <string>2016-10-18 02:19:04 11 82 40 139 40 25 40 0 4 60</string>
    <string>2016-10-18 02:19:05 12 70 40 66 44 25 44 0 5 60</string>
    <string>2016-10-18 02:19:05 13 123 40 395 48 25 48 0 5 60</string>
    <string>2016-10-18 02:19:06 14 81 40 137 53 25 53 0 6 60</string>
    <string>2016-10-18 02:19:06 15 105 40 287 57 25 57 0 6 60</string>
    <string>2016-10-18 02:19:07 16 87 40 170 62 25 62 0 7 60</string>
    <string>2016-10-18 02:19:07 17 111 40 320 66 25 66 0 7 60</string>
    <string>2016-10-18 02:19:08 18 92 40 204 71 25 71 0 8 60</string>
    <string>2016-10-18 02:19:08 19 73 40 87 76 25 76 0 8 60</string>
    <string>2016-10-18 02:19:09 20 139 40 498 80 25 80 0 9 60</string>
    <string>2016-10-18 02:19:09 21 107 40 299 85 25 85 0 9 60</string>
    <string>2016-10-18 02:19:10 22 93 40 211 89 25 89 0 10 60</string>
    <string>2016-10-18 02:19:10 23 77 40 110 94 25 94 0 10 60</string>
    <string>2016-10-18 02:19:11 24 92 40 200 98 25 98 0 11 60</string>
    <string>2016-10-18 02:19:11 25 60 40 2 103 25 103 0 11 60</string>
    <string>2016-10-18 02:19:12 26 126 40 413 107 25 107 0 12 60</string>
    <string>2016-10-18 02:19:12 27 65 40 36 112 25 112 0 12 60</string>
    <string>2016-10-18 02:19:13 28 131 40 446 116 25 116 0 13 60</string>
    <string>2016-10-18 02:19:13 29 112 40 329 121 25 121 0 13 60</string>
    <string>2016-10-18 02:19:14 30 114 40 338 125 25 125 0 14 60</string>
    <string>2016-10-18 02:19:14 31 133 40 460 130 25 130 0 14 60</string>
    <string>2016-10-18 02:19:15 32 119 40 371 134 25 134 0 15 60</string>
    <string>2016-10-18 02:19:15 33 87 40 173 139 25 139 0 15 60</string>
    <string>2016-10-18 02:19:16 34 73 40 85 143 25 143 0 16 60</string>
    <string>2016-10-18 02:19:16 35 74 40 93 147 25 147 0 16 60</string>
    <string>2016-10-18 02:19:17 36 136 40 476 152 25 152 0 17 60</string>
    <string>2016-10-18 02:19:17 37 75 40 99 157 25 157 0 17 60</string>
    <string>2016-10-18 02:19:18 38 61 40 10 161 25 161 0 18 60</string>
    <string>2016-10-18 02:19:18 39 122 40 393 166 25 166 0 18 60</string>
    <string>2016-10-18 02:19:19 40 104 40 276 171 25 171 0 19 60</string>
    <string>2016-10-18 02:19:19 41 128 40 426 175 25 175 0 19 60</string>
    <string>2016-10-18 02:19:20 42 109 40 309 180 25 180 0 20 60</string>
    <string>2016-10-18 02:19:20 43 110 40 318 184 25 184 0 20 60</string>
    <string>2016-10-18 02:19:21 44 112 40 327 188 25 188 0 21 60</string>
    <string>2016-10-18 02:19:21 45 131 40 449 193 25 193 0 21 60</string>
    <string>2016-10-18 02:19:22 46 66 40 40 197 25 197 0 22 60</string>
    <string>2016-10-18 02:19:22 47 114 40 341 202 25 202 0 22 60</string>
    <string>2016-10-18 02:19:23 48 95 40 224 207 25 207 0 23 60</string>
    <string>2016-10-18 02:19:23 49 119 40 374 211 25 211 0 23 60</string>
    <string>2016-10-18 02:19:24 50 101 40 258 216 25 216 0 24 60</string>
    <string>2016-10-18 02:19:24 51 87 40 169 220 25 220 0 24 60</string>
    <string>2016-10-18 02:19:25 52 68 40 53 225 25 225 0 25 60</string>
    <string>2016-10-18 02:19:25 53 129 40 435 230 25 230 0 25 60</string>
    <string>2016-10-18 02:19:26 54 102 40 265 234 25 234 0 26 60</string>
    <string>2016-10-18 02:19:26 55 83 40 148 239 25 239 0 26 60</string>
    <string>2016-10-18 02:19:27 56 136 40 477 243 25 243 0 27 60</string>
  </Results>
</ServerData>