<?xml version="1.0"?>
<ServerData xmlns:xsi="http://www.w3.org/2001/XMLSchema-instance" xmlns:xsd="http://www.w3.org/2001/XMLSchema">
  <Name>ewaffewa</Name>
  <Password>aewffewa</Password>
  <Doctor>false</Doctor>
  <Messages>
    <string>ewaffewa_2016-10-19 10:47:42  Dokter : xfdsfds</string>
  </Messages>
  <Results>
    <string>2016-10-19 10:47:34 1 10 40 2 0 25 0 0 0 60</string>
    <string>2016-10-19 10:47:34 2 80 40 127 3 25 3 0 0 60</string>
    <string>2016-10-19 10:47:35 3 77 40 108 8 25 8 0 0 60</string>
    <string>2016-10-19 10:47:35 4 62 40 19 12 25 12 0 1 60</string>
    <string>2016-10-19 10:47:36 5 124 40 401 17 25 17 0 1 60</string>
    <string>2016-10-19 10:47:36 6 105 40 285 22 25 22 0 2 60</string>
    <string>2016-10-19 10:47:37 7 129 40 435 26 25 26 0 2 60</string>
    <string>2016-10-19 10:47:37 8 95 40 221 30 25 30 0 3 60</string>
    <string>2016-10-19 10:47:38 9 76 40 104 35 25 35 0 3 60</string>
    <string>2016-10-19 10:47:38 10 129 40 433 39 25 39 0 4 60</string>
    <string>2016-10-19 10:47:39 11 97 40 235 44 25 44 0 4 60</string>
    <string>2016-10-19 10:47:39 12 83 40 146 48 25 48 0 5 60</string>
    <string>2016-10-19 10:47:40 13 64 40 30 53 25 53 0 5 60</string>
    <string>2016-10-19 10:47:40 14 104 40 277 57 25 57 0 6 60</string>
    <string>2016-10-19 10:47:41 15 134 40 465 61 25 61 0 6 60</string>
    <string>2016-10-19 10:47:41 16 135 40 473 65 25 65 0 7 60</string>
    <string>2016-10-19 10:47:42 17 104 40 275 70 25 70 0 7 60</string>
    <string>2016-10-19 10:47:42 18 89 40 187 74 25 74 0 8 60</string>
    <string>2016-10-19 10:47:43 19 109 40 308 79 25 79 0 8 60</string>
    <string>2016-10-19 10:47:43 20 90 40 192 84 25 84 0 9 60</string>
    <string>2016-10-19 10:47:44 21 63 40 22 88 25 88 0 9 60</string>
    <string>2016-10-19 10:47:44 22 124 40 404 93 25 93 0 10 60</string>
    <string>2016-10-19 10:47:45 23 110 40 316 97 25 97 0 10 60</string>
    <string>2016-10-19 10:47:45 24 91 40 199 102 25 102 0 11 60</string>
    <string>2016-10-19 10:47:46 25 64 40 29 106 25 106 0 11 60</string>
    <string>2016-10-19 10:47:46 26 125 40 411 111 25 111 0 12 60</string>
    <string>2016-10-19 10:47:47 27 69 40 62 115 25 115 0 12 60</string>
    <string>2016-10-19 10:47:47 28 131 40 445 120 25 120 0 13 60</string>
    <string>2016-10-19 10:47:48 29 112 40 328 125 25 125 0 13 60</string>
    <string>2016-10-19 10:47:48 30 136 40 478 129 25 129 0 14 60</string>
    <string>2016-10-19 10:47:49 31 117 40 361 134 25 134 0 14 60</string>
    <string>2016-10-19 10:47:49 32 103 40 273 138 25 138 0 15 60</string>
    <string>2016-10-19 10:47:50 33 71 40 74 143 25 143 0 15 60</string>
    <string>2016-10-19 10:47:50 34 137 40 485 147 25 147 0 16 60</string>
    <string>2016-10-19 10:47:51 35 118 40 368 152 25 152 0 16 60</string>
    <string>2016-10-19 10:47:51 36 87 40 170 157 25 157 0 17 60</string>
    <string>2016-10-19 10:47:52 37 104 40 276 161 25 161 0 17 60</string>
    <string>2016-10-19 10:47:52 38 121 40 383 165 25 165 0 18 60</string>
    <string>2016-10-19 10:47:53 39 138 40 489 169 25 169 0 18 60</string>
    <string>2016-10-19 10:47:53 40 88 40 177 173 25 173 0 19 60</string>
    <string>2016-10-19 10:47:54 41 127 40 424 177 25 177 0 19 60</string>
    <string>2016-10-19 10:47:54 42 124 40 405 182 25 182 0 20 60</string>
    <string>2016-10-19 10:47:55 43 110 40 317 186 25 186 0 20 60</string>
  </Results>
</ServerData>