<?xml version="1.0"?>
<ServerData xmlns:xsi="http://www.w3.org/2001/XMLSchema-instance" xmlns:xsd="http://www.w3.org/2001/XMLSchema">
  <Name>ewaffewafewa</Name>
  <Password>wfea</Password>
  <Doctor>false</Doctor>
  <Messages />
  <Results>
    <string>2016-10-12 02:39:28 1 10 40 2 0 25 0 0 0 60</string>
    <string>2016-10-12 02:39:28 2 108 40 25 4 25 4 0 0 60</string>
    <string>2016-10-12 02:39:29 3 127 40 34 9 25 9 0 1 60</string>
    <string>2016-10-12 02:39:29 4 113 40 27 13 25 13 0 1 60</string>
    <string>2016-10-12 02:39:30 5 95 40 19 18 25 18 0 2 60</string>
    <string>2016-10-12 02:39:30 6 119 40 30 22 25 22 0 2 60</string>
    <string>2016-10-12 02:39:31 7 100 40 21 27 25 27 0 3 60</string>
    <string>2016-10-12 02:39:31 8 86 40 15 31 25 31 0 3 60</string>
    <string>2016-10-12 02:39:32 9 67 40 6 36 25 36 0 4 60</string>
    <string>2016-10-12 02:39:32 10 87 40 15 41 25 41 0 4 60</string>
    <string>2016-10-12 02:39:33 11 72 40 8 45 25 45 0 4 60</string>
    <string>2016-10-12 02:39:33 12 134 40 37 50 25 50 0 5 60</string>
    <string>2016-10-12 02:39:34 13 78 40 11 54 25 54 0 5 60</string>
    <string>2016-10-12 02:39:34 14 139 40 39 59 25 59 0 6 60</string>
    <string>2016-10-12 02:39:35 15 120 40 31 64 25 64 0 6 60</string>
    <string>2016-10-12 02:39:35 16 106 40 24 68 25 68 0 7 60</string>
    <string>2016-10-12 02:39:36 17 126 40 33 73 25 73 0 7 60</string>
    <string>2016-10-12 02:39:36 18 111 40 26 77 25 77 0 8 60</string>
    <string>2016-10-12 02:39:37 20 117 40 29 86 25 86 0 9 60</string>
    <string>2016-10-12 02:39:37 21 98 40 20 91 25 91 0 9 60</string>
    <string>2016-10-12 02:39:38 22 79 40 12 96 25 96 0 10 60</string>
    <string>2016-10-12 02:39:38 23 65 40 5 100 25 100 0 10 60</string>
    <string>2016-10-12 02:39:39 24 85 40 14 105 25 105 0 11 60</string>
    <string>2016-10-12 02:39:39 25 70 40 8 109 25 109 0 11 60</string>
    <string>2016-10-12 02:39:40 26 132 40 36 114 25 114 0 12 60</string>
    <string>2016-10-12 02:39:40 27 76 40 10 118 25 118 0 12 60</string>
    <string>2016-10-12 02:39:41 28 70 40 7 123 25 123 0 13 60</string>
    <string>2016-10-12 02:39:41 29 90 40 16 128 25 128 0 13 60</string>
    <string>2016-10-12 02:39:42 30 76 40 10 132 25 132 0 14 60</string>
    <string>2016-10-12 02:39:42 31 137 40 38 137 25 137 0 14 60</string>
    <string>2016-10-12 02:39:43 32 118 40 30 142 25 142 0 15 60</string>
    <string>2016-10-12 02:39:43 33 62 40 4 146 25 146 0 15 60</string>
    <string>2016-10-12 02:39:44 34 124 40 32 151 25 151 0 16 60</string>
  </Results>
</ServerData>