<?xml version="1.0"?>
<ServerData xmlns:xsi="http://www.w3.org/2001/XMLSchema-instance" xmlns:xsd="http://www.w3.org/2001/XMLSchema">
  <Name>ewfewafewaf</Name>
  <Password>aewf</Password>
  <Doctor>false</Doctor>
  <Messages />
  <Results>
    <string>2016-10-12 01:42:36 2 94 40 18 4 25 4 0 0 60</string>
    <string>2016-10-12 01:42:36 2 94 40 18 4 25 4 0 0 60</string>
    <string>2016-10-12 01:42:37 3 95 40 19 8 25 8 0 0 60</string>
    <string>2016-10-12 01:42:37 4 128 40 34 13 25 13 0 1 60</string>
    <string>2016-10-12 01:42:38 5 114 40 28 17 25 17 0 1 60</string>
    <string>2016-10-12 01:42:38 6 111 40 26 22 25 22 0 2 60</string>
    <string>2016-10-12 01:42:39 7 92 40 18 27 25 27 0 2 60</string>
    <string>2016-10-12 01:42:39 8 116 40 29 31 25 31 0 3 60</string>
    <string>2016-10-12 01:42:47 13 71 40 8 43 25 43 0 7 60</string>
    <string>2016-10-12 01:42:47 13 71 40 8 43 25 43 0 7 60</string>
    <string>2016-10-12 01:42:47 14 65 40 5 46 25 46 0 7 60</string>
    <string>2016-10-12 01:42:48 15 62 40 4 50 25 50 0 8 60</string>
    <string>2016-10-12 01:42:48 16 86 40 15 54 25 54 0 8 60</string>
    <string>2016-10-12 01:42:49 17 88 40 16 58 25 58 0 9 60</string>
    <string>2016-10-12 01:42:49 18 113 40 27 63 25 63 0 9 60</string>
    <string>2016-10-12 01:42:50 19 137 40 38 67 25 67 0 10 60</string>
    <string>2016-10-12 01:42:50 20 87 40 15 71 25 71 0 10 60</string>
    <string>2016-10-12 01:42:51 21 136 40 38 76 25 76 0 11 60</string>
    <string>2016-10-12 01:42:51 22 108 40 25 80 25 80 0 11 60</string>
    <string>2016-10-12 01:42:52 23 74 40 9 84 25 84 0 12 60</string>
    <string>2016-10-12 01:42:52 24 135 40 38 89 25 89 0 12 60</string>
    <string>2016-10-12 01:42:53 25 139 40 39 93 25 93 0 13 60</string>
    <string>2016-10-12 01:42:53 26 121 40 31 97 25 97 0 13 60</string>
    <string>2016-10-12 01:42:54 27 98 40 20 99 25 99 0 13 60</string>
    <string>2016-10-12 01:42:56 27 98 40 20 99 25 99 0 13 60</string>
    <string>2016-10-12 01:42:56 28 98 40 20 102 25 102 0 15 60</string>
    <string>2016-10-12 01:42:57 29 84 40 14 105 25 105 0 15 60</string>
    <string>2016-10-12 01:42:57 30 101 40 22 109 25 109 0 15 60</string>
    <string>2016-10-12 01:42:58 31 103 40 22 113 25 113 0 16 60</string>
    <string>2016-10-12 01:42:58 32 64 40 5 118 25 118 0 16 60</string>
    <string>2016-10-12 01:42:59 33 88 40 16 122 25 122 0 17 60</string>
    <string>2016-10-12 01:42:59 34 120 40 31 126 25 126 0 17 60</string>
    <string>2016-10-12 01:43:00 35 86 40 15 130 25 130 0 18 60</string>
    <string>2016-10-12 01:43:00 36 68 40 6 135 25 135 0 18 60</string>
    <string>2016-10-12 01:43:01 37 92 40 17 139 25 139 0 19 60</string>
    <string>2016-10-12 01:43:01 38 73 40 9 144 25 144 0 19 60</string>
    <string>2016-10-12 01:43:02 39 103 40 23 148 25 148 0 20 60</string>
    <string>2016-10-12 01:43:02 40 63 40 4 152 25 152 0 20 60</string>
    <string>2016-10-12 01:43:03 41 124 40 32 157 25 157 0 21 60</string>
    <string>2016-10-12 01:43:03 42 110 40 26 161 25 161 0 21 60</string>
    <string>2016-10-12 01:43:04 43 62 40 4 166 25 166 0 22 60</string>
    <string>2016-10-12 01:43:04 44 124 40 32 171 25 171 0 22 60</string>
    <string>2016-10-12 01:43:05 45 96 40 20 175 25 175 0 23 60</string>
    <string>2016-10-12 01:43:05 46 78 40 11 180 25 180 0 23 60</string>
    <string>2016-10-12 01:43:06 47 102 40 22 184 25 184 0 24 60</string>
    <string>2016-10-12 01:43:06 48 83 40 13 189 25 189 0 24 60</string>
    <string>2016-10-12 01:43:07 49 136 40 38 193 25 193 0 25 60</string>
    <string>2016-10-12 01:43:07 50 117 40 29 198 25 198 0 25 60</string>
    <string>2016-10-12 01:43:08 51 90 40 16 202 25 202 0 26 60</string>
    <string>2016-10-12 01:43:08 52 100 40 21 207 25 207 0 26 60</string>
    <string>2016-10-12 01:43:09 53 72 40 8 211 25 211 0 27 60</string>
    <string>2016-10-12 01:43:09 54 134 40 37 216 25 216 0 27 60</string>
  </Results>
</ServerData>