<?xml version="1.0"?>
<ServerData xmlns:xsi="http://www.w3.org/2001/XMLSchema-instance" xmlns:xsd="http://www.w3.org/2001/XMLSchema">
  <Name>ewffewfewfew</Name>
  <Password>few</Password>
  <Doctor>false</Doctor>
  <Messages />
  <Results>
    <string>2016-10-18 12:24:02 1 10 40 2 0 25 0 0 0 60</string>
    <string>2016-10-18 12:24:02 2 80 40 12 4 25 4 0 0 60</string>
    <string>2016-10-18 12:24:03 3 62 40 4 9 25 9 0 1 60</string>
    <string>2016-10-18 12:24:03 4 86 40 15 13 25 13 0 1 60</string>
    <string>2016-10-18 12:24:04 5 67 40 6 18 25 18 0 2 60</string>
    <string>2016-10-18 12:24:04 6 91 40 17 22 25 22 0 2 60</string>
    <string>2016-10-18 12:24:05 7 72 40 8 27 25 27 0 2 60</string>
    <string>2016-10-18 12:24:05 8 138 40 39 31 25 31 0 3 60</string>
    <string>2016-10-18 12:24:06 9 119 40 30 36 25 36 0 3 60</string>
    <string>2016-10-18 12:24:06 10 101 40 22 41 25 41 0 4 60</string>
    <string>2016-10-18 12:24:07 11 125 40 33 45 25 45 0 4 60</string>
    <string>2016-10-18 12:24:07 12 106 40 24 50 25 50 0 5 60</string>
    <string>2016-10-18 12:24:08 13 130 40 35 54 25 54 0 5 60</string>
    <string>2016-10-18 12:24:08 14 111 40 27 59 25 59 0 6 60</string>
    <string>2016-10-18 12:24:09 15 97 40 20 63 25 63 0 6 60</string>
    <string>2016-10-18 12:24:09 16 65 40 5 68 25 68 0 7 60</string>
    <string>2016-10-18 12:24:10 17 131 40 36 72 25 72 0 7 60</string>
    <string>2016-10-18 12:24:10 18 113 40 27 77 25 77 0 8 60</string>
    <string>2016-10-18 12:24:11 19 94 40 18 82 25 82 0 8 60</string>
    <string>2016-10-18 12:24:11 20 118 40 29 86 25 86 0 9 60</string>
    <string>2016-10-18 12:24:12 21 99 40 21 91 25 91 0 9 60</string>
    <string>2016-10-18 12:24:12 22 123 40 32 95 25 95 0 10 60</string>
    <string>2016-10-18 12:24:13 23 105 40 23 100 25 100 0 10 60</string>
    <string>2016-10-18 12:24:13 24 90 40 17 104 25 104 0 11 60</string>
    <string>2016-10-18 12:24:14 25 72 40 8 109 25 109 0 11 60</string>
    <string>2016-10-18 12:24:14 26 133 40 36 114 25 114 0 12 60</string>
    <string>2016-10-18 12:24:15 27 77 40 11 118 25 118 0 12 60</string>
    <string>2016-10-18 12:24:15 28 87 40 15 123 25 123 0 13 60</string>
    <string>2016-10-18 12:24:16 29 111 40 26 127 25 127 0 13 60</string>
    <string>2016-10-18 12:24:16 30 92 40 18 132 25 132 0 14 60</string>
    <string>2016-10-18 12:24:17 31 116 40 29 136 25 136 0 14 60</string>
    <string>2016-10-18 12:24:17 32 98 40 20 141 25 141 0 15 60</string>
    <string>2016-10-18 12:24:18 33 79 40 11 146 25 146 0 15 60</string>
    <string>2016-10-18 12:24:18 34 65 40 5 150 25 150 0 16 60</string>
    <string>2016-10-18 12:24:19 35 126 40 33 155 25 155 0 16 60</string>
    <string>2016-10-18 12:24:19 36 70 40 7 159 25 159 0 17 60</string>
    <string>2016-10-18 12:24:20 37 131 40 36 164 25 164 0 17 60</string>
    <string>2016-10-18 12:24:20 38 75 40 10 168 25 168 0 18 60</string>
    <string>2016-10-18 12:24:21 39 137 40 38 173 25 173 0 18 60</string>
    <string>2016-10-18 12:24:21 40 118 40 30 178 25 178 0 19 60</string>
    <string>2016-10-18 12:24:22 41 104 40 23 182 25 182 0 19 60</string>
    <string>2016-10-18 12:24:22 42 85 40 14 187 25 187 0 20 60</string>
    <string>2016-10-18 12:24:23 43 109 40 25 191 25 191 0 20 60</string>
    <string>2016-10-18 12:24:23 44 90 40 17 196 25 196 0 21 60</string>
    <string>2016-10-18 12:24:24 45 114 40 28 200 25 200 0 21 60</string>
    <string>2016-10-18 12:24:24 46 96 40 19 205 25 205 0 22 60</string>
    <string>2016-10-18 12:24:25 47 77 40 11 210 25 210 0 22 60</string>
    <string>2016-10-18 12:24:25 48 63 40 4 214 25 214 0 23 60</string>
    <string>2016-10-18 12:24:26 49 124 40 32 219 25 219 0 23 60</string>
    <string>2016-10-18 12:24:26 50 68 40 7 223 25 223 0 24 60</string>
    <string>2016-10-18 12:24:27 51 130 40 35 228 25 228 0 24 60</string>
    <string>2016-10-18 12:24:27 52 74 40 9 232 25 232 0 25 60</string>
    <string>2016-10-18 12:24:28 53 135 40 37 237 25 237 0 25 60</string>
    <string>2016-10-18 12:24:28 54 116 40 29 242 25 242 0 26 60</string>
    <string>2016-10-18 12:24:29 55 102 40 22 246 25 246 0 26 60</string>
    <string>2016-10-18 12:24:29 56 83 40 14 251 25 251 0 27 60</string>
    <string>2016-10-18 12:24:30 57 107 40 25 255 25 255 0 27 60</string>
    <string>2016-10-18 12:24:30 58 89 40 16 260 25 260 0 28 60</string>
    <string>2016-10-18 12:24:31 59 113 40 27 264 25 264 0 28 60</string>
    <string>2016-10-18 12:24:31 60 94 40 18 269 25 269 0 29 60</string>
    <string>2016-10-18 12:24:32 61 75 40 10 274 25 274 0 29 60</string>
    <string>2016-10-18 12:24:32 62 61 40 3 278 25 278 0 30 60</string>
    <string>2016-10-18 12:24:33 63 122 40 32 283 25 283 0 30 60</string>
    <string>2016-10-18 12:24:33 64 66 40 6 287 25 287 0 31 60</string>
    <string>2016-10-18 12:24:34 65 128 40 34 292 25 292 0 31 60</string>
    <string>2016-10-18 12:24:34 66 109 40 25 297 25 297 0 32 60</string>
    <string>2016-10-18 12:24:35 67 133 40 37 301 25 301 0 32 60</string>
    <string>2016-10-18 12:24:35 68 114 40 28 306 25 306 0 33 60</string>
    <string>2016-10-18 12:24:36 69 100 40 21 310 25 310 0 33 60</string>
    <string>2016-10-18 12:24:36 70 82 40 13 315 25 315 0 34 60</string>
    <string>2016-10-18 12:24:37 71 105 40 24 319 25 319 0 34 60</string>
    <string>2016-10-18 12:24:37 72 87 40 15 324 25 324 0 35 60</string>
    <string>2016-10-18 12:24:38 73 68 40 7 329 25 329 0 35 60</string>
    <string>2016-10-18 12:24:38 74 92 40 18 333 25 333 0 36 60</string>
    <string>2016-10-18 12:24:39 75 73 40 9 338 25 338 0 36 60</string>
    <string>2016-10-18 12:24:39 76 139 40 39 342 25 342 0 37 60</string>
    <string>2016-10-18 12:24:40 77 121 40 31 347 25 347 0 37 60</string>
    <string>2016-10-18 12:24:40 78 65 40 5 351 25 351 0 38 60</string>
    <string>2016-10-18 12:24:41 79 126 40 33 356 25 356 0 38 60</string>
    <string>2016-10-18 12:24:41 80 107 40 25 361 25 361 0 39 60</string>
    <string>2016-10-18 12:24:42 81 131 40 36 365 25 365 0 39 60</string>
    <string>2016-10-18 12:24:42 82 113 40 27 370 25 370 0 40 60</string>
    <string>2016-10-18 12:24:43 83 98 40 20 374 25 374 0 40 60</string>
    <string>2016-10-18 12:24:43 84 80 40 12 379 25 379 0 41 60</string>
    <string>2016-10-18 12:24:44 85 104 40 23 383 25 383 0 41 60</string>
    <string>2016-10-18 12:24:44 86 85 40 14 388 25 388 0 42 60</string>
    <string>2016-10-18 12:24:45 87 66 40 6 393 25 393 0 42 60</string>
    <string>2016-10-18 12:24:45 88 90 40 17 397 25 397 0 43 60</string>
    <string>2016-10-18 12:24:46 89 72 40 8 402 25 402 0 43 60</string>
    <string>2016-10-18 12:24:46 90 137 40 39 406 25 406 0 44 60</string>
    <string>2016-10-18 12:24:47 91 119 40 30 411 25 411 0 44 60</string>
    <string>2016-10-18 12:24:47 92 63 40 4 415 25 415 0 45 60</string>
    <string>2016-10-18 12:24:48 93 124 40 32 420 25 420 0 45 60</string>
    <string>2016-10-18 12:24:48 94 105 40 24 425 25 425 0 46 60</string>
    <string>2016-10-18 12:24:49 95 129 40 35 429 25 429 0 46 60</string>
    <string>2016-10-18 12:24:49 96 111 40 26 434 25 434 0 47 60</string>
    <string>2016-10-18 12:24:50 97 97 40 20 438 25 438 0 47 60</string>
    <string>2016-10-18 12:24:50 98 78 40 11 443 25 443 0 48 60</string>
    <string>2016-10-18 12:24:51 99 97 40 20 448 25 448 0 48 60</string>
    <string>2016-10-18 12:24:51 100 83 40 13 452 25 452 0 49 60</string>
    <string>2016-10-18 12:24:52 101 65 40 5 457 25 457 0 49 60</string>
    <string>2016-10-18 12:24:52 102 89 40 16 461 25 461 0 50 60</string>
    <string>2016-10-18 12:24:53 103 70 40 7 466 25 466 0 50 60</string>
    <string>2016-10-18 12:24:53 104 136 40 38 470 25 470 0 51 60</string>
    <string>2016-10-18 12:24:54 105 117 40 29 475 25 475 0 51 60</string>
    <string>2016-10-18 12:24:54 106 136 40 38 480 25 480 0 52 60</string>
    <string>2016-10-18 12:24:55 107 122 40 32 484 25 484 0 52 60</string>
    <string>2016-10-18 12:24:55 108 104 40 23 489 25 489 0 53 60</string>
    <string>2016-10-18 12:24:56 109 128 40 34 493 25 493 0 53 60</string>
    <string>2016-10-18 12:24:56 110 109 40 25 498 25 498 0 54 60</string>
    <string>2016-10-18 12:24:57 111 95 40 19 502 25 502 0 54 60</string>
    <string>2016-10-18 12:24:57 112 76 40 10 507 25 507 0 55 60</string>
    <string>2016-10-18 12:24:58 113 96 40 19 512 25 512 0 55 60</string>
    <string>2016-10-18 12:24:58 114 81 40 13 516 25 516 0 56 60</string>
    <string>2016-10-18 12:24:59 115 63 40 4 521 25 521 0 56 60</string>
    <string>2016-10-18 12:24:59 116 87 40 15 525 25 525 0 57 60</string>
    <string>2016-10-18 12:25:00 117 68 40 6 530 25 530 0 57 60</string>
    <string>2016-10-18 12:25:00 118 134 40 37 534 25 534 0 58 60</string>
    <string>2016-10-18 12:25:01 119 115 40 28 539 25 539 0 58 60</string>
    <string>2016-10-18 12:25:01 120 135 40 37 544 25 544 0 59 60</string>
    <string>2016-10-18 12:25:02 121 120 40 31 548 25 548 0 59 60</string>
    <string>2016-10-18 12:25:02 122 102 40 22 553 25 553 1 0 60</string>
    <string>2016-10-18 12:25:03 123 126 40 33 557 25 557 1 0 60</string>
    <string>2016-10-18 12:25:03 124 107 40 25 562 25 562 1 1 60</string>
    <string>2016-10-18 12:25:04 125 93 40 18 566 25 566 1 1 60</string>
    <string>2016-10-18 12:25:04 126 74 40 9 571 25 571 1 2 60</string>
    <string>2016-10-18 12:25:05 127 94 40 18 576 25 576 1 2 60</string>
    <string>2016-10-18 12:25:05 128 80 40 12 580 25 580 1 3 60</string>
    <string>2016-10-18 12:25:06 129 61 40 3 585 25 585 1 3 60</string>
    <string>2016-10-18 12:25:06 130 85 40 14 589 25 589 1 4 60</string>
    <string>2016-10-18 12:25:07 131 66 40 6 594 25 594 1 4 60</string>
    <string>2016-10-18 12:25:07 132 132 40 36 598 25 598 1 5 60</string>
    <string>2016-10-18 12:25:08 133 113 40 27 603 25 603 1 5 60</string>
    <string>2016-10-18 12:25:08 134 133 40 36 608 25 608 1 6 60</string>
    <string>2016-10-18 12:25:09 135 119 40 30 612 25 612 1 6 60</string>
    <string>2016-10-18 12:25:09 136 100 40 21 617 25 617 1 7 60</string>
    <string>2016-10-18 12:25:10 137 124 40 32 621 25 621 1 7 60</string>
    <string>2016-10-18 12:25:10 138 105 40 24 626 25 626 1 8 60</string>
    <string>2016-10-18 12:25:11 139 91 40 17 630 25 630 1 8 60</string>
    <string>2016-10-18 12:25:11 140 72 40 8 635 25 635 1 9 60</string>
    <string>2016-10-18 12:25:12 141 92 40 17 640 25 640 1 9 60</string>
    <string>2016-10-18 12:25:12 142 78 40 11 644 25 644 1 10 60</string>
    <string>2016-10-18 12:25:13 143 139 40 39 649 25 649 1 10 60</string>
    <string>2016-10-18 12:25:13 144 83 40 13 653 25 653 1 11 60</string>
    <string>2016-10-18 12:25:14 145 64 40 5 658 25 658 1 11 60</string>
    <string>2016-10-18 12:25:14 146 130 40 35 662 25 662 1 12 60</string>
    <string>2016-10-18 12:25:15 147 111 40 27 667 25 667 1 12 60</string>
    <string>2016-10-18 12:25:15 148 131 40 36 672 25 672 1 13 60</string>
    <string>2016-10-18 12:25:16 149 117 40 29 676 25 676 1 13 60</string>
    <string>2016-10-18 12:25:16 150 98 40 20 681 25 681 1 14 60</string>
    <string>2016-10-18 12:25:17 151 122 40 31 685 25 685 1 14 60</string>
    <string>2016-10-18 12:25:17 152 103 40 23 690 25 690 1 15 60</string>
    <string>2016-10-18 12:25:18 153 85 40 14 695 25 695 1 15 60</string>
    <string>2016-10-18 12:25:18 154 71 40 8 699 25 699 1 16 60</string>
    <string>2016-10-18 12:25:19 155 90 40 17 704 25 704 1 16 60</string>
    <string>2016-10-18 12:25:19 156 76 40 10 708 25 708 1 17 60</string>
    <string>2016-10-18 12:25:20 157 137 40 38 713 25 713 1 17 60</string>
    <string>2016-10-18 12:25:20 158 81 40 13 717 25 717 1 18 60</string>
    <string>2016-10-18 12:25:21 159 63 40 4 722 25 722 1 18 60</string>
    <string>2016-10-18 12:25:21 160 124 40 32 727 25 727 1 19 60</string>
    <string>2016-10-18 12:25:22 161 110 40 26 731 25 731 1 19 60</string>
    <string>2016-10-18 12:25:22 162 129 40 35 736 25 736 1 20 60</string>
    <string>2016-10-18 12:25:23 163 115 40 28 740 25 740 1 20 60</string>
    <string>2016-10-18 12:25:23 164 96 40 20 745 25 745 1 21 60</string>
    <string>2016-10-18 12:25:24 165 120 40 31 749 25 749 1 21 60</string>
    <string>2016-10-18 12:25:24 166 102 40 22 754 25 754 1 22 60</string>
    <string>2016-10-18 12:25:25 167 83 40 13 759 25 759 1 22 60</string>
    <string>2016-10-18 12:25:25 168 69 40 7 763 25 763 1 23 60</string>
    <string>2016-10-18 12:25:26 169 88 40 16 768 25 768 1 23 60</string>
    <string>2016-10-18 12:25:26 170 74 40 9 772 25 772 1 24 60</string>
    <string>2016-10-18 12:25:27 171 135 40 38 777 25 777 1 24 60</string>
    <string>2016-10-18 12:25:27 172 79 40 12 781 25 781 1 25 60</string>
    <string>2016-10-18 12:25:28 173 61 40 3 786 25 786 1 25 60</string>
    <string>2016-10-18 12:25:28 174 122 40 31 791 25 791 1 26 60</string>
    <string>2016-10-18 12:25:29 175 108 40 25 795 25 795 1 26 60</string>
    <string>2016-10-18 12:25:29 176 127 40 34 800 25 800 1 27 60</string>
    <string>2016-10-18 12:25:30 177 113 40 27 804 25 804 1 27 60</string>
    <string>2016-10-18 12:25:30 178 94 40 19 809 25 809 1 28 60</string>
    <string>2016-10-18 12:25:31 179 118 40 30 813 25 813 1 28 60</string>
    <string>2016-10-18 12:25:31 180 100 40 21 818 25 818 1 29 60</string>
    <string>2016-10-18 12:25:32 181 81 40 13 823 25 823 1 29 60</string>
    <string>2016-10-18 12:25:32 182 67 40 6 827 25 827 1 30 60</string>
    <string>2016-10-18 12:25:33 183 86 40 15 832 25 832 1 30 60</string>
    <string>2016-10-18 12:25:33 184 72 40 8 836 25 836 1 31 60</string>
    <string>2016-10-18 12:25:34 185 134 40 37 841 25 841 1 31 60</string>
    <string>2016-10-18 12:25:34 186 78 40 11 845 25 845 1 32 60</string>
    <string>2016-10-18 12:25:35 187 139 40 39 850 25 850 1 32 60</string>
    <string>2016-10-18 12:25:35 188 120 40 31 855 25 855 1 33 60</string>
    <string>2016-10-18 12:25:36 189 106 40 24 859 25 859 1 33 60</string>
    <string>2016-10-18 12:25:36 190 126 40 33 864 25 864 1 34 60</string>
    <string>2016-10-18 12:25:37 191 111 40 26 868 25 868 1 34 60</string>
    <string>2016-10-18 12:25:37 192 93 40 18 873 25 873 1 35 60</string>
    <string>2016-10-18 12:25:38 193 117 40 29 877 25 877 1 35 60</string>
    <string>2016-10-18 12:25:38 194 98 40 20 882 25 882 1 36 60</string>
    <string>2016-10-18 12:25:39 195 79 40 12 887 25 887 1 36 60</string>
    <string>2016-10-18 12:25:39 196 65 40 5 891 25 891 1 37 60</string>
    <string>2016-10-18 12:25:40 197 85 40 14 896 25 896 1 37 60</string>
    <string>2016-10-18 12:25:40 198 70 40 8 900 25 900 1 38 60</string>
    <string>2016-10-18 12:25:41 199 132 40 36 905 25 905 1 38 60</string>
    <string>2016-10-18 12:25:41 200 76 40 10 909 25 909 1 39 60</string>
    <string>2016-10-18 12:25:42 201 137 40 38 914 25 914 1 39 60</string>
    <string>2016-10-18 12:25:42 202 118 40 30 919 25 919 1 40 60</string>
    <string>2016-10-18 12:25:43 203 104 40 23 923 25 923 1 40 60</string>
    <string>2016-10-18 12:25:43 204 124 40 32 928 25 928 1 41 60</string>
    <string>2016-10-18 12:25:44 205 110 40 26 932 25 932 1 41 60</string>
    <string>2016-10-18 12:25:44 206 91 40 17 937 25 937 1 42 60</string>
    <string>2016-10-18 12:25:45 207 72 40 8 942 25 942 1 42 60</string>
    <string>2016-10-18 12:25:45 208 96 40 19 946 25 946 1 43 60</string>
    <string>2016-10-18 12:25:46 209 77 40 11 951 25 951 1 43 60</string>
    <string>2016-10-18 12:25:46 210 63 40 4 955 25 955 1 44 60</string>
    <string>2016-10-18 12:25:47 211 83 40 13 960 25 960 1 44 60</string>
    <string>2016-10-18 12:25:47 212 69 40 7 964 25 964 1 45 60</string>
    <string>2016-10-18 12:25:48 213 130 40 35 969 25 969 1 45 60</string>
    <string>2016-10-18 12:25:48 214 111 40 26 974 25 974 1 46 60</string>
    <string>2016-10-18 12:25:49 215 135 40 38 978 25 978 1 46 60</string>
    <string>2016-10-18 12:25:49 216 117 40 29 983 25 983 1 47 60</string>
    <string>2016-10-18 12:25:50 217 102 40 22 987 25 987 1 47 60</string>
    <string>2016-10-18 12:25:50 218 122 40 31 992 25 992 1 48 60</string>
    <string>2016-10-18 12:25:51 219 108 40 25 996 25 996 1 48 60</string>
    <string>2016-10-18 12:25:51 220 89 40 16 1001 25 1001 1 49 60</string>
    <string>2016-10-18 12:25:52 221 70 40 8 1006 25 1006 1 49 60</string>
    <string>2016-10-18 12:25:52 222 94 40 19 1010 25 1010 1 50 60</string>
    <string>2016-10-18 12:25:53 223 76 40 10 1015 25 1015 1 50 60</string>
    <string>2016-10-18 12:25:53 224 61 40 3 1019 25 1019 1 51 60</string>
    <string>2016-10-18 12:25:54 225 81 40 12 1024 25 1024 1 51 60</string>
    <string>2016-10-18 12:25:54 226 62 40 4 1029 25 1029 1 52 60</string>
  </Results>
</ServerData>