<?xml version="1.0"?>
<ServerData xmlns:xsi="http://www.w3.org/2001/XMLSchema-instance" xmlns:xsd="http://www.w3.org/2001/XMLSchema">
  <Name>ewfwafewafeawfwaf</Name>
  <Password>weafewa</Password>
  <Doctor>false</Doctor>
  <Messages />
  <Results>
    <string>2016-10-18 11:44:01 1 10 40 2 0 25 0 0 0 60</string>
    <string>2016-10-18 11:44:02 2 114 40 28 4 25 4 0 0 60</string>
    <string>2016-10-18 11:44:02 3 83 40 13 9 25 9 0 1 60</string>
    <string>2016-10-18 11:44:03 4 69 40 7 13 25 13 0 1 60</string>
    <string>2016-10-18 11:44:03 5 130 40 35 18 25 18 0 2 60</string>
    <string>2016-10-18 11:44:04 6 74 40 9 22 25 22 0 2 60</string>
    <string>2016-10-18 11:44:04 7 135 40 37 27 25 27 0 3 60</string>
    <string>2016-10-18 11:44:05 8 117 40 29 32 25 32 0 3 60</string>
    <string>2016-10-18 11:44:05 9 60 40 3 36 25 36 0 3 60</string>
    <string>2016-10-18 11:44:06 10 122 40 31 41 25 41 0 4 60</string>
    <string>2016-10-18 11:44:06 11 108 40 25 45 25 45 0 4 60</string>
    <string>2016-10-18 11:44:07 12 89 40 16 50 25 50 0 5 60</string>
    <string>2016-10-18 11:44:07 13 113 40 27 54 25 54 0 5 60</string>
    <string>2016-10-18 11:44:08 14 94 40 19 59 25 59 0 6 60</string>
    <string>2016-10-18 11:44:08 15 76 40 10 64 25 64 0 6 60</string>
    <string>2016-10-18 11:44:09 16 100 40 21 68 25 68 0 7 60</string>
    <string>2016-10-18 11:44:09 17 81 40 12 73 25 73 0 7 60</string>
    <string>2016-10-18 11:44:10 18 67 40 6 77 25 77 0 8 60</string>
    <string>2016-10-18 11:44:10 19 115 40 28 82 25 82 0 8 60</string>
    <string>2016-10-18 11:44:11 20 101 40 22 86 25 86 0 9 60</string>
    <string>2016-10-18 11:44:11 21 82 40 13 91 25 91 0 9 60</string>
    <string>2016-10-18 11:44:12 22 106 40 24 95 25 95 0 10 60</string>
    <string>2016-10-18 11:44:12 23 87 40 15 100 25 100 0 10 60</string>
    <string>2016-10-18 11:44:13 24 69 40 7 105 25 105 0 11 60</string>
    <string>2016-10-18 11:44:13 25 93 40 18 109 25 109 0 11 60</string>
    <string>2016-10-18 11:44:14 26 74 40 9 114 25 114 0 12 60</string>
    <string>2016-10-18 11:44:14 27 60 40 3 118 25 118 0 12 60</string>
    <string>2016-10-18 11:44:15 28 121 40 31 123 25 123 0 13 60</string>
    <string>2016-10-18 11:44:15 29 65 40 5 127 25 127 0 13 60</string>
    <string>2016-10-18 11:44:16 30 126 40 33 132 25 132 0 14 60</string>
    <string>2016-10-18 11:44:16 31 108 40 25 137 25 137 0 14 60</string>
    <string>2016-10-18 11:44:17 32 132 40 36 141 25 141 0 15 60</string>
    <string>2016-10-18 11:44:17 33 113 40 27 146 25 146 0 15 60</string>
    <string>2016-10-18 11:44:18 34 99 40 21 150 25 150 0 16 60</string>
    <string>2016-10-18 11:44:18 35 80 40 12 155 25 155 0 16 60</string>
    <string>2016-10-18 11:44:19 36 104 40 23 159 25 159 0 17 60</string>
    <string>2016-10-18 11:44:19 37 86 40 15 164 25 164 0 17 60</string>
    <string>2016-10-18 11:44:20 38 67 40 6 169 25 169 0 18 60</string>
    <string>2016-10-18 11:44:20 39 91 40 17 173 25 173 0 18 60</string>
    <string>2016-10-18 11:44:21 40 72 40 8 178 25 178 0 19 60</string>
    <string>2016-10-18 11:44:21 41 138 40 39 182 25 182 0 19 60</string>
    <string>2016-10-18 11:44:22 42 119 40 30 187 25 187 0 20 60</string>
    <string>2016-10-18 11:44:22 43 139 40 39 192 25 192 0 20 60</string>
    <string>2016-10-18 11:44:23 44 125 40 33 196 25 196 0 21 60</string>
    <string>2016-10-18 11:44:23 45 106 40 24 201 25 201 0 21 60</string>
    <string>2016-10-18 11:44:24 46 130 40 35 205 25 205 0 22 60</string>
    <string>2016-10-18 11:44:24 47 111 40 26 210 25 210 0 22 60</string>
    <string>2016-10-18 11:44:25 48 97 40 20 214 25 214 0 23 60</string>
    <string>2016-10-18 11:44:25 49 78 40 11 219 25 219 0 23 60</string>
    <string>2016-10-18 11:44:26 50 98 40 20 224 25 224 0 24 60</string>
    <string>2016-10-18 11:44:26 51 84 40 14 228 25 228 0 24 60</string>
    <string>2016-10-18 11:44:27 52 65 40 5 233 25 233 0 25 60</string>
    <string>2016-10-18 11:44:27 53 89 40 16 237 25 237 0 25 60</string>
    <string>2016-10-18 11:44:28 54 70 40 8 242 25 242 0 26 60</string>
    <string>2016-10-18 11:44:28 55 136 40 38 246 25 246 0 26 60</string>
    <string>2016-10-18 11:44:29 56 117 40 29 251 25 251 0 27 60</string>
    <string>2016-10-18 11:44:29 57 137 40 38 256 25 256 0 27 60</string>
    <string>2016-10-18 11:44:30 58 123 40 32 260 25 260 0 28 60</string>
    <string>2016-10-18 11:44:30 59 104 40 23 265 25 265 0 28 60</string>
    <string>2016-10-18 11:44:31 60 128 40 34 269 25 269 0 29 60</string>
    <string>2016-10-18 11:44:31 61 109 40 26 274 25 274 0 29 60</string>
    <string>2016-10-18 11:44:32 62 95 40 19 278 25 278 0 30 60</string>
    <string>2016-10-18 11:44:32 63 77 40 10 283 25 283 0 30 60</string>
    <string>2016-10-18 11:44:33 64 96 40 19 288 25 288 0 31 60</string>
    <string>2016-10-18 11:44:33 65 82 40 13 292 25 292 0 31 60</string>
    <string>2016-10-18 11:44:34 66 63 40 4 297 25 297 0 32 60</string>
    <string>2016-10-18 11:44:34 67 87 40 15 301 25 301 0 32 60</string>
    <string>2016-10-18 11:44:35 68 69 40 7 306 25 306 0 33 60</string>
    <string>2016-10-18 11:44:35 69 134 40 37 310 25 310 0 33 60</string>
    <string>2016-10-18 11:44:36 70 116 40 28 315 25 315 0 34 60</string>
    <string>2016-10-18 11:44:36 71 135 40 38 320 25 320 0 34 60</string>
    <string>2016-10-18 11:44:37 72 121 40 31 324 25 324 0 35 60</string>
    <string>2016-10-18 11:44:37 73 102 40 22 329 25 329 0 35 60</string>
    <string>2016-10-18 11:44:38 74 126 40 33 333 25 333 0 36 60</string>
    <string>2016-10-18 11:44:38 75 108 40 25 338 25 338 0 36 60</string>
    <string>2016-10-18 11:44:39 76 93 40 18 342 25 342 0 37 60</string>
    <string>2016-10-18 11:44:39 77 75 40 10 347 25 347 0 37 60</string>
    <string>2016-10-18 11:44:40 78 94 40 19 352 25 352 0 38 60</string>
    <string>2016-10-18 11:44:40 79 80 40 12 356 25 356 0 38 60</string>
    <string>2016-10-18 11:44:41 80 61 40 3 361 25 361 0 39 60</string>
    <string>2016-10-18 11:44:41 81 85 40 14 365 25 365 0 39 60</string>
    <string>2016-10-18 11:44:42 82 67 40 6 370 25 370 0 40 60</string>
    <string>2016-10-18 11:44:42 83 133 40 36 374 25 374 0 40 60</string>
    <string>2016-10-18 11:44:43 84 114 40 28 379 25 379 0 41 60</string>
    <string>2016-10-18 11:44:43 85 133 40 37 384 25 384 0 41 60</string>
    <string>2016-10-18 11:44:44 86 119 40 30 388 25 388 0 42 60</string>
    <string>2016-10-18 11:44:44 87 100 40 21 393 25 393 0 42 60</string>
    <string>2016-10-18 11:44:45 88 124 40 33 397 25 397 0 43 60</string>
    <string>2016-10-18 11:44:45 89 106 40 24 402 25 402 0 43 60</string>
    <string>2016-10-18 11:44:46 90 87 40 15 407 25 407 0 44 60</string>
    <string>2016-10-18 11:44:46 91 73 40 9 411 25 411 0 44 60</string>
    <string>2016-10-18 11:44:47 92 92 40 18 416 25 416 0 45 60</string>
    <string>2016-10-18 11:44:47 93 78 40 11 420 25 420 0 45 60</string>
    <string>2016-10-18 11:44:48 94 60 40 3 425 25 425 0 46 60</string>
    <string>2016-10-18 11:44:48 95 84 40 14 429 25 429 0 46 60</string>
    <string>2016-10-18 11:44:49 96 65 40 5 434 25 434 0 47 60</string>
    <string>2016-10-18 11:44:49 97 126 40 33 439 25 439 0 47 60</string>
    <string>2016-10-18 11:44:50 98 112 40 27 443 25 443 0 48 60</string>
    <string>2016-10-18 11:44:50 99 132 40 36 448 25 448 0 48 60</string>
    <string>2016-10-18 11:44:51 100 89 40 16 452 25 452 0 49 60</string>
    <string>2016-10-18 11:44:51 101 70 40 7 457 25 457 0 49 60</string>
    <string>2016-10-18 11:44:52 102 131 40 36 462 25 462 0 50 60</string>
    <string>2016-10-18 11:44:52 103 117 40 29 466 25 466 0 50 60</string>
    <string>2016-10-18 11:44:53 104 137 40 38 471 25 471 0 51 60</string>
    <string>2016-10-18 11:44:53 105 122 40 32 475 25 475 0 51 60</string>
    <string>2016-10-18 11:44:54 106 104 40 23 480 25 480 0 52 60</string>
    <string>2016-10-18 11:44:54 107 128 40 34 484 25 484 0 52 60</string>
    <string>2016-10-18 11:44:55 108 109 40 25 489 25 489 0 53 60</string>
    <string>2016-10-18 11:44:55 109 90 40 17 494 25 494 0 53 60</string>
    <string>2016-10-18 11:44:56 110 76 40 10 498 25 498 0 54 60</string>
    <string>2016-10-18 11:44:56 111 96 40 19 503 25 503 0 54 60</string>
    <string>2016-10-18 11:44:57 112 81 40 13 507 25 507 0 55 60</string>
    <string>2016-10-18 11:44:57 113 63 40 4 512 25 512 0 55 60</string>
    <string>2016-10-18 11:44:58 114 87 40 15 516 25 516 0 56 60</string>
    <string>2016-10-18 11:44:58 115 68 40 6 521 25 521 0 56 60</string>
    <string>2016-10-18 11:44:59 116 129 40 35 526 25 526 0 57 60</string>
    <string>2016-10-18 11:44:59 117 115 40 28 530 25 530 0 57 60</string>
    <string>2016-10-18 11:45:00 118 135 40 37 535 25 535 0 58 60</string>
    <string>2016-10-18 11:45:00 119 121 40 31 539 25 539 0 58 60</string>
    <string>2016-10-18 11:45:01 120 102 40 22 544 25 544 0 59 60</string>
    <string>2016-10-18 11:45:01 121 126 40 33 548 25 548 0 59 60</string>
    <string>2016-10-18 11:45:02 122 107 40 25 553 25 553 1 0 60</string>
    <string>2016-10-18 11:45:02 123 89 40 16 558 25 558 1 0 60</string>
    <string>2016-10-18 11:45:03 124 74 40 9 562 25 562 1 1 60</string>
    <string>2016-10-18 11:45:03 125 94 40 18 567 25 567 1 1 60</string>
    <string>2016-10-18 11:45:04 126 80 40 12 571 25 571 1 2 60</string>
    <string>2016-10-18 11:45:04 127 61 40 3 576 25 576 1 2 60</string>
    <string>2016-10-18 11:45:05 128 85 40 14 580 25 580 1 3 60</string>
    <string>2016-10-18 11:45:05 129 66 40 6 585 25 585 1 3 60</string>
    <string>2016-10-18 11:45:06 130 128 40 34 590 25 590 1 4 60</string>
    <string>2016-10-18 11:45:06 131 113 40 27 594 25 594 1 4 60</string>
    <string>2016-10-18 11:45:07 132 133 40 36 599 25 599 1 5 60</string>
    <string>2016-10-18 11:45:07 133 119 40 30 603 25 603 1 5 60</string>
    <string>2016-10-18 11:45:08 134 100 40 21 608 25 608 1 6 60</string>
    <string>2016-10-18 11:45:08 135 81 40 13 613 25 613 1 6 60</string>
    <string>2016-10-18 11:45:09 136 105 40 24 617 25 617 1 7 60</string>
    <string>2016-10-18 11:45:09 137 87 40 15 622 25 622 1 7 60</string>
    <string>2016-10-18 11:45:10 138 73 40 9 626 25 626 1 8 60</string>
    <string>2016-10-18 11:45:10 139 92 40 18 631 25 631 1 8 60</string>
    <string>2016-10-18 11:45:11 140 78 40 11 635 25 635 1 9 60</string>
    <string>2016-10-18 11:45:11 141 139 40 39 640 25 640 1 9 60</string>
    <string>2016-10-18 11:45:12 142 121 40 31 645 25 645 1 10 60</string>
    <string>2016-10-18 11:45:12 143 64 40 5 649 25 649 1 10 60</string>
    <string>2016-10-18 11:45:13 144 126 40 33 654 25 654 1 11 60</string>
    <string>2016-10-18 11:45:13 145 112 40 27 658 25 658 1 11 60</string>
    <string>2016-10-18 11:45:14 146 131 40 36 663 25 663 1 12 60</string>
    <string>2016-10-18 11:45:14 147 117 40 29 667 25 667 1 12 60</string>
    <string>2016-10-18 11:45:15 148 98 40 20 672 25 672 1 13 60</string>
    <string>2016-10-18 11:45:15 149 80 40 12 677 25 677 1 13 60</string>
    <string>2016-10-18 11:45:16 150 104 40 23 681 25 681 1 14 60</string>
    <string>2016-10-18 11:45:16 151 85 40 14 686 25 686 1 14 60</string>
    <string>2016-10-18 11:45:17 152 71 40 8 690 25 690 1 15 60</string>
    <string>2016-10-18 11:45:17 153 90 40 17 695 25 695 1 15 60</string>
    <string>2016-10-18 11:45:18 154 76 40 10 699 25 699 1 16 60</string>
    <string>2016-10-18 11:45:18 155 137 40 39 704 25 704 1 16 60</string>
    <string>2016-10-18 11:45:19 156 119 40 30 709 25 709 1 17 60</string>
    <string>2016-10-18 11:45:19 157 63 40 4 713 25 713 1 17 60</string>
    <string>2016-10-18 11:45:20 158 124 40 32 718 25 718 1 18 60</string>
    <string>2016-10-18 11:45:20 159 110 40 26 722 25 722 1 18 60</string>
    <string>2016-10-18 11:45:21 160 129 40 35 727 25 727 1 19 60</string>
    <string>2016-10-18 11:45:21 161 115 40 28 731 25 731 1 19 60</string>
    <string>2016-10-18 11:45:22 162 96 40 20 736 25 736 1 20 60</string>
    <string>2016-10-18 11:45:22 163 78 40 11 741 25 741 1 20 60</string>
    <string>2016-10-18 11:45:23 164 102 40 22 745 25 745 1 21 60</string>
    <string>2016-10-18 11:45:23 165 83 40 13 750 25 750 1 21 60</string>
    <string>2016-10-18 11:45:24 166 69 40 7 754 25 754 1 22 60</string>
    <string>2016-10-18 11:45:24 167 88 40 16 759 25 759 1 22 60</string>
    <string>2016-10-18 11:45:25 168 103 40 23 763 25 763 1 23 60</string>
    <string>2016-10-18 11:45:25 169 122 40 32 768 25 768 1 23 60</string>
    <string>2016-10-18 11:45:26 170 108 40 25 772 25 772 1 24 60</string>
  </Results>
</ServerData>