<?xml version="1.0"?>
<ServerData xmlns:xsi="http://www.w3.org/2001/XMLSchema-instance" xmlns:xsd="http://www.w3.org/2001/XMLSchema">
  <Name>faewfweafewa</Name>
  <Password>fwea</Password>
  <Doctor>false</Doctor>
  <Messages />
  <Results>
    <string>2016-10-18 11:34:08 1 10 40 2 0 25 0 0 0 60</string>
    <string>2016-10-18 11:34:08 2 80 40 12 4 25 4 0 0 60</string>
    <string>2016-10-18 11:34:09 3 90 40 17 9 25 9 0 0 60</string>
    <string>2016-10-18 11:34:09 4 114 40 28 13 25 13 0 1 60</string>
    <string>2016-10-18 11:34:10 5 96 40 19 18 25 18 0 1 60</string>
    <string>2016-10-18 11:34:10 6 81 40 13 22 25 22 0 2 60</string>
    <string>2016-10-18 11:34:11 7 101 40 22 27 25 27 0 2 60</string>
    <string>2016-10-18 11:34:11 8 87 40 15 31 25 31 0 3 60</string>
    <string>2016-10-18 11:34:12 9 68 40 6 36 25 36 0 3 60</string>
    <string>2016-10-18 11:34:12 10 129 40 35 41 25 41 0 4 60</string>
    <string>2016-10-18 11:34:13 11 73 40 9 45 25 45 0 4 60</string>
    <string>2016-10-18 11:34:13 12 135 40 37 50 25 50 0 5 60</string>
    <string>2016-10-18 11:34:14 13 121 40 31 54 25 54 0 5 60</string>
    <string>2016-10-18 11:34:14 14 60 40 3 59 25 59 0 6 60</string>
    <string>2016-10-18 11:34:15 15 126 40 33 63 25 63 0 6 60</string>
    <string>2016-10-18 11:34:15 16 107 40 25 68 25 68 0 7 60</string>
    <string>2016-10-18 11:34:16 17 89 40 16 73 25 73 0 7 60</string>
    <string>2016-10-18 11:34:16 18 113 40 27 77 25 77 0 8 60</string>
    <string>2016-10-18 11:34:17 19 94 40 18 82 25 82 0 8 60</string>
    <string>2016-10-18 11:34:17 20 67 40 6 86 25 86 0 9 60</string>
    <string>2016-10-18 11:34:18 21 128 40 34 91 25 91 0 9 60</string>
    <string>2016-10-18 11:34:18 22 114 40 28 95 25 95 0 10 60</string>
    <string>2016-10-18 11:34:19 23 133 40 37 100 25 100 0 10 60</string>
    <string>2016-10-18 11:34:19 24 115 40 28 105 25 105 0 11 60</string>
    <string>2016-10-18 11:34:20 25 100 40 21 109 25 109 0 11 60</string>
    <string>2016-10-18 11:34:20 26 82 40 13 114 25 114 0 12 60</string>
    <string>2016-10-18 11:34:21 27 106 40 24 118 25 118 0 12 60</string>
    <string>2016-10-18 11:34:21 28 87 40 15 123 25 123 0 13 60</string>
    <string>2016-10-18 11:34:22 29 73 40 9 127 25 127 0 13 60</string>
    <string>2016-10-18 11:34:22 30 92 40 18 132 25 132 0 14 60</string>
    <string>2016-10-18 11:34:23 31 74 40 9 137 25 137 0 14 60</string>
    <string>2016-10-18 11:34:23 32 139 40 39 141 25 141 0 15 60</string>
    <string>2016-10-18 11:34:24 33 121 40 31 146 25 146 0 15 60</string>
    <string>2016-10-18 11:34:24 34 65 40 5 150 25 150 0 16 60</string>
    <string>2016-10-18 11:34:25 35 126 40 33 155 25 155 0 16 60</string>
    <string>2016-10-18 11:34:25 36 112 40 27 159 25 159 0 17 60</string>
    <string>2016-10-18 11:34:26 37 131 40 36 164 25 164 0 17 60</string>
    <string>2016-10-18 11:34:26 38 113 40 27 169 25 169 0 18 60</string>
    <string>2016-10-18 11:34:27 39 98 40 21 173 25 173 0 18 60</string>
    <string>2016-10-18 11:34:27 40 80 40 12 178 25 178 0 19 60</string>
    <string>2016-10-18 11:34:28 41 104 40 23 182 25 182 0 19 60</string>
    <string>2016-10-18 11:34:28 42 85 40 14 187 25 187 0 20 60</string>
    <string>2016-10-18 11:34:29 43 71 40 8 191 25 191 0 20 60</string>
    <string>2016-10-18 11:34:29 44 90 40 17 196 25 196 0 21 60</string>
    <string>2016-10-18 11:34:30 45 72 40 8 201 25 201 0 21 60</string>
    <string>2016-10-18 11:34:30 46 138 40 39 205 25 205 0 22 60</string>
    <string>2016-10-18 11:34:31 47 119 40 30 210 25 210 0 22 60</string>
    <string>2016-10-18 11:34:31 48 63 40 4 214 25 214 0 23 60</string>
    <string>2016-10-18 11:34:32 49 124 40 32 219 25 219 0 23 60</string>
    <string>2016-10-18 11:34:32 50 106 40 24 224 25 224 0 24 60</string>
    <string>2016-10-18 11:34:33 51 130 40 35 228 25 228 0 24 60</string>
    <string>2016-10-18 11:34:33 52 111 40 26 233 25 233 0 25 60</string>
    <string>2016-10-18 11:34:34 53 97 40 20 237 25 237 0 25 60</string>
    <string>2016-10-18 11:34:34 54 78 40 11 242 25 242 0 26 60</string>
    <string>2016-10-18 11:34:35 55 102 40 22 246 25 246 0 26 60</string>
    <string>2016-10-18 11:34:35 56 83 40 14 251 25 251 0 27 60</string>
    <string>2016-10-18 11:34:36 57 65 40 5 256 25 256 0 27 60</string>
    <string>2016-10-18 11:34:36 58 89 40 16 260 25 260 0 28 60</string>
    <string>2016-10-18 11:34:37 59 70 40 7 265 25 265 0 28 60</string>
    <string>2016-10-18 11:34:37 60 136 40 38 269 25 269 0 29 60</string>
    <string>2016-10-18 11:34:38 61 117 40 29 274 25 274 0 29 60</string>
    <string>2016-10-18 11:34:38 62 61 40 3 278 25 278 0 30 60</string>
    <string>2016-10-18 11:34:39 63 122 40 32 283 25 283 0 30 60</string>
    <string>2016-10-18 11:34:39 64 108 40 25 287 25 287 0 31 60</string>
    <string>2016-10-18 11:34:40 65 128 40 34 292 25 292 0 31 60</string>
    <string>2016-10-18 11:34:40 66 109 40 25 297 25 297 0 32 60</string>
    <string>2016-10-18 11:34:41 67 95 40 19 301 25 301 0 32 60</string>
    <string>2016-10-18 11:34:41 68 76 40 10 306 25 306 0 33 60</string>
    <string>2016-10-18 11:34:42 69 100 40 21 310 25 310 0 33 60</string>
    <string>2016-10-18 11:34:42 70 81 40 13 315 25 315 0 34 60</string>
    <string>2016-10-18 11:34:43 71 63 40 4 320 25 320 0 34 60</string>
    <string>2016-10-18 11:34:43 72 87 40 15 324 25 324 0 35 60</string>
    <string>2016-10-18 11:34:44 73 97 40 20 329 25 329 0 35 60</string>
    <string>2016-10-18 11:34:44 74 121 40 31 333 25 333 0 36 60</string>
    <string>2016-10-18 11:34:45 75 102 40 22 338 25 338 0 36 60</string>
    <string>2016-10-18 11:34:45 76 88 40 16 342 25 342 0 37 60</string>
    <string>2016-10-18 11:34:46 77 69 40 7 347 25 347 0 37 60</string>
    <string>2016-10-18 11:34:46 78 93 40 18 351 25 351 0 38 60</string>
    <string>2016-10-18 11:34:47 79 75 40 9 356 25 356 0 38 60</string>
    <string>2016-10-18 11:34:47 80 136 40 38 361 25 361 0 39 60</string>
    <string>2016-10-18 11:34:48 81 80 40 12 365 25 365 0 39 60</string>
    <string>2016-10-18 11:34:48 82 61 40 3 370 25 370 0 40 60</string>
    <string>2016-10-18 11:34:49 83 127 40 34 374 25 374 0 40 60</string>
    <string>2016-10-18 11:34:49 84 95 40 19 379 25 379 0 41 60</string>
    <string>2016-10-18 11:34:50 85 81 40 12 383 25 383 0 41 60</string>
    <string>2016-10-18 11:34:50 86 62 40 4 388 25 388 0 42 60</string>
    <string>2016-10-18 11:34:51 87 124 40 32 393 25 393 0 42 60</string>
    <string>2016-10-18 11:34:51 88 68 40 6 397 25 397 0 43 60</string>
    <string>2016-10-18 11:34:52 89 129 40 35 402 25 402 0 43 60</string>
    <string>2016-10-18 11:34:52 90 73 40 9 406 25 406 0 44 60</string>
    <string>2016-10-18 11:34:53 91 134 40 37 411 25 411 0 44 60</string>
    <string>2016-10-18 11:34:53 92 120 40 31 415 25 415 0 45 60</string>
    <string>2016-10-18 11:34:54 93 101 40 22 420 25 420 0 45 60</string>
    <string>2016-10-18 11:34:54 94 83 40 13 425 25 425 0 46 60</string>
    <string>2016-10-18 11:34:55 95 107 40 24 429 25 429 0 46 60</string>
    <string>2016-10-18 11:34:55 96 88 40 16 434 25 434 0 47 60</string>
    <string>2016-10-18 11:34:56 97 112 40 27 438 25 438 0 47 60</string>
    <string>2016-10-18 11:34:56 98 93 40 18 443 25 443 0 48 60</string>
    <string>2016-10-18 11:34:57 99 79 40 12 447 25 447 0 48 60</string>
    <string>2016-10-18 11:34:57 100 61 40 3 452 25 452 0 49 60</string>
    <string>2016-10-18 11:34:58 101 122 40 31 457 25 457 0 49 60</string>
    <string>2016-10-18 11:34:58 102 66 40 5 461 25 461 0 50 60</string>
    <string>2016-10-18 11:34:59 103 127 40 34 466 25 466 0 50 60</string>
    <string>2016-10-18 11:34:59 104 71 40 8 470 25 470 0 51 60</string>
    <string>2016-10-18 11:35:00 105 133 40 36 475 25 475 0 51 60</string>
    <string>2016-10-18 11:35:00 106 105 40 24 479 25 479 0 52 60</string>
    <string>2016-10-18 11:35:01 107 87 40 15 484 25 484 0 52 60</string>
    <string>2016-10-18 11:35:01 108 72 40 8 488 25 488 0 53 60</string>
    <string>2016-10-18 11:35:02 109 134 40 37 493 25 493 0 53 60</string>
    <string>2016-10-18 11:35:02 110 115 40 28 498 25 498 0 54 60</string>
    <string>2016-10-18 11:35:03 111 139 40 39 502 25 502 0 54 60</string>
    <string>2016-10-18 11:35:03 112 120 40 31 507 25 507 0 55 60</string>
    <string>2016-10-18 11:35:04 113 64 40 5 511 25 511 0 55 60</string>
    <string>2016-10-18 11:35:04 114 126 40 33 516 25 516 0 56 60</string>
    <string>2016-10-18 11:35:05 115 111 40 27 520 25 520 0 56 60</string>
    <string>2016-10-18 11:35:05 116 93 40 18 525 25 525 0 57 60</string>
    <string>2016-10-18 11:35:06 117 74 40 9 530 25 530 0 57 60</string>
    <string>2016-10-18 11:35:06 118 98 40 20 534 25 534 0 58 60</string>
    <string>2016-10-18 11:35:07 119 79 40 12 539 25 539 0 58 60</string>
    <string>2016-10-18 11:35:07 120 103 40 23 543 25 543 0 59 60</string>
    <string>2016-10-18 11:35:08 121 85 40 14 548 25 548 0 59 60</string>
    <string>2016-10-18 11:35:08 122 71 40 8 552 25 552 1 0 60</string>
    <string>2016-10-18 11:35:09 123 132 40 36 557 25 557 1 0 60</string>
    <string>2016-10-18 11:35:09 124 113 40 27 562 25 562 1 1 60</string>
    <string>2016-10-18 11:35:10 125 86 40 15 566 25 566 1 1 60</string>
    <string>2016-10-18 11:35:10 126 67 40 6 571 25 571 1 2 60</string>
    <string>2016-10-18 11:35:11 127 91 40 17 575 25 575 1 2 60</string>
    <string>2016-10-18 11:35:11 128 73 40 9 580 25 580 1 3 60</string>
    <string>2016-10-18 11:35:12 129 97 40 20 584 25 584 1 3 60</string>
    <string>2016-10-18 11:35:12 130 78 40 11 589 25 589 1 4 60</string>
    <string>2016-10-18 11:35:13 131 139 40 39 594 25 594 1 4 60</string>
    <string>2016-10-18 11:35:13 132 125 40 33 598 25 598 1 5 60</string>
    <string>2016-10-18 11:35:14 133 106 40 24 603 25 603 1 5 60</string>
    <string>2016-10-18 11:35:14 134 130 40 35 607 25 607 1 6 60</string>
    <string>2016-10-18 11:35:15 135 112 40 27 612 25 612 1 6 60</string>
    <string>2016-10-18 11:35:15 136 136 40 38 616 25 616 1 7 60</string>
    <string>2016-10-18 11:35:16 137 117 40 29 621 25 621 1 7 60</string>
    <string>2016-10-18 11:35:16 138 98 40 20 626 25 626 1 8 60</string>
    <string>2016-10-18 11:35:17 139 84 40 14 630 25 630 1 8 60</string>
    <string>2016-10-18 11:35:17 140 65 40 5 635 25 635 1 9 60</string>
    <string>2016-10-18 11:35:18 141 89 40 16 639 25 639 1 9 60</string>
    <string>2016-10-18 11:35:18 142 71 40 8 644 25 644 1 10 60</string>
    <string>2016-10-18 11:35:19 143 95 40 19 648 25 648 1 10 60</string>
    <string>2016-10-18 11:35:19 144 76 40 10 653 25 653 1 11 60</string>
    <string>2016-10-18 11:35:20 145 137 40 39 658 25 658 1 11 60</string>
    <string>2016-10-18 11:35:20 146 123 40 32 662 25 662 1 12 60</string>
    <string>2016-10-18 11:35:21 147 104 40 23 667 25 667 1 12 60</string>
    <string>2016-10-18 11:35:21 148 128 40 34 671 25 671 1 13 60</string>
    <string>2016-10-18 11:35:22 149 110 40 26 676 25 676 1 13 60</string>
    <string>2016-10-18 11:35:22 150 134 40 37 680 25 680 1 14 60</string>
    <string>2016-10-18 11:35:23 151 115 40 28 685 25 685 1 14 60</string>
    <string>2016-10-18 11:35:23 152 96 40 20 690 25 690 1 15 60</string>
    <string>2016-10-18 11:35:24 153 82 40 13 694 25 694 1 15 60</string>
    <string>2016-10-18 11:35:24 154 64 40 4 699 25 699 1 16 60</string>
    <string>2016-10-18 11:35:25 155 88 40 15 703 25 703 1 16 60</string>
    <string>2016-10-18 11:35:25 156 69 40 7 708 25 708 1 17 60</string>
    <string>2016-10-18 11:35:26 157 93 40 18 712 25 712 1 17 60</string>
    <string>2016-10-18 11:35:26 158 74 40 9 717 25 717 1 18 60</string>
    <string>2016-10-18 11:35:27 159 136 40 38 722 25 722 1 18 60</string>
    <string>2016-10-18 11:35:27 160 121 40 31 726 25 726 1 19 60</string>
    <string>2016-10-18 11:35:28 161 103 40 22 731 25 731 1 19 60</string>
    <string>2016-10-18 11:35:28 162 127 40 34 735 25 735 1 20 60</string>
    <string>2016-10-18 11:35:29 163 108 40 25 740 25 740 1 20 60</string>
    <string>2016-10-18 11:35:29 164 89 40 16 745 25 745 1 21 60</string>
    <string>2016-10-18 11:35:30 165 113 40 27 749 25 749 1 21 60</string>
    <string>2016-10-18 11:35:30 166 95 40 19 754 25 754 1 22 60</string>
    <string>2016-10-18 11:35:31 167 80 40 12 758 25 758 1 22 60</string>
    <string>2016-10-18 11:35:31 168 62 40 4 763 25 763 1 23 60</string>
    <string>2016-10-18 11:35:32 169 86 40 15 767 25 767 1 23 60</string>
    <string>2016-10-18 11:35:32 170 67 40 6 772 25 772 1 24 60</string>
    <string>2016-10-18 11:35:33 171 128 40 34 777 25 777 1 24 60</string>
    <string>2016-10-18 11:35:33 172 72 40 8 781 25 781 1 25 60</string>
    <string>2016-10-18 11:35:34 173 134 40 37 786 25 786 1 25 60</string>
    <string>2016-10-18 11:35:34 174 119 40 30 790 25 790 1 26 60</string>
    <string>2016-10-18 11:35:35 175 101 40 22 795 25 795 1 26 60</string>
    <string>2016-10-18 11:35:35 176 125 40 33 799 25 799 1 27 60</string>
    <string>2016-10-18 11:35:36 177 106 40 24 804 25 804 1 27 60</string>
    <string>2016-10-18 11:35:36 178 87 40 15 809 25 809 1 28 60</string>
    <string>2016-10-18 11:35:37 179 111 40 27 813 25 813 1 28 60</string>
    <string>2016-10-18 11:35:37 180 93 40 18 818 25 818 1 29 60</string>
    <string>2016-10-18 11:35:38 181 79 40 11 822 25 822 1 29 60</string>
    <string>2016-10-18 11:35:38 182 60 40 3 827 25 827 1 30 60</string>
    <string>2016-10-18 11:35:39 183 84 40 14 831 25 831 1 30 60</string>
    <string>2016-10-18 11:35:39 184 65 40 5 836 25 836 1 31 60</string>
    <string>2016-10-18 11:35:40 185 127 40 34 841 25 841 1 31 60</string>
    <string>2016-10-18 11:35:40 186 71 40 8 845 25 845 1 32 60</string>
    <string>2016-10-18 11:35:41 187 132 40 36 850 25 850 1 32 60</string>
    <string>2016-10-18 11:35:41 188 105 40 23 854 25 854 1 33 60</string>
    <string>2016-10-18 11:35:42 189 86 40 15 859 25 859 1 33 60</string>
    <string>2016-10-18 11:35:42 190 72 40 8 863 25 863 1 34 60</string>
    <string>2016-10-18 11:35:43 191 133 40 37 868 25 868 1 34 60</string>
    <string>2016-10-18 11:35:43 192 73 40 9 873 25 873 1 35 60</string>
    <string>2016-10-18 11:35:44 193 138 40 39 877 25 877 1 35 60</string>
    <string>2016-10-18 11:35:44 194 120 40 30 882 25 882 1 36 60</string>
    <string>2016-10-18 11:35:45 195 64 40 4 886 25 886 1 36 60</string>
    <string>2016-10-18 11:35:45 196 125 40 33 891 25 891 1 37 60</string>
    <string>2016-10-18 11:35:46 197 111 40 26 895 25 895 1 37 60</string>
    <string>2016-10-18 11:35:46 198 92 40 18 900 25 900 1 38 60</string>
    <string>2016-10-18 11:35:47 199 112 40 27 905 25 905 1 38 60</string>
    <string>2016-10-18 11:35:48 201 79 40 11 914 25 914 1 39 60</string>
    <string>2016-10-18 11:35:48 201 79 40 11 914 25 914 1 39 60</string>
    <string>2016-10-18 11:35:48 202 103 40 23 918 25 918 1 40 60</string>
    <string>2016-10-18 11:35:49 203 84 40 14 923 25 923 1 40 60</string>
    <string>2016-10-18 11:35:49 204 70 40 7 927 25 927 1 41 60</string>
    <string>2016-10-18 11:35:50 205 131 40 36 932 25 932 1 41 60</string>
    <string>2016-10-18 11:35:50 206 71 40 8 937 25 937 1 42 60</string>
  </Results>
</ServerData>