<?xml version="1.0"?>
<ServerData xmlns:xsi="http://www.w3.org/2001/XMLSchema-instance" xmlns:xsd="http://www.w3.org/2001/XMLSchema">
  <Name>faewfewa</Name>
  <Password>afew</Password>
  <Doctor>false</Doctor>
  <Messages />
  <Results>
    <string>2016-10-12 01:27:17 2 139 40 39 3 25 3 0 0 60</string>
    <string>2016-10-12 01:27:17 3 76 40 10 7 25 7 0 0 60</string>
    <string>2016-10-12 01:27:18 4 122 40 31 11 25 11 0 1 60</string>
    <string>2016-10-12 01:27:18 5 110 40 26 15 25 15 0 2 60</string>
    <string>2016-10-12 01:27:19 6 104 40 23 19 25 19 0 2 60</string>
    <string>2016-10-12 01:27:19 7 88 40 16 23 25 23 0 3 60</string>
    <string>2016-10-12 01:27:20 8 70 40 7 27 25 27 0 3 60</string>
    <string>2016-10-12 01:27:20 9 87 40 15 30 25 30 0 4 60</string>
    <string>2016-10-12 01:27:21 10 104 40 23 34 25 34 0 4 60</string>
    <string>2016-10-12 01:27:21 11 114 40 28 39 25 39 0 5 60</string>
    <string>2016-10-12 01:27:22 12 115 40 28 43 25 43 0 5 60</string>
    <string>2016-10-12 01:27:22 13 119 40 30 47 25 47 0 6 60</string>
    <string>2016-10-12 01:27:23 14 92 40 17 51 25 51 0 6 60</string>
    <string>2016-10-12 01:27:23 15 73 40 9 55 25 55 0 7 60</string>
    <string>2016-10-12 01:27:24 16 114 40 28 59 25 59 0 7 60</string>
    <string>2016-10-12 01:27:24 17 116 40 29 62 25 62 0 8 60</string>
    <string>2016-10-12 01:27:25 18 104 40 23 65 25 65 0 8 60</string>
    <string>2016-10-12 01:27:25 18 104 40 23 65 25 65 0 8 60</string>
    <string>2016-10-12 01:27:26 19 78 40 11 69 25 69 0 9 60</string>
    <string>2016-10-12 01:27:26 20 127 40 34 72 25 72 0 9 60</string>
    <string>2016-10-12 01:27:27 21 84 40 14 75 25 75 0 10 60</string>
    <string>2016-10-12 01:27:27 22 116 40 29 78 25 78 0 10 60</string>
    <string>2016-10-12 01:27:28 23 91 40 17 81 25 81 0 11 60</string>
    <string>2016-10-12 01:27:28 24 115 40 28 84 25 84 0 11 60</string>
    <string>2016-10-12 01:27:29 25 132 40 36 87 25 87 0 12 60</string>
    <string>2016-10-12 01:27:29 26 113 40 27 91 25 91 0 12 60</string>
    <string>2016-10-12 01:27:30 27 107 40 25 95 25 95 0 13 60</string>
    <string>2016-10-12 01:27:30 28 96 40 19 99 25 99 0 13 60</string>
    <string>2016-10-12 01:27:31 29 97 40 20 103 25 103 0 14 60</string>
    <string>2016-10-12 01:27:31 30 123 40 32 108 25 108 0 14 60</string>
    <string>2016-10-12 01:27:32 30 123 40 32 108 25 108 0 14 60</string>
    <string>2016-10-12 01:27:32 31 75 40 10 112 25 112 0 15 60</string>
    <string>2016-10-12 01:27:33 32 64 40 4 116 25 116 0 15 60</string>
    <string>2016-10-12 01:27:33 33 116 40 29 120 25 120 0 16 60</string>
    <string>2016-10-12 01:27:34 34 62 40 4 125 25 125 0 16 60</string>
    <string>2016-10-12 01:27:34 35 79 40 11 129 25 129 0 17 60</string>
    <string>2016-10-12 01:27:35 36 80 40 12 133 25 133 0 17 60</string>
    <string>2016-10-12 01:27:35 37 62 40 3 138 25 138 0 18 60</string>
    <string>2016-10-12 01:27:36 38 86 40 15 142 25 142 0 18 60</string>
    <string>2016-10-12 01:27:36 39 96 40 19 147 25 147 0 19 60</string>
    <string>2016-10-12 01:27:37 40 120 40 30 151 25 151 0 19 60</string>
    <string>2016-10-12 01:27:37 41 101 40 22 156 25 156 0 20 60</string>
    <string>2016-10-12 01:27:38 42 102 40 22 160 25 160 0 20 60</string>
    <string>2016-10-12 01:27:38 43 104 40 23 164 25 164 0 21 60</string>
    <string>2016-10-12 01:27:39 44 72 40 8 169 25 169 0 21 60</string>
    <string>2016-10-12 01:27:39 45 133 40 37 174 25 174 0 22 60</string>
    <string>2016-10-12 01:27:40 46 119 40 30 178 25 178 0 22 60</string>
    <string>2016-10-12 01:27:40 47 116 40 29 183 25 183 0 23 60</string>
    <string>2016-10-12 01:27:41 48 133 40 37 187 25 187 0 24 60</string>
    <string>2016-10-12 01:27:41 49 106 40 24 191 25 191 0 24 60</string>
    <string>2016-10-12 01:27:42 50 87 40 15 196 25 196 0 25 60</string>
    <string>2016-10-12 01:27:42 51 60 40 3 200 25 200 0 25 60</string>
    <string>2016-10-12 01:27:43 52 121 40 31 205 25 205 0 25 60</string>
    <string>2016-10-12 01:27:43 53 102 40 22 210 25 210 0 26 60</string>
    <string>2016-10-12 01:27:44 54 62 40 4 214 25 214 0 26 60</string>
    <string>2016-10-12 01:27:44 55 123 40 32 218 25 218 0 27 60</string>
    <string>2016-10-12 01:27:45 56 96 40 19 222 25 222 0 27 60</string>
    <string>2016-10-12 01:27:45 57 69 40 7 226 25 226 0 28 60</string>
    <string>2016-10-12 01:27:46 58 130 40 35 231 25 231 0 28 60</string>
    <string>2016-10-12 01:27:46 59 127 40 34 236 25 236 0 29 60</string>
    <string>2016-10-12 01:27:47 60 113 40 27 240 25 240 0 29 60</string>
    <string>2016-10-12 01:27:47 61 94 40 19 245 25 245 0 30 60</string>
    <string>2016-10-12 01:27:48 62 67 40 6 249 25 249 0 30 60</string>
    <string>2016-10-12 01:27:48 63 128 40 34 254 25 254 0 31 60</string>
    <string>2016-10-12 01:27:49 64 72 40 8 258 25 258 0 31 60</string>
    <string>2016-10-12 01:27:49 65 133 40 37 263 25 263 0 32 60</string>
    <string>2016-10-12 01:27:50 66 106 40 24 267 25 267 0 32 60</string>
    <string>2016-10-12 01:27:50 67 116 40 29 272 25 272 0 33 60</string>
    <string>2016-10-12 01:27:51 68 60 40 3 276 25 276 0 33 60</string>
    <string>2016-10-12 01:27:51 69 122 40 31 281 25 281 0 34 60</string>
    <string>2016-10-12 01:27:52 70 123 40 32 285 25 285 0 34 60</string>
    <string>2016-10-12 01:27:52 71 60 40 3 289 25 289 0 35 60</string>
    <string>2016-10-12 01:27:53 72 86 40 15 294 25 294 0 36 60</string>
    <string>2016-10-12 01:27:53 73 138 40 39 298 25 298 0 36 60</string>
    <string>2016-10-12 01:27:54 74 120 40 30 303 25 303 0 36 60</string>
    <string>2016-10-12 01:27:54 75 64 40 4 307 25 307 0 37 60</string>
    <string>2016-10-12 01:27:55 76 125 40 33 312 25 312 0 37 60</string>
    <string>2016-10-12 01:27:55 77 126 40 33 316 25 316 0 38 60</string>
    <string>2016-10-12 01:27:56 78 63 40 4 320 25 320 0 39 60</string>
    <string>2016-10-12 01:27:56 79 125 40 33 325 25 325 0 39 60</string>
    <string>2016-10-12 01:27:57 80 106 40 24 330 25 330 0 39 60</string>
    <string>2016-10-12 01:27:57 81 130 40 35 334 25 334 0 40 60</string>
    <string>2016-10-12 01:27:58 82 67 40 6 338 25 338 0 40 60</string>
    <string>2016-10-12 01:27:58 83 120 40 30 342 25 342 0 41 60</string>
    <string>2016-10-12 01:27:59 84 110 40 26 347 25 347 0 42 60</string>
    <string>2016-10-12 01:27:59 85 82 40 13 351 25 351 0 42 60</string>
    <string>2016-10-12 01:28:00 86 64 40 4 356 25 356 0 43 60</string>
    <string>2016-10-12 01:28:00 87 101 40 22 360 25 360 0 43 60</string>
    <string>2016-10-12 01:28:01 88 69 40 7 365 25 365 0 43 60</string>
    <string>2016-10-12 01:28:01 89 135 40 37 369 25 369 0 44 60</string>
    <string>2016-10-12 01:28:02 90 116 40 29 374 25 374 0 44 60</string>
    <string>2016-10-12 01:28:02 91 136 40 38 379 25 379 0 45 60</string>
    <string>2016-10-12 01:28:03 92 121 40 31 383 25 383 0 45 60</string>
    <string>2016-10-12 01:28:03 93 103 40 23 388 25 388 0 46 60</string>
    <string>2016-10-12 01:28:04 94 127 40 34 392 25 392 0 46 60</string>
    <string>2016-10-12 01:28:04 95 77 40 11 396 25 396 0 47 60</string>
    <string>2016-10-12 01:28:05 96 89 40 16 401 25 401 0 47 60</string>
    <string>2016-10-12 01:28:05 97 78 40 11 405 25 405 0 48 60</string>
    <string>2016-10-12 01:28:06 98 64 40 4 409 25 409 0 48 60</string>
    <string>2016-10-12 01:28:06 99 125 40 33 414 25 414 0 49 60</string>
    <string>2016-10-12 01:28:07 100 69 40 7 418 25 418 0 49 60</string>
    <string>2016-10-12 01:28:07 101 66 40 5 423 25 423 0 50 60</string>
    <string>2016-10-12 01:28:08 102 132 40 36 427 25 427 0 50 60</string>
    <string>2016-10-12 01:28:08 103 113 40 27 432 25 432 0 51 60</string>
    <string>2016-10-12 01:28:09 104 94 40 19 437 25 437 0 51 60</string>
    <string>2016-10-12 01:28:09 105 118 40 30 441 25 441 0 52 60</string>
    <string>2016-10-12 01:28:10 106 100 40 21 446 25 446 0 52 60</string>
    <string>2016-10-12 01:28:10 107 81 40 12 450 25 450 0 53 60</string>
    <string>2016-10-12 01:28:11 108 98 40 20 454 25 454 0 53 60</string>
    <string>2016-10-12 01:28:11 109 106 40 24 457 25 457 0 54 60</string>
    <string>2016-10-12 01:28:12 110 103 40 23 461 25 461 0 54 60</string>
    <string>2016-10-12 01:28:12 111 120 40 31 465 25 465 0 55 60</string>
    <string>2016-10-12 01:28:13 112 70 40 8 469 25 469 0 55 60</string>
    <string>2016-10-12 01:28:13 113 67 40 6 474 25 474 0 56 60</string>
    <string>2016-10-12 01:28:14 114 120 40 30 478 25 478 0 56 60</string>
    <string>2016-10-12 01:28:14 115 101 40 22 483 25 483 0 57 60</string>
    <string>2016-10-12 01:28:15 116 74 40 9 487 25 487 0 57 60</string>
    <string>2016-10-12 01:28:15 117 135 40 38 492 25 492 0 58 60</string>
    <string>2016-10-12 01:28:16 118 79 40 12 496 25 496 0 58 60</string>
    <string>2016-10-12 01:28:16 119 132 40 36 500 25 500 0 59 60</string>
    <string>2016-10-12 01:28:17 120 122 40 31 505 25 505 0 59 60</string>
    <string>2016-10-12 01:28:17 121 95 40 19 509 25 509 1 0 60</string>
    <string>2016-10-12 01:28:18 122 127 40 34 513 25 513 1 0 60</string>
    <string>2016-10-12 01:28:18 123 109 40 25 518 25 518 1 1 60</string>
    <string>2016-10-12 01:28:19 124 94 40 19 522 25 522 1 1 60</string>
    <string>2016-10-12 01:28:19 125 76 40 10 527 25 527 1 2 60</string>
    <string>2016-10-12 01:28:20 126 128 40 34 531 25 531 1 2 60</string>
    <string>2016-10-12 01:28:20 126 128 40 34 531 25 531 1 2 60</string>
    <string>2016-10-12 01:28:21 127 117 40 29 535 25 535 1 3 60</string>
    <string>2016-10-12 01:28:21 128 114 40 28 540 25 540 1 3 60</string>
    <string>2016-10-12 01:28:22 129 95 40 19 545 25 545 1 4 60</string>
    <string>2016-10-12 01:28:22 130 81 40 12 549 25 549 1 4 60</string>
    <string>2016-10-12 01:28:23 131 129 40 35 554 25 554 1 5 60</string>
    <string>2016-10-12 01:28:23 132 102 40 22 558 25 558 1 5 60</string>
    <string>2016-10-12 01:28:24 133 132 40 36 562 25 562 1 6 60</string>
    <string>2016-10-12 01:28:24 134 116 40 29 566 25 566 1 6 60</string>
    <string>2016-10-12 01:28:25 135 102 40 22 569 25 569 1 7 60</string>
    <string>2016-10-12 01:28:25 136 83 40 13 573 25 573 1 7 60</string>
    <string>2016-10-12 01:28:26 137 115 40 28 578 25 578 1 8 60</string>
    <string>2016-10-12 01:28:26 138 101 40 22 582 25 582 1 8 60</string>
    <string>2016-10-12 01:28:27 139 121 40 31 587 25 587 1 9 60</string>
    <string>2016-10-12 01:28:27 140 135 40 38 591 25 591 1 9 60</string>
    <string>2016-10-12 01:28:28 141 104 40 23 596 25 596 1 10 60</string>
    <string>2016-10-12 01:28:28 142 76 40 10 600 25 600 1 10 60</string>
    <string>2016-10-12 01:28:29 143 138 40 39 605 25 605 1 11 60</string>
    <string>2016-10-12 01:28:29 144 123 40 32 609 25 609 1 11 60</string>
    <string>2016-10-12 01:28:30 145 63 40 4 614 25 614 1 12 60</string>
    <string>2016-10-12 01:28:30 146 77 40 11 618 25 618 1 12 60</string>
    <string>2016-10-12 01:28:31 147 126 40 33 623 25 623 1 13 60</string>
    <string>2016-10-12 01:28:31 148 91 40 17 627 25 627 1 13 60</string>
    <string>2016-10-12 01:28:32 149 100 40 21 630 25 630 1 14 60</string>
    <string>2016-10-12 01:28:32 150 90 40 16 635 25 635 1 14 60</string>
    <string>2016-10-12 01:28:33 151 114 40 28 639 25 639 1 15 60</string>
    <string>2016-10-12 01:28:33 152 124 40 32 644 25 644 1 15 60</string>
    <string>2016-10-12 01:28:34 153 68 40 6 648 25 648 1 16 60</string>
    <string>2016-10-12 01:28:34 154 129 40 35 653 25 653 1 16 60</string>
    <string>2016-10-12 01:28:35 155 73 40 9 657 25 657 1 17 60</string>
    <string>2016-10-12 01:28:35 156 134 40 37 662 25 662 1 17 60</string>
    <string>2016-10-12 01:28:36 157 116 40 28 667 25 667 1 18 60</string>
    <string>2016-10-12 01:28:36 158 117 40 29 671 25 671 1 18 60</string>
    <string>2016-10-12 01:28:37 159 90 40 16 675 25 675 1 19 60</string>
    <string>2016-10-12 01:28:37 160 100 40 21 680 25 680 1 19 60</string>
    <string>2016-10-12 01:28:38 161 72 40 9 684 25 684 1 20 60</string>
    <string>2016-10-12 01:28:38 162 134 40 37 689 25 689 1 20 60</string>
    <string>2016-10-12 01:28:39 163 86 40 15 693 25 693 1 21 60</string>
    <string>2016-10-12 01:28:39 164 75 40 10 697 25 697 1 21 60</string>
    <string>2016-10-12 01:28:40 165 61 40 3 701 25 701 1 22 60</string>
    <string>2016-10-12 01:28:40 166 109 40 25 706 25 706 1 22 60</string>
    <string>2016-10-12 01:28:41 167 126 40 33 710 25 710 1 23 60</string>
    <string>2016-10-12 01:28:41 168 107 40 25 715 25 715 1 23 60</string>
    <string>2016-10-12 01:28:42 169 80 40 12 719 25 719 1 24 60</string>
    <string>2016-10-12 01:28:42 170 126 40 33 723 25 723 1 24 60</string>
    <string>2016-10-12 01:28:43 171 63 40 4 727 25 727 1 25 60</string>
    <string>2016-10-12 01:28:43 172 115 40 28 731 25 731 1 25 60</string>
    <string>2016-10-12 01:28:44 173 104 40 23 735 25 735 1 26 60</string>
    <string>2016-10-12 01:28:44 174 94 40 18 740 25 740 1 26 60</string>
    <string>2016-10-12 01:28:45 175 102 40 22 743 25 743 1 27 60</string>
    <string>2016-10-12 01:28:45 176 135 40 37 747 25 747 1 27 60</string>
    <string>2016-10-12 01:28:46 177 116 40 29 751 25 751 1 28 60</string>
    <string>2016-10-12 01:28:46 178 97 40 20 756 25 756 1 28 60</string>
    <string>2016-10-12 01:28:47 179 99 40 21 760 25 760 1 29 60</string>
    <string>2016-10-12 01:28:47 180 80 40 12 765 25 765 1 29 60</string>
    <string>2016-10-12 01:28:48 181 104 40 23 769 25 769 1 30 60</string>
    <string>2016-10-12 01:28:48 182 105 40 24 773 25 773 1 30 60</string>
    <string>2016-10-12 01:28:49 183 115 40 28 778 25 778 1 31 60</string>
    <string>2016-10-12 01:28:49 184 75 40 10 782 25 782 1 31 60</string>
    <string>2016-10-12 01:28:50 185 136 40 38 787 25 787 1 32 60</string>
    <string>2016-10-12 01:28:50 186 118 40 29 792 25 792 1 32 60</string>
    <string>2016-10-12 01:28:51 187 90 40 17 796 25 796 1 33 60</string>
    <string>2016-10-12 01:28:51 188 92 40 17 800 25 800 1 33 60</string>
    <string>2016-10-12 01:28:52 189 60 40 3 805 25 805 1 34 60</string>
    <string>2016-10-12 01:28:52 190 74 40 9 809 25 809 1 34 60</string>
    <string>2016-10-12 01:28:53 191 94 40 18 814 25 814 1 35 60</string>
    <string>2016-10-12 01:28:53 192 80 40 12 818 25 818 1 35 60</string>
    <string>2016-10-12 01:28:54 193 128 40 34 823 25 823 1 36 60</string>
    <string>2016-10-12 01:28:54 194 109 40 26 828 25 828 1 36 60</string>
    <string>2016-10-12 01:28:55 195 95 40 19 832 25 832 1 37 60</string>
    <string>2016-10-12 01:28:55 196 68 40 6 836 25 836 1 37 60</string>
    <string>2016-10-12 01:28:56 197 116 40 29 841 25 841 1 38 60</string>
    <string>2016-10-12 01:28:56 198 131 40 35 845 25 845 1 38 60</string>
    <string>2016-10-12 01:28:57 199 114 40 28 850 25 850 1 39 60</string>
    <string>2016-10-12 01:28:57 200 87 40 15 854 25 854 1 39 60</string>
    <string>2016-10-12 01:28:58 201 68 40 7 859 25 859 1 40 60</string>
    <string>2016-10-12 01:28:58 202 134 40 37 863 25 863 1 40 60</string>
    <string>2016-10-12 01:28:59 203 116 40 28 868 25 868 1 41 60</string>
    <string>2016-10-12 01:28:59 204 97 40 20 873 25 873 1 41 60</string>
    <string>2016-10-12 01:29:00 205 70 40 7 877 25 877 1 42 60</string>
    <string>2016-10-12 01:29:00 206 122 40 32 881 25 881 1 42 60</string>
    <string>2016-10-12 01:29:01 207 119 40 30 886 25 886 1 43 60</string>
    <string>2016-10-12 01:29:01 208 63 40 4 890 25 890 1 43 60</string>
    <string>2016-10-12 01:29:02 209 124 40 33 895 25 895 1 44 60</string>
    <string>2016-10-12 01:29:02 210 135 40 37 900 25 900 1 44 60</string>
    <string>2016-10-12 01:29:03 211 123 40 32 904 25 904 1 45 60</string>
    <string>2016-10-12 01:29:03 212 89 40 16 908 25 908 1 45 60</string>
    <string>2016-10-12 01:29:04 213 77 40 11 912 25 912 1 46 60</string>
    <string>2016-10-12 01:29:04 214 63 40 4 916 25 916 1 46 60</string>
    <string>2016-10-12 01:29:05 215 124 40 32 921 25 921 1 47 60</string>
    <string>2016-10-12 01:29:05 216 64 40 4 926 25 926 1 47 60</string>
    <string>2016-10-12 01:29:06 217 129 40 35 930 25 930 1 48 60</string>
    <string>2016-10-12 01:29:06 218 98 40 20 935 25 935 1 48 60</string>
    <string>2016-10-12 01:29:07 219 83 40 14 939 25 939 1 49 60</string>
    <string>2016-10-12 01:29:07 220 65 40 5 944 25 944 1 49 60</string>
    <string>2016-10-12 01:29:08 221 117 40 29 948 25 948 1 50 60</string>
    <string>2016-10-12 01:29:08 221 117 40 29 948 25 948 1 50 60</string>
    <string>2016-10-12 01:29:09 222 130 40 35 953 25 953 1 50 60</string>
    <string>2016-10-12 01:29:09 223 131 40 36 957 25 957 1 51 60</string>
    <string>2016-10-12 01:29:10 224 77 40 11 962 25 962 1 51 60</string>
    <string>2016-10-12 01:29:10 225 78 40 11 966 25 966 1 52 60</string>
    <string>2016-10-12 01:29:11 226 98 40 20 971 25 971 1 52 60</string>
    <string>2016-10-12 01:29:11 227 84 40 14 975 25 975 1 53 60</string>
    <string>2016-10-12 01:29:12 228 132 40 36 980 25 980 1 53 60</string>
    <string>2016-10-12 01:29:12 229 133 40 37 984 25 984 1 54 60</string>
    <string>2016-10-12 01:29:13 230 83 40 14 988 25 988 1 54 60</string>
    <string>2016-10-12 01:29:13 231 80 40 12 993 25 993 1 55 60</string>
    <string>2016-10-12 01:29:14 232 104 40 23 997 25 997 1 55 60</string>
    <string>2016-10-12 01:29:14 233 86 40 15 1002 25 1002 1 56 60</string>
    <string>2016-10-12 01:29:15 234 103 40 22 1006 25 1006 1 56 60</string>
    <string>2016-10-12 01:29:15 235 104 40 23 1010 25 1010 1 57 60</string>
    <string>2016-10-12 01:29:16 236 72 40 8 1015 25 1015 1 57 60</string>
    <string>2016-10-12 01:29:16 237 125 40 33 1019 25 1019 1 58 60</string>
    <string>2016-10-12 01:29:17 238 106 40 24 1024 25 1024 1 58 60</string>
    <string>2016-10-12 01:29:17 239 92 40 18 1028 25 1028 1 59 60</string>
    <string>2016-10-12 01:29:18 240 73 40 9 1033 25 1033 1 59 60</string>
    <string>2016-10-12 01:29:18 241 126 40 33 1037 25 1037 2 0 60</string>
    <string>2016-10-12 01:29:19 242 63 40 4 1041 25 1041 2 0 60</string>
    <string>2016-10-12 01:29:19 243 125 40 33 1046 25 1046 2 1 60</string>
    <string>2016-10-12 01:29:20 244 106 40 24 1051 25 1051 2 1 60</string>
    <string>2016-10-12 01:29:20 245 101 40 22 1055 25 1055 2 2 60</string>
    <string>2016-10-12 01:29:21 246 127 40 34 1060 25 1060 2 2 60</string>
    <string>2016-10-12 01:29:21 247 99 40 21 1064 25 1064 2 3 60</string>
    <string>2016-10-12 01:29:22 248 116 40 29 1068 25 1068 2 3 60</string>
    <string>2016-10-12 01:29:22 249 67 40 6 1072 25 1072 2 4 60</string>
    <string>2016-10-12 01:29:23 250 128 40 34 1077 25 1077 2 4 60</string>
    <string>2016-10-12 01:29:23 251 67 40 6 1082 25 1082 2 5 60</string>
    <string>2016-10-12 01:29:24 252 82 40 13 1086 25 1086 2 5 60</string>
  </Results>
</ServerData>