<?xml version="1.0"?>
<ServerData xmlns:xsi="http://www.w3.org/2001/XMLSchema-instance" xmlns:xsd="http://www.w3.org/2001/XMLSchema">
  <Name>feafewafwefawfwa</Name>
  <Password>ew</Password>
  <Doctor>false</Doctor>
  <Messages />
  <Results>
    <string>2016-10-12 01:53:26 2 119 40 30 4 25 4 0 0 60</string>
    <string>2016-10-12 01:53:27 2 119 40 30 4 25 4 0 0 60</string>
    <string>2016-10-12 01:53:27 3 87 40 15 9 25 9 0 1 60</string>
    <string>2016-10-12 01:53:28 4 73 40 9 13 25 13 0 1 60</string>
    <string>2016-10-12 01:53:28 5 134 40 37 18 25 18 0 2 60</string>
    <string>2016-10-12 01:53:29 6 78 40 11 22 25 22 0 2 60</string>
    <string>2016-10-12 01:53:29 7 139 40 39 27 25 27 0 3 60</string>
    <string>2016-10-12 01:53:30 8 121 40 31 32 25 32 0 3 60</string>
    <string>2016-10-12 01:53:57 16 126 40 33 44 25 44 0 9 60</string>
    <string>2016-10-12 01:53:57 17 61 40 3 49 25 49 0 9 60</string>
    <string>2016-10-12 01:53:58 17 61 40 3 49 25 49 0 9 60</string>
    <string>2016-10-12 01:53:58 18 71 40 8 54 25 54 0 10 60</string>
    <string>2016-10-12 01:53:59 19 95 40 19 58 25 58 0 10 60</string>
    <string>2016-10-12 01:53:59 20 133 40 37 63 25 63 0 11 60</string>
    <string>2016-10-12 01:54:00 21 77 40 11 67 25 67 0 11 60</string>
    <string>2016-10-12 01:54:00 23 60 40 3 76 25 76 0 12 60</string>
    <string>2016-10-12 01:54:01 23 60 40 3 76 25 76 0 12 60</string>
    <string>2016-10-12 01:54:01 24 108 40 25 81 25 81 0 13 60</string>
    <string>2016-10-12 01:54:02 25 94 40 18 85 25 85 0 13 60</string>
    <string>2016-10-12 01:54:02 26 75 40 10 90 25 90 0 14 60</string>
    <string>2016-10-12 01:54:03 27 99 40 21 94 25 94 0 14 60</string>
    <string>2016-10-12 01:54:03 28 109 40 26 99 25 99 0 15 60</string>
    <string>2016-10-12 01:54:04 29 133 40 37 103 25 103 0 15 60</string>
    <string>2016-10-12 01:54:04 30 115 40 28 108 25 108 0 16 60</string>
    <string>2016-10-12 01:54:05 31 83 40 13 113 25 113 0 16 60</string>
    <string>2016-10-12 01:54:05 32 97 40 20 117 25 117 0 17 60</string>
    <string>2016-10-12 01:54:06 33 117 40 29 122 25 122 0 17 60</string>
    <string>2016-10-12 01:54:06 34 103 40 23 126 25 126 0 17 60</string>
    <string>2016-10-12 01:54:07 35 84 40 14 131 25 131 0 18 60</string>
    <string>2016-10-12 01:54:07 36 108 40 25 135 25 135 0 18 60</string>
    <string>2016-10-12 01:54:08 37 89 40 16 140 25 140 0 19 60</string>
    <string>2016-10-12 01:54:08 38 75 40 10 144 25 144 0 19 60</string>
    <string>2016-10-12 01:54:09 39 137 40 38 149 25 149 0 20 60</string>
    <string>2016-10-12 01:54:09 40 96 40 19 153 25 153 0 20 60</string>
    <string>2016-10-12 01:54:10 41 91 40 17 158 25 158 0 21 60</string>
    <string>2016-10-12 01:54:10 42 110 40 26 163 25 163 0 21 60</string>
    <string>2016-10-12 01:54:11 43 125 40 33 167 25 167 0 22 60</string>
    <string>2016-10-12 01:54:11 44 113 40 27 171 25 171 0 22 60</string>
    <string>2016-10-12 01:54:12 45 110 40 26 176 25 176 0 23 60</string>
    <string>2016-10-12 01:54:12 46 96 40 19 180 25 180 0 23 60</string>
    <string>2016-10-12 01:54:13 47 115 40 28 185 25 185 0 24 60</string>
    <string>2016-10-12 01:54:13 48 101 40 22 189 25 189 0 24 60</string>
    <string>2016-10-12 01:54:14 49 98 40 20 194 25 194 0 25 60</string>
    <string>2016-10-12 01:54:14 50 84 40 14 198 25 198 0 25 60</string>
    <string>2016-10-12 01:54:15 51 81 40 12 203 25 203 0 26 60</string>
    <string>2016-10-12 01:54:15 52 105 40 23 207 25 207 0 26 60</string>
    <string>2016-10-12 01:54:16 53 115 40 28 212 25 212 0 27 60</string>
    <string>2016-10-12 01:54:16 54 139 40 39 216 25 216 0 27 60</string>
    <string>2016-10-12 01:54:17 55 69 40 7 221 25 221 0 28 60</string>
    <string>2016-10-12 01:54:17 56 108 40 25 225 25 225 0 28 60</string>
    <string>2016-10-12 01:54:18 57 90 40 16 230 25 230 0 29 60</string>
    <string>2016-10-12 01:54:18 58 91 40 17 234 25 234 0 29 60</string>
    <string>2016-10-12 01:54:19 59 92 40 18 238 25 238 0 30 60</string>
    <string>2016-10-12 01:54:19 60 89 40 16 243 25 243 0 30 60</string>
    <string>2016-10-12 01:54:20 61 62 40 4 247 25 247 0 31 60</string>
    <string>2016-10-12 01:54:20 62 115 40 28 251 25 251 0 31 60</string>
    <string>2016-10-12 01:54:21 63 125 40 33 256 25 256 0 32 60</string>
    <string>2016-10-12 01:54:21 64 106 40 24 261 25 261 0 32 60</string>
    <string>2016-10-12 01:54:22 65 130 40 35 265 25 265 0 33 60</string>
    <string>2016-10-12 01:54:22 66 111 40 27 270 25 270 0 33 60</string>
    <string>2016-10-12 01:54:23 67 113 40 27 274 25 274 0 34 60</string>
    <string>2016-10-12 01:54:23 68 65 40 5 278 25 278 0 34 60</string>
    <string>2016-10-12 01:54:24 69 67 40 6 282 25 282 0 35 60</string>
    <string>2016-10-12 01:54:24 70 128 40 34 287 25 287 0 35 60</string>
    <string>2016-10-12 01:54:25 71 72 40 8 291 25 291 0 36 60</string>
    <string>2016-10-12 01:54:25 72 133 40 37 296 25 296 0 36 60</string>
    <string>2016-10-12 01:54:26 73 77 40 11 300 25 300 0 37 60</string>
    <string>2016-10-12 01:54:26 74 116 40 29 305 25 305 0 37 60</string>
    <string>2016-10-12 01:54:27 75 60 40 3 309 25 309 0 38 60</string>
    <string>2016-10-12 01:54:27 76 137 40 38 314 25 314 0 38 60</string>
    <string>2016-10-12 01:54:28 77 118 40 30 319 25 319 0 39 60</string>
    <string>2016-10-12 01:54:28 78 104 40 23 323 25 323 0 39 60</string>
    <string>2016-10-12 01:54:29 79 101 40 22 328 25 328 0 40 60</string>
    <string>2016-10-12 01:54:29 80 74 40 9 332 25 332 0 40 60</string>
    <string>2016-10-12 01:54:30 81 135 40 38 337 25 337 0 41 60</string>
    <string>2016-10-12 01:54:30 82 108 40 25 341 25 341 0 41 60</string>
    <string>2016-10-12 01:54:31 83 105 40 23 346 25 346 0 42 60</string>
    <string>2016-10-12 01:54:31 84 106 40 24 350 25 350 0 42 60</string>
  </Results>
</ServerData>