<?xml version="1.0"?>
<ServerData xmlns:xsi="http://www.w3.org/2001/XMLSchema-instance" xmlns:xsd="http://www.w3.org/2001/XMLSchema">
  <Name>fedece</Name>
  <Password>swdedwde</Password>
  <Doctor>false</Doctor>
  <Messages>
    <string>fedece_2016-10-12 04:09:36  Dokter : iuytrew</string>
  </Messages>
  <Results>
    <string>2016-10-12 04:06:32 1 10 40 2 0 25 0 0 0 60</string>
    <string>2016-10-12 04:06:33 2 116 40 29 4 25 4 0 0 60</string>
    <string>2016-10-12 04:06:33 3 98 40 20 9 25 9 0 0 60</string>
    <string>2016-10-12 04:06:34 4 122 40 31 13 25 13 0 1 60</string>
    <string>2016-10-12 04:06:34 5 103 40 23 18 25 18 0 1 60</string>
    <string>2016-10-12 04:06:35 6 127 40 34 22 25 22 0 2 60</string>
    <string>2016-10-12 04:06:35 7 108 40 25 27 25 27 0 2 60</string>
    <string>2016-10-12 04:06:36 8 90 40 16 32 25 32 0 3 60</string>
    <string>2016-10-12 04:06:36 9 75 40 10 36 25 36 0 3 60</string>
    <string>2016-10-12 04:06:37 10 137 40 38 41 25 41 0 4 60</string>
    <string>2016-10-12 04:06:37 11 81 40 12 45 25 45 0 4 60</string>
    <string>2016-10-12 04:06:38 12 62 40 4 50 25 50 0 5 60</string>
    <string>2016-10-12 04:06:38 13 123 40 32 55 25 55 0 5 60</string>
    <string>2016-10-12 04:06:39 14 67 40 6 59 25 59 0 6 60</string>
    <string>2016-10-12 04:06:39 15 129 40 35 64 25 64 0 6 60</string>
    <string>2016-10-12 04:06:40 16 115 40 28 68 25 68 0 7 60</string>
    <string>2016-10-12 04:06:40 17 96 40 19 73 25 73 0 7 60</string>
    <string>2016-10-12 04:06:41 18 120 40 30 77 25 77 0 8 60</string>
    <string>2016-10-12 04:06:41 19 101 40 22 82 25 82 0 8 60</string>
    <string>2016-10-12 04:06:42 20 83 40 13 87 25 87 0 9 60</string>
    <string>2016-10-12 04:06:42 21 107 40 24 91 25 91 0 9 60</string>
    <string>2016-10-12 04:06:43 22 88 40 16 96 25 96 0 10 60</string>
    <string>2016-10-12 04:06:43 23 74 40 9 100 25 100 0 10 60</string>
    <string>2016-10-12 04:06:44 24 135 40 37 105 25 105 0 11 60</string>
    <string>2016-10-12 04:06:44 25 79 40 12 109 25 109 0 11 60</string>
    <string>2016-10-12 04:06:45 26 60 40 3 114 25 114 0 12 60</string>
    <string>2016-10-12 04:06:45 27 122 40 31 119 25 119 0 12 60</string>
    <string>2016-10-12 04:06:46 28 66 40 5 123 25 123 0 13 60</string>
    <string>2016-10-12 04:06:46 29 127 40 34 128 25 128 0 13 60</string>
    <string>2016-10-12 04:06:47 30 113 40 27 132 25 132 0 14 60</string>
    <string>2016-10-12 04:06:47 31 94 40 18 137 25 137 0 14 60</string>
    <string>2016-10-12 04:06:48 32 118 40 30 141 25 141 0 15 60</string>
    <string>2016-10-12 04:06:48 33 99 40 21 146 25 146 0 15 60</string>
    <string>2016-10-12 04:06:49 34 81 40 12 151 25 151 0 16 60</string>
    <string>2016-10-12 04:06:49 35 105 40 23 155 25 155 0 16 60</string>
    <string>2016-10-12 04:06:50 36 86 40 15 160 25 160 0 17 60</string>
    <string>2016-10-12 04:06:50 37 72 40 8 164 25 164 0 17 60</string>
    <string>2016-10-12 04:06:51 38 133 40 37 169 25 169 0 18 60</string>
    <string>2016-10-12 04:06:51 39 77 40 11 173 25 173 0 18 60</string>
    <string>2016-10-12 04:06:52 40 138 40 39 178 25 178 0 19 60</string>
    <string>2016-10-12 04:06:52 41 120 40 30 183 25 183 0 19 60</string>
    <string>2016-10-12 04:06:53 42 64 40 4 187 25 187 0 20 60</string>
    <string>2016-10-12 04:06:53 43 125 40 33 192 25 192 0 20 60</string>
    <string>2016-10-12 04:06:54 44 111 40 26 196 25 196 0 21 60</string>
    <string>2016-10-12 04:06:54 45 92 40 18 201 25 201 0 21 60</string>
    <string>2016-10-12 04:06:55 46 112 40 27 206 25 206 0 22 60</string>
    <string>2016-10-12 04:06:55 47 98 40 20 210 25 210 0 22 60</string>
    <string>2016-10-12 04:06:56 48 79 40 11 215 25 215 0 23 60</string>
    <string>2016-10-12 04:06:56 49 103 40 23 219 25 219 0 23 60</string>
    <string>2016-10-12 04:06:57 50 84 40 14 224 25 224 0 24 60</string>
    <string>2016-10-12 04:06:57 51 70 40 7 228 25 228 0 24 60</string>
    <string>2016-10-12 04:06:58 52 131 40 36 233 25 233 0 25 60</string>
    <string>2016-10-12 04:06:58 53 71 40 8 238 25 238 0 25 60</string>
    <string>2016-10-12 04:06:59 54 137 40 38 242 25 242 0 26 60</string>
    <string>2016-10-12 04:06:59 55 118 40 30 247 25 247 0 26 60</string>
    <string>2016-10-12 04:07:00 56 62 40 4 251 25 251 0 27 60</string>
    <string>2016-10-12 04:07:00 57 123 40 32 256 25 256 0 27 60</string>
    <string>2016-10-12 04:07:01 58 109 40 25 260 25 260 0 28 60</string>
    <string>2016-10-12 04:07:01 59 90 40 17 265 25 265 0 28 60</string>
    <string>2016-10-12 04:07:02 60 110 40 26 270 25 270 0 29 60</string>
    <string>2016-10-12 04:07:02 61 96 40 19 274 25 274 0 29 60</string>
    <string>2016-10-12 04:07:03 62 77 40 11 279 25 279 0 30 60</string>
    <string>2016-10-12 04:07:03 63 101 40 22 283 25 283 0 30 60</string>
    <string>2016-10-12 04:07:04 64 82 40 13 288 25 288 0 31 60</string>
    <string>2016-10-12 04:07:04 65 68 40 7 292 25 292 0 31 60</string>
    <string>2016-10-12 04:07:05 66 130 40 35 297 25 297 0 32 60</string>
    <string>2016-10-12 04:07:05 67 69 40 7 302 25 302 0 32 60</string>
    <string>2016-10-12 04:07:06 68 135 40 37 306 25 306 0 33 60</string>
    <string>2016-10-12 04:07:06 69 116 40 29 311 25 311 0 33 60</string>
    <string>2016-10-12 04:07:07 70 60 40 3 315 25 315 0 34 60</string>
    <string>2016-10-12 04:07:07 71 121 40 31 320 25 320 0 34 60</string>
    <string>2016-10-12 04:07:08 72 103 40 23 325 25 325 0 35 60</string>
    <string>2016-10-12 04:07:08 73 89 40 16 329 25 329 0 35 60</string>
    <string>2016-10-12 04:07:09 74 108 40 25 334 25 334 0 36 60</string>
    <string>2016-10-12 04:07:09 75 94 40 18 338 25 338 0 36 60</string>
    <string>2016-10-12 04:07:10 76 75 40 10 343 25 343 0 37 60</string>
    <string>2016-10-12 04:07:10 77 99 40 21 347 25 347 0 37 60</string>
    <string>2016-10-12 04:07:11 78 81 40 12 352 25 352 0 38 60</string>
    <string>2016-10-12 04:07:11 79 62 40 4 357 25 357 0 38 60</string>
    <string>2016-10-12 04:07:12 80 128 40 34 361 25 361 0 39 60</string>
    <string>2016-10-12 04:07:12 81 67 40 6 366 25 366 0 39 60</string>
    <string>2016-10-12 04:07:13 82 133 40 36 370 25 370 0 40 60</string>
    <string>2016-10-12 04:07:13 83 114 40 28 375 25 375 0 40 60</string>
    <string>2016-10-12 04:07:14 84 138 40 39 379 25 379 0 41 60</string>
    <string>2016-10-12 04:07:14 85 120 40 30 384 25 384 0 41 60</string>
    <string>2016-10-12 04:07:15 86 101 40 22 389 25 389 0 42 60</string>
    <string>2016-10-12 04:07:15 87 87 40 15 393 25 393 0 42 60</string>
    <string>2016-10-12 04:07:16 88 106 40 24 398 25 398 0 43 60</string>
    <string>2016-10-12 04:07:16 89 92 40 18 402 25 402 0 43 60</string>
    <string>2016-10-12 04:07:17 90 73 40 9 407 25 407 0 44 60</string>
    <string>2016-10-12 04:07:17 91 97 40 20 411 25 411 0 44 60</string>
    <string>2016-10-12 04:07:18 92 79 40 11 416 25 416 0 45 60</string>
    <string>2016-10-12 04:07:18 93 60 40 3 421 25 421 0 45 60</string>
    <string>2016-10-12 04:07:19 94 126 40 33 425 25 425 0 46 60</string>
    <string>2016-10-12 04:07:19 95 65 40 5 430 25 430 0 46 60</string>
    <string>2016-10-12 04:07:20 96 131 40 36 434 25 434 0 47 60</string>
    <string>2016-10-12 04:07:20 97 113 40 27 439 25 439 0 47 60</string>
    <string>2016-10-12 04:07:21 98 94 40 18 444 25 444 0 48 60</string>
    <string>2016-10-12 04:07:21 99 118 40 29 448 25 448 0 48 60</string>
    <string>2016-10-12 04:07:22 100 99 40 21 453 25 453 0 49 60</string>
    <string>2016-10-12 04:07:22 101 85 40 14 457 25 457 0 49 60</string>
    <string>2016-10-12 04:07:23 102 104 40 23 462 25 462 0 50 60</string>
    <string>2016-10-12 04:07:23 103 90 40 17 466 25 466 0 50 60</string>
    <string>2016-10-12 04:07:24 104 72 40 8 471 25 471 0 51 60</string>
    <string>2016-10-12 04:07:24 105 133 40 36 476 25 476 0 51 60</string>
    <string>2016-10-12 04:07:25 106 77 40 11 480 25 480 0 52 60</string>
    <string>2016-10-12 04:07:25 107 138 40 39 485 25 485 0 52 60</string>
    <string>2016-10-12 04:07:26 108 124 40 32 489 25 489 0 53 60</string>
    <string>2016-10-12 04:07:26 109 64 40 4 494 25 494 0 53 60</string>
    <string>2016-10-12 04:07:27 110 129 40 35 498 25 498 0 54 60</string>
    <string>2016-10-12 04:07:27 111 111 40 26 503 25 503 0 54 60</string>
    <string>2016-10-12 04:07:28 112 92 40 18 508 25 508 0 55 60</string>
    <string>2016-10-12 04:07:28 113 116 40 29 512 25 512 0 55 60</string>
    <string>2016-10-12 04:07:29 114 97 40 20 517 25 517 0 56 60</string>
    <string>2016-10-12 04:07:29 115 83 40 13 521 25 521 0 56 60</string>
    <string>2016-10-12 04:07:30 116 103 40 22 526 25 526 0 57 60</string>
    <string>2016-10-12 04:07:30 117 88 40 16 530 25 530 0 57 60</string>
    <string>2016-10-12 04:07:31 118 70 40 7 535 25 535 0 58 60</string>
    <string>2016-10-12 04:07:31 119 131 40 36 540 25 540 0 58 60</string>
    <string>2016-10-12 04:07:32 120 75 40 10 544 25 544 0 59 60</string>
    <string>2016-10-12 04:07:32 121 136 40 38 549 25 549 0 59 60</string>
    <string>2016-10-12 04:07:33 122 122 40 32 553 25 553 1 0 60</string>
    <string>2016-10-12 04:07:33 123 62 40 4 558 25 558 1 0 60</string>
    <string>2016-10-12 04:07:34 124 123 40 32 563 25 563 1 1 60</string>
    <string>2016-10-12 04:07:34 125 109 40 25 567 25 567 1 1 60</string>
    <string>2016-10-12 04:07:35 126 61 40 3 572 25 572 1 2 60</string>
    <string>2016-10-12 04:07:35 127 127 40 34 576 25 576 1 2 60</string>
    <string>2016-10-12 04:07:36 128 67 40 6 581 25 581 1 3 60</string>
    <string>2016-10-12 04:07:36 129 128 40 34 586 25 586 1 3 60</string>
    <string>2016-10-12 04:07:37 130 114 40 28 590 25 590 1 4 60</string>
    <string>2016-10-12 04:07:37 131 95 40 19 595 25 595 1 4 60</string>
    <string>2016-10-12 04:07:38 132 119 40 30 599 25 599 1 5 60</string>
    <string>2016-10-12 04:07:38 133 101 40 21 604 25 604 1 5 60</string>
    <string>2016-10-12 04:07:39 134 86 40 15 608 25 608 1 6 60</string>
    <string>2016-10-12 04:07:39 135 106 40 24 613 25 613 1 6 60</string>
    <string>2016-10-12 04:07:40 136 87 40 15 618 25 618 1 7 60</string>
    <string>2016-10-12 04:07:40 137 73 40 9 622 25 622 1 7 60</string>
    <string>2016-10-12 04:07:41 138 134 40 37 627 25 627 1 8 60</string>
    <string>2016-10-12 04:07:41 139 78 40 11 631 25 631 1 8 60</string>
    <string>2016-10-12 04:07:42 140 60 40 3 636 25 636 1 9 60</string>
    <string>2016-10-12 04:07:42 141 125 40 33 640 25 640 1 9 60</string>
    <string>2016-10-12 04:07:43 142 65 40 5 645 25 645 1 10 60</string>
    <string>2016-10-12 04:07:43 143 126 40 33 650 25 650 1 10 60</string>
    <string>2016-10-12 04:07:44 144 112 40 27 654 25 654 1 11 60</string>
    <string>2016-10-12 04:07:44 145 93 40 18 659 25 659 1 11 60</string>
    <string>2016-10-12 04:07:45 146 117 40 29 663 25 663 1 12 60</string>
    <string>2016-10-12 04:07:45 147 99 40 21 668 25 668 1 12 60</string>
    <string>2016-10-12 04:07:46 148 85 40 14 672 25 672 1 13 60</string>
    <string>2016-10-12 04:07:46 149 104 40 23 677 25 677 1 13 60</string>
    <string>2016-10-12 04:07:47 150 85 40 14 682 25 682 1 14 60</string>
    <string>2016-10-12 04:07:47 151 71 40 8 686 25 686 1 14 60</string>
    <string>2016-10-12 04:07:48 152 133 40 36 691 25 691 1 15 60</string>
    <string>2016-10-12 04:07:48 153 77 40 10 695 25 695 1 15 60</string>
    <string>2016-10-12 04:07:49 154 138 40 39 700 25 700 1 16 60</string>
    <string>2016-10-12 04:07:49 155 119 40 30 705 25 705 1 16 60</string>
    <string>2016-10-12 04:07:50 156 63 40 4 709 25 709 1 17 60</string>
    <string>2016-10-12 04:07:50 157 124 40 33 714 25 714 1 17 60</string>
    <string>2016-10-12 04:07:51 158 110 40 26 718 25 718 1 18 60</string>
    <string>2016-10-12 04:07:51 159 92 40 17 723 25 723 1 18 60</string>
    <string>2016-10-12 04:07:52 160 116 40 28 727 25 727 1 19 60</string>
    <string>2016-10-12 04:07:52 161 97 40 20 732 25 732 1 19 60</string>
    <string>2016-10-12 04:07:53 162 78 40 11 737 25 737 1 20 60</string>
    <string>2016-10-12 04:07:53 163 102 40 22 741 25 741 1 20 60</string>
    <string>2016-10-12 04:07:54 164 84 40 14 746 25 746 1 21 60</string>
    <string>2016-10-12 04:07:54 165 69 40 7 750 25 750 1 21 60</string>
    <string>2016-10-12 04:07:55 166 131 40 35 755 25 755 1 22 60</string>
    <string>2016-10-12 04:07:55 167 75 40 10 759 25 759 1 22 60</string>
    <string>2016-10-12 04:07:56 168 136 40 38 764 25 764 1 23 60</string>
    <string>2016-10-12 04:07:56 169 117 40 29 769 25 769 1 23 60</string>
    <string>2016-10-12 04:07:57 170 61 40 3 773 25 773 1 24 60</string>
    <string>2016-10-12 04:07:57 171 123 40 32 778 25 778 1 24 60</string>
    <string>2016-10-12 04:07:58 172 108 40 25 782 25 782 1 25 60</string>
    <string>2016-10-12 04:07:58 173 90 40 17 787 25 787 1 25 60</string>
    <string>2016-10-12 04:07:59 174 114 40 28 791 25 791 1 26 60</string>
    <string>2016-10-12 04:07:59 175 95 40 19 796 25 796 1 26 60</string>
    <string>2016-10-12 04:08:00 176 76 40 10 801 25 801 1 27 60</string>
    <string>2016-10-12 04:08:00 177 100 40 21 805 25 805 1 27 60</string>
    <string>2016-10-12 04:08:01 178 82 40 13 810 25 810 1 28 60</string>
    <string>2016-10-12 04:08:01 179 68 40 6 814 25 814 1 28 60</string>
    <string>2016-10-12 04:08:02 180 129 40 35 819 25 819 1 29 60</string>
    <string>2016-10-12 04:08:02 181 73 40 9 823 25 823 1 29 60</string>
    <string>2016-10-12 04:08:03 182 134 40 37 828 25 828 1 30 60</string>
    <string>2016-10-12 04:08:03 183 116 40 28 833 25 833 1 30 60</string>
    <string>2016-10-12 04:08:04 184 60 40 3 837 25 837 1 31 60</string>
    <string>2016-10-12 04:08:04 185 121 40 31 842 25 842 1 31 60</string>
    <string>2016-10-12 04:08:05 186 107 40 24 846 25 846 1 32 60</string>
    <string>2016-10-12 04:08:05 187 88 40 16 851 25 851 1 32 60</string>
    <string>2016-10-12 04:08:06 188 69 40 7 856 25 856 1 33 60</string>
    <string>2016-10-12 04:08:06 189 93 40 18 860 25 860 1 33 60</string>
    <string>2016-10-12 04:08:07 190 75 40 9 865 25 865 1 34 60</string>
    <string>2016-10-12 04:08:07 191 99 40 21 869 25 869 1 34 60</string>
    <string>2016-10-12 04:08:08 192 80 40 12 874 25 874 1 35 60</string>
    <string>2016-10-12 04:08:08 193 66 40 5 878 25 878 1 35 60</string>
    <string>2016-10-12 04:08:09 194 127 40 34 883 25 883 1 36 60</string>
    <string>2016-10-12 04:08:09 195 108 40 25 888 25 888 1 36 60</string>
    <string>2016-10-12 04:08:10 196 132 40 36 892 25 892 1 37 60</string>
    <string>2016-10-12 04:08:10 197 114 40 28 897 25 897 1 37 60</string>
    <string>2016-10-12 04:08:11 198 138 40 39 901 25 901 1 38 60</string>
    <string>2016-10-12 04:08:11 199 119 40 30 906 25 906 1 38 60</string>
    <string>2016-10-12 04:08:12 200 105 40 23 910 25 910 1 39 60</string>
    <string>2016-10-12 04:08:12 201 86 40 15 915 25 915 1 39 60</string>
    <string>2016-10-12 04:08:13 202 67 40 6 920 25 920 1 40 60</string>
    <string>2016-10-12 04:08:13 203 91 40 17 924 25 924 1 40 60</string>
    <string>2016-10-12 04:08:14 204 73 40 9 929 25 929 1 41 60</string>
    <string>2016-10-12 04:08:14 205 97 40 20 933 25 933 1 41 60</string>
    <string>2016-10-12 04:08:15 206 78 40 11 938 25 938 1 42 60</string>
    <string>2016-10-12 04:08:15 207 64 40 5 942 25 942 1 42 60</string>
    <string>2016-10-12 04:08:16 208 125 40 33 947 25 947 1 43 60</string>
    <string>2016-10-12 04:08:16 209 107 40 24 952 25 952 1 43 60</string>
    <string>2016-10-12 04:08:17 210 131 40 35 956 25 956 1 44 60</string>
    <string>2016-10-12 04:08:17 211 112 40 27 961 25 961 1 44 60</string>
    <string>2016-10-12 04:08:18 212 136 40 38 965 25 965 1 45 60</string>
    <string>2016-10-12 04:08:18 213 117 40 29 970 25 970 1 45 60</string>
    <string>2016-10-12 04:08:19 214 103 40 23 974 25 974 1 46 60</string>
    <string>2016-10-12 04:08:19 215 84 40 14 979 25 979 1 46 60</string>
    <string>2016-10-12 04:08:20 216 66 40 5 984 25 984 1 47 60</string>
    <string>2016-10-12 04:08:20 217 90 40 16 988 25 988 1 47 60</string>
    <string>2016-10-12 04:08:21 218 71 40 8 993 25 993 1 48 60</string>
    <string>2016-10-12 04:08:21 219 95 40 19 997 25 997 1 48 60</string>
    <string>2016-10-12 04:08:22 220 76 40 10 1002 25 1002 1 49 60</string>
    <string>2016-10-12 04:08:22 221 62 40 4 1006 25 1006 1 49 60</string>
    <string>2016-10-12 04:08:23 222 123 40 32 1011 25 1011 1 50 60</string>
    <string>2016-10-12 04:08:23 223 105 40 23 1016 25 1016 1 50 60</string>
    <string>2016-10-12 04:08:24 224 129 40 35 1020 25 1020 1 51 60</string>
    <string>2016-10-12 04:08:24 225 110 40 26 1025 25 1025 1 51 60</string>
    <string>2016-10-12 04:08:25 226 134 40 37 1029 25 1029 1 52 60</string>
    <string>2016-10-12 04:08:25 227 115 40 28 1034 25 1034 1 52 60</string>
    <string>2016-10-12 04:08:26 228 97 40 20 1039 25 1039 1 53 60</string>
    <string>2016-10-12 04:08:26 229 82 40 13 1043 25 1043 1 53 60</string>
    <string>2016-10-12 04:08:27 230 64 40 4 1048 25 1048 1 54 60</string>
    <string>2016-10-12 04:08:27 231 88 40 16 1052 25 1052 1 54 60</string>
    <string>2016-10-12 04:08:28 232 69 40 7 1057 25 1057 1 55 60</string>
    <string>2016-10-12 04:08:28 233 93 40 18 1061 25 1061 1 55 60</string>
    <string>2016-10-12 04:08:29 234 74 40 9 1066 25 1066 1 56 60</string>
    <string>2016-10-12 04:08:29 235 136 40 38 1071 25 1071 1 56 60</string>
    <string>2016-10-12 04:08:30 236 122 40 31 1075 25 1075 1 57 60</string>
    <string>2016-10-12 04:08:30 237 103 40 23 1080 25 1080 1 57 60</string>
    <string>2016-10-12 04:08:31 238 127 40 34 1084 25 1084 1 58 60</string>
    <string>2016-10-12 04:08:31 239 108 40 25 1089 25 1089 1 58 60</string>
    <string>2016-10-12 04:08:32 240 132 40 36 1093 25 1093 1 59 60</string>
    <string>2016-10-12 04:08:32 241 114 40 27 1098 25 1098 1 59 60</string>
    <string>2016-10-12 04:08:33 242 95 40 19 1103 25 1103 2 0 60</string>
    <string>2016-10-12 04:08:33 243 81 40 12 1107 25 1107 2 0 60</string>
    <string>2016-10-12 04:08:34 244 62 40 4 1112 25 1112 2 0 60</string>
    <string>2016-10-12 04:08:34 245 86 40 15 1116 25 1116 2 1 60</string>
    <string>2016-10-12 04:08:35 246 67 40 6 1121 25 1121 2 1 60</string>
    <string>2016-10-12 04:08:35 247 91 40 17 1125 25 1125 2 2 60</string>
    <string>2016-10-12 04:08:36 248 73 40 9 1130 25 1130 2 2 60</string>
    <string>2016-10-12 04:08:36 249 134 40 37 1135 25 1135 2 3 60</string>
    <string>2016-10-12 04:08:37 250 120 40 30 1139 25 1139 2 3 60</string>
    <string>2016-10-12 04:08:37 251 101 40 22 1144 25 1144 2 4 60</string>
    <string>2016-10-12 04:08:38 252 125 40 33 1148 25 1148 2 4 60</string>
    <string>2016-10-12 04:08:38 253 106 40 24 1153 25 1153 2 5 60</string>
    <string>2016-10-12 04:08:39 254 88 40 16 1158 25 1158 2 5 60</string>
    <string>2016-10-12 04:08:39 255 112 40 27 1162 25 1162 2 6 60</string>
    <string>2016-10-12 04:08:40 256 93 40 18 1167 25 1167 2 6 60</string>
    <string>2016-10-12 04:08:40 257 79 40 11 1171 25 1171 2 7 60</string>
    <string>2016-10-12 04:08:41 258 60 40 3 1176 25 1176 2 7 60</string>
    <string>2016-10-12 04:08:41 259 84 40 14 1180 25 1180 2 8 60</string>
    <string>2016-10-12 04:08:42 260 65 40 5 1185 25 1185 2 8 60</string>
    <string>2016-10-12 04:08:42 261 127 40 34 1190 25 1190 2 9 60</string>
    <string>2016-10-12 04:08:43 262 71 40 8 1194 25 1194 2 9 60</string>
    <string>2016-10-12 04:08:43 263 132 40 36 1199 25 1199 2 10 60</string>
    <string>2016-10-12 04:08:44 264 118 40 30 1203 25 1203 2 10 60</string>
    <string>2016-10-12 04:08:44 265 99 40 21 1208 25 1208 2 11 60</string>
    <string>2016-10-12 04:08:45 266 123 40 32 1212 25 1212 2 11 60</string>
    <string>2016-10-12 04:08:45 267 105 40 23 1217 25 1217 2 12 60</string>
    <string>2016-10-12 04:08:46 268 86 40 15 1222 25 1222 2 12 60</string>
    <string>2016-10-12 04:08:46 269 110 40 26 1226 25 1226 2 13 60</string>
    <string>2016-10-12 04:08:47 270 91 40 17 1231 25 1231 2 13 60</string>
    <string>2016-10-12 04:08:47 271 77 40 11 1235 25 1235 2 14 60</string>
    <string>2016-10-12 04:08:48 272 138 40 39 1240 25 1240 2 14 60</string>
    <string>2016-10-12 04:08:48 273 82 40 13 1244 25 1244 2 15 60</string>
    <string>2016-10-12 04:08:49 274 64 40 4 1249 25 1249 2 15 60</string>
    <string>2016-10-12 04:08:49 275 125 40 33 1254 25 1254 2 16 60</string>
    <string>2016-10-12 04:08:50 276 69 40 7 1258 25 1258 2 16 60</string>
    <string>2016-10-12 04:08:50 277 130 40 35 1263 25 1263 2 17 60</string>
    <string>2016-10-12 04:08:51 278 116 40 29 1267 25 1267 2 17 60</string>
    <string>2016-10-12 04:08:51 279 97 40 20 1272 25 1272 2 18 60</string>
    <string>2016-10-12 04:08:52 280 121 40 31 1276 25 1276 2 18 60</string>
    <string>2016-10-12 04:08:52 281 103 40 23 1281 25 1281 2 19 60</string>
    <string>2016-10-12 04:08:53 282 84 40 14 1286 25 1286 2 19 60</string>
    <string>2016-10-12 04:08:53 283 108 40 25 1290 25 1290 2 20 60</string>
    <string>2016-10-12 04:08:54 284 89 40 16 1295 25 1295 2 20 60</string>
    <string>2016-10-12 04:08:54 285 75 40 10 1299 25 1299 2 21 60</string>
    <string>2016-10-12 04:08:55 286 137 40 38 1304 25 1304 2 21 60</string>
    <string>2016-10-12 04:08:55 287 76 40 10 1309 25 1309 2 22 60</string>
    <string>2016-10-12 04:08:56 288 62 40 4 1313 25 1313 2 22 60</string>
    <string>2016-10-12 04:08:56 289 123 40 32 1318 25 1318 2 23 60</string>
    <string>2016-10-12 04:08:57 290 67 40 6 1322 25 1322 2 23 60</string>
    <string>2016-10-12 04:08:57 291 128 40 34 1327 25 1327 2 24 60</string>
    <string>2016-10-12 04:08:58 292 114 40 28 1331 25 1331 2 24 60</string>
    <string>2016-10-12 04:08:58 293 96 40 19 1336 25 1336 2 25 60</string>
    <string>2016-10-12 04:08:59 294 115 40 28 1341 25 1341 2 25 60</string>
    <string>2016-10-12 04:08:59 295 101 40 22 1345 25 1345 2 26 60</string>
    <string>2016-10-12 04:09:00 296 82 40 13 1350 25 1350 2 26 60</string>
    <string>2016-10-12 04:09:00 297 106 40 24 1354 25 1354 2 27 60</string>
    <string>2016-10-12 04:09:01 298 88 40 15 1359 25 1359 2 27 60</string>
    <string>2016-10-12 04:09:01 299 73 40 9 1363 25 1363 2 28 60</string>
    <string>2016-10-12 04:09:02 300 135 40 37 1368 25 1368 2 28 60</string>
    <string>2016-10-12 04:09:02 301 74 40 9 1373 25 1373 2 29 60</string>
    <string>2016-10-12 04:09:03 302 60 40 3 1377 25 1377 2 29 60</string>
    <string>2016-10-12 04:09:03 303 121 40 31 1382 25 1382 2 30 60</string>
    <string>2016-10-12 04:09:04 304 65 40 5 1386 25 1386 2 30 60</string>
    <string>2016-10-12 04:09:05 305 127 40 34 1391 25 1391 2 31 60</string>
    <string>2016-10-12 04:09:05 306 75 40 10 1394 25 1394 2 31 60</string>
    <string>2016-10-12 04:09:05 307 85 40 14 1399 25 1399 2 32 60</string>
    <string>2016-10-12 04:09:06 308 66 40 6 1404 25 1404 2 33 60</string>
    <string>2016-10-12 04:09:06 309 132 40 36 1408 25 1408 2 33 60</string>
    <string>2016-10-12 04:09:07 310 113 40 27 1413 25 1413 2 33 60</string>
    <string>2016-10-12 04:09:07 311 133 40 36 1418 25 1418 2 34 60</string>
    <string>2016-10-12 04:09:08 312 119 40 30 1422 25 1422 2 34 60</string>
    <string>2016-10-12 04:09:08 313 100 40 21 1427 25 1427 2 35 60</string>
    <string>2016-10-12 04:09:09 314 124 40 32 1431 25 1431 2 35 60</string>
    <string>2016-10-12 04:09:09 315 105 40 24 1436 25 1436 2 36 60</string>
    <string>2016-10-12 04:09:10 316 91 40 17 1440 25 1440 2 36 60</string>
    <string>2016-10-12 04:09:10 317 72 40 8 1445 25 1445 2 37 60</string>
    <string>2016-10-12 04:09:11 318 92 40 18 1450 25 1450 2 37 60</string>
    <string>2016-10-12 04:09:11 319 78 40 11 1454 25 1454 2 38 60</string>
    <string>2016-10-12 04:09:12 320 139 40 39 1459 25 1459 2 38 60</string>
    <string>2016-10-12 04:09:12 321 83 40 13 1463 25 1463 2 39 60</string>
    <string>2016-10-12 04:09:13 322 64 40 5 1468 25 1468 2 39 60</string>
    <string>2016-10-12 04:09:13 323 130 40 35 1472 25 1472 2 40 60</string>
    <string>2016-10-12 04:09:14 324 112 40 27 1477 25 1477 2 40 60</string>
    <string>2016-10-12 04:09:14 325 131 40 36 1482 25 1482 2 41 60</string>
    <string>2016-10-12 04:09:15 326 66 40 5 1486 25 1486 2 41 60</string>
    <string>2016-10-12 04:09:15 327 85 40 14 1491 25 1491 2 42 60</string>
    <string>2016-10-12 04:09:16 328 71 40 8 1495 25 1495 2 42 60</string>
    <string>2016-10-12 04:09:16 329 132 40 36 1500 25 1500 2 43 60</string>
    <string>2016-10-12 04:09:17 330 76 40 10 1504 25 1504 2 43 60</string>
    <string>2016-10-12 04:09:17 331 138 40 39 1509 25 1509 2 44 60</string>
    <string>2016-10-12 04:09:18 332 119 40 30 1514 25 1514 2 44 60</string>
    <string>2016-10-12 04:09:18 333 105 40 23 1518 25 1518 2 45 60</string>
    <string>2016-10-12 04:09:19 334 124 40 32 1523 25 1523 2 45 60</string>
    <string>2016-10-12 04:09:19 335 110 40 26 1527 25 1527 2 46 60</string>
    <string>2016-10-12 04:09:20 336 91 40 17 1532 25 1532 2 46 60</string>
    <string>2016-10-12 04:09:20 337 115 40 28 1536 25 1536 2 47 60</string>
    <string>2016-10-12 04:09:21 338 97 40 20 1541 25 1541 2 47 60</string>
    <string>2016-10-12 04:09:21 339 78 40 11 1546 25 1546 2 48 60</string>
    <string>2016-10-12 04:09:22 340 64 40 4 1550 25 1550 2 48 60</string>
    <string>2016-10-12 04:09:22 341 83 40 13 1555 25 1555 2 49 60</string>
    <string>2016-10-12 04:09:23 342 69 40 7 1559 25 1559 2 49 60</string>
    <string>2016-10-12 04:09:23 343 130 40 35 1564 25 1564 2 50 60</string>
    <string>2016-10-12 04:09:24 344 74 40 9 1568 25 1568 2 50 60</string>
    <string>2016-10-12 04:09:24 345 136 40 38 1573 25 1573 2 51 60</string>
    <string>2016-10-12 04:09:25 346 117 40 29 1578 25 1578 2 51 60</string>
    <string>2016-10-12 04:09:25 347 103 40 23 1582 25 1582 2 52 60</string>
    <string>2016-10-12 04:09:26 348 122 40 32 1587 25 1587 2 52 60</string>
    <string>2016-10-12 04:09:26 349 108 40 25 1591 25 1591 2 53 60</string>
    <string>2016-10-12 04:09:27 350 89 40 16 1596 25 1596 2 53 60</string>
    <string>2016-10-12 04:09:27 351 122 40 31 1601 25 1601 2 54 60</string>
    <string>2016-10-12 04:09:28 352 108 40 25 1605 25 1605 2 54 60</string>
    <string>2016-10-12 04:09:28 353 127 40 34 1610 25 1610 2 55 60</string>
    <string>2016-10-12 04:09:29 354 113 40 27 1614 25 1614 2 55 60</string>
    <string>2016-10-12 04:09:29 355 95 40 19 1619 25 1619 2 56 60</string>
    <string>2016-10-12 04:09:30 356 76 40 10 1624 25 1624 2 56 60</string>
    <string>2016-10-12 04:09:30 357 100 40 21 1628 25 1628 2 57 60</string>
    <string>2016-10-12 04:09:31 358 81 40 13 1633 25 1633 2 57 60</string>
    <string>2016-10-12 04:09:31 359 67 40 6 1637 25 1637 2 58 60</string>
    <string>2016-10-12 04:09:32 360 86 40 15 1642 25 1642 2 58 60</string>
    <string>2016-10-12 04:09:32 361 72 40 8 1646 25 1646 2 59 60</string>
    <string>2016-10-12 04:09:33 362 134 40 37 1651 25 1651 2 59 60</string>
    <string>2016-10-12 04:09:33 363 115 40 28 1656 25 1656 3 0 60</string>
    <string>2016-10-12 04:09:34 364 139 40 39 1660 25 1660 3 0 60</string>
    <string>2016-10-12 04:09:34 365 120 40 31 1665 25 1665 3 1 60</string>
    <string>2016-10-12 04:09:35 366 106 40 24 1669 25 1669 3 1 60</string>
    <string>2016-10-12 04:09:35 367 126 40 33 1674 25 1674 3 2 60</string>
    <string>2016-10-12 04:09:36 368 111 40 26 1678 25 1678 3 2 60</string>
    <string>2016-10-12 04:09:36 369 93 40 18 1683 25 1683 3 3 60</string>
    <string>2016-10-12 04:09:37 370 74 40 9 1688 25 1688 3 3 60</string>
    <string>2016-10-12 04:09:37 371 98 40 20 1692 25 1692 3 4 60</string>
    <string>2016-10-12 04:09:38 372 79 40 12 1697 25 1697 3 4 60</string>
    <string>2016-10-12 04:09:38 373 65 40 5 1701 25 1701 3 5 60</string>
    <string>2016-10-12 04:09:39 374 85 40 14 1706 25 1706 3 5 60</string>
    <string>2016-10-12 04:09:39 375 70 40 8 1710 25 1710 3 6 60</string>
    <string>2016-10-12 04:09:40 376 132 40 36 1715 25 1715 3 6 60</string>
    <string>2016-10-12 04:09:40 377 113 40 27 1720 25 1720 3 7 60</string>
    <string>2016-10-12 04:09:41 378 137 40 38 1724 25 1724 3 7 60</string>
    <string>2016-10-12 04:09:41 379 118 40 30 1729 25 1729 3 8 60</string>
    <string>2016-10-12 04:09:42 380 104 40 23 1733 25 1733 3 8 60</string>
    <string>2016-10-12 04:09:42 381 124 40 32 1738 25 1738 3 9 60</string>
    <string>2016-10-12 04:09:43 382 110 40 26 1742 25 1742 3 9 60</string>
    <string>2016-10-12 04:09:43 383 91 40 17 1747 25 1747 3 10 60</string>
    <string>2016-10-12 04:09:44 384 72 40 8 1752 25 1752 3 10 60</string>
    <string>2016-10-12 04:09:44 385 96 40 19 1756 25 1756 3 11 60</string>
    <string>2016-10-12 04:09:45 386 78 40 11 1761 25 1761 3 11 60</string>
    <string>2016-10-12 04:09:45 387 63 40 4 1765 25 1765 3 12 60</string>
    <string>2016-10-12 04:09:46 388 83 40 13 1770 25 1770 3 12 60</string>
    <string>2016-10-12 04:09:46 389 69 40 7 1774 25 1774 3 13 60</string>
    <string>2016-10-12 04:09:47 390 130 40 35 1779 25 1779 3 13 60</string>
    <string>2016-10-12 04:09:47 391 111 40 26 1784 25 1784 3 14 60</string>
    <string>2016-10-12 04:09:48 392 135 40 38 1788 25 1788 3 14 60</string>
    <string>2016-10-12 04:09:48 393 117 40 29 1793 25 1793 3 15 60</string>
    <string>2016-10-12 04:09:49 394 102 40 22 1797 25 1797 3 15 60</string>
    <string>2016-10-12 04:09:49 395 122 40 31 1802 25 1802 3 16 60</string>
    <string>2016-10-12 04:09:50 396 103 40 23 1807 25 1807 3 16 60</string>
    <string>2016-10-12 04:09:50 397 89 40 16 1811 25 1811 3 17 60</string>
    <string>2016-10-12 04:09:51 398 70 40 8 1816 25 1816 3 17 60</string>
    <string>2016-10-12 04:09:51 399 94 40 19 1820 25 1820 3 18 60</string>
    <string>2016-10-12 04:09:52 400 76 40 10 1825 25 1825 3 18 60</string>
    <string>2016-10-12 04:09:52 401 61 40 3 1829 25 1829 3 19 60</string>
    <string>2016-10-12 04:09:53 402 81 40 12 1834 25 1834 3 19 60</string>
    <string>2016-10-12 04:09:53 403 62 40 4 1839 25 1839 3 20 60</string>
    <string>2016-10-12 04:09:54 404 128 40 34 1843 25 1843 3 20 60</string>
    <string>2016-10-12 04:09:54 405 109 40 26 1848 25 1848 3 21 60</string>
    <string>2016-10-12 04:09:55 406 133 40 37 1852 25 1852 3 21 60</string>
    <string>2016-10-12 04:09:55 407 115 40 28 1857 25 1857 3 22 60</string>
    <string>2016-10-12 04:09:56 408 101 40 21 1861 25 1861 3 22 60</string>
    <string>2016-10-12 04:09:56 409 120 40 31 1866 25 1866 3 23 60</string>
    <string>2016-10-12 04:09:57 410 101 40 22 1871 25 1871 3 23 60</string>
    <string>2016-10-12 04:09:57 411 87 40 15 1875 25 1875 3 24 60</string>
    <string>2016-10-12 04:09:58 412 69 40 7 1880 25 1880 3 24 60</string>
    <string>2016-10-12 04:09:58 413 93 40 18 1884 25 1884 3 25 60</string>
    <string>2016-10-12 04:09:59 414 74 40 9 1889 25 1889 3 25 60</string>
    <string>2016-10-12 04:09:59 415 60 40 3 1893 25 1893 3 26 60</string>
    <string>2016-10-12 04:10:00 416 79 40 12 1898 25 1898 3 26 60</string>
    <string>2016-10-12 04:10:00 417 61 40 3 1903 25 1903 3 27 60</string>
    <string>2016-10-12 04:10:01 418 126 40 33 1907 25 1907 3 27 60</string>
    <string>2016-10-12 04:10:01 419 108 40 25 1912 25 1912 3 28 60</string>
    <string>2016-10-12 04:10:02 420 132 40 36 1916 25 1916 3 28 60</string>
    <string>2016-10-12 04:10:02 421 113 40 27 1921 25 1921 3 29 60</string>
    <string>2016-10-12 04:10:03 422 94 40 19 1926 25 1926 3 29 60</string>
    <string>2016-10-12 04:10:03 423 118 40 30 1930 25 1930 3 30 60</string>
    <string>2016-10-12 04:10:04 424 100 40 21 1935 25 1935 3 30 60</string>
    <string>2016-10-12 04:10:04 425 85 40 14 1939 25 1939 3 31 60</string>
    <string>2016-10-12 04:10:05 426 67 40 6 1944 25 1944 3 31 60</string>
    <string>2016-10-12 04:10:05 427 91 40 17 1948 25 1948 3 32 60</string>
    <string>2016-10-12 04:10:06 428 72 40 8 1953 25 1953 3 32 60</string>
    <string>2016-10-12 04:10:06 429 133 40 37 1958 25 1958 3 33 60</string>
    <string>2016-10-12 04:10:07 430 77 40 11 1962 25 1962 3 33 60</string>
    <string>2016-10-12 04:10:07 431 139 40 39 1967 25 1967 3 34 60</string>
    <string>2016-10-12 04:10:08 432 124 40 33 1971 25 1971 3 34 60</string>
    <string>2016-10-12 04:10:08 433 106 40 24 1976 25 1976 3 35 60</string>
    <string>2016-10-12 04:10:09 434 130 40 35 1980 25 1980 3 35 60</string>
    <string>2016-10-12 04:10:09 435 111 40 26 1985 25 1985 3 36 60</string>
    <string>2016-10-12 04:10:10 436 92 40 18 1990 25 1990 3 36 60</string>
    <string>2016-10-12 04:10:10 437 116 40 29 1994 25 1994 3 37 60</string>
    <string>2016-10-12 04:10:11 438 98 40 20 1999 25 1999 3 37 60</string>
    <string>2016-10-12 04:10:11 439 84 40 14 2003 25 2003 3 38 60</string>
    <string>2016-10-12 04:10:12 440 65 40 5 2008 25 2008 3 38 60</string>
    <string>2016-10-12 04:10:12 441 89 40 16 2012 25 2012 3 39 60</string>
    <string>2016-10-12 04:10:13 442 70 40 7 2017 25 2017 3 39 60</string>
    <string>2016-10-12 04:10:13 443 132 40 36 2022 25 2022 3 40 60</string>
    <string>2016-10-12 04:10:14 444 76 40 10 2026 25 2026 3 40 60</string>
    <string>2016-10-12 04:10:14 445 137 40 38 2031 25 2031 3 41 60</string>
    <string>2016-10-12 04:10:15 446 123 40 32 2035 25 2035 3 41 60</string>
    <string>2016-10-12 04:10:15 447 104 40 23 2040 25 2040 3 42 60</string>
    <string>2016-10-12 04:10:16 448 85 40 14 2045 25 2045 3 42 60</string>
    <string>2016-10-12 04:10:16 449 109 40 26 2049 25 2049 3 43 60</string>
    <string>2016-10-12 04:10:17 450 91 40 17 2054 25 2054 3 43 60</string>
    <string>2016-10-12 04:10:17 451 115 40 28 2058 25 2058 3 44 60</string>
    <string>2016-10-12 04:10:18 452 96 40 19 2063 25 2063 3 44 60</string>
    <string>2016-10-12 04:10:18 453 82 40 13 2067 25 2067 3 45 60</string>
    <string>2016-10-12 04:10:19 454 63 40 4 2072 25 2072 3 45 60</string>
    <string>2016-10-12 04:10:19 455 124 40 33 2077 25 2077 3 46 60</string>
    <string>2016-10-12 04:10:20 456 68 40 7 2081 25 2081 3 46 60</string>
    <string>2016-10-12 04:10:20 457 130 40 35 2086 25 2086 3 47 60</string>
    <string>2016-10-12 04:10:21 458 74 40 9 2090 25 2090 3 47 60</string>
    <string>2016-10-12 04:10:21 459 135 40 37 2095 25 2095 3 48 60</string>
    <string>2016-10-12 04:10:22 460 121 40 31 2099 25 2099 3 48 60</string>
    <string>2016-10-12 04:10:22 461 102 40 22 2104 25 2104 3 49 60</string>
    <string>2016-10-12 04:10:23 462 83 40 14 2109 25 2109 3 49 60</string>
    <string>2016-10-12 04:10:23 463 107 40 25 2113 25 2113 3 50 60</string>
    <string>2016-10-12 04:10:24 464 89 40 16 2118 25 2118 3 50 60</string>
    <string>2016-10-12 04:10:24 465 113 40 27 2122 25 2122 3 51 60</string>
    <string>2016-10-12 04:10:25 466 94 40 19 2127 25 2127 3 51 60</string>
    <string>2016-10-12 04:10:25 467 80 40 12 2131 25 2131 3 52 60</string>
    <string>2016-10-12 04:10:26 468 61 40 3 2136 25 2136 3 52 60</string>
    <string>2016-10-12 04:10:26 469 123 40 32 2141 25 2141 3 53 60</string>
  </Results>
</ServerData>