<?xml version="1.0"?>
<ServerData xmlns:xsi="http://www.w3.org/2001/XMLSchema-instance" xmlns:xsd="http://www.w3.org/2001/XMLSchema">
  <Name>feiwoa</Name>
  <Password>jfioq</Password>
  <Doctor>false</Doctor>
  <Messages />
  <Results>
    <string>2016-10-19 09:58:40 1 10 40 2 0 25 0 0 0 60</string>
    <string>2016-10-19 09:58:41 2 77 40 112 4 25 4 0 0 60</string>
    <string>2016-10-19 09:58:41 3 79 40 121 8 25 8 0 1 60</string>
    <string>2016-10-19 09:58:42 4 60 40 4 13 25 13 0 1 60</string>
    <string>2016-10-19 09:58:42 5 84 40 154 17 25 17 0 2 60</string>
    <string>2016-10-19 09:58:43 6 65 40 38 22 25 22 0 2 60</string>
    <string>2016-10-19 09:58:43 7 114 40 339 27 25 27 0 3 60</string>
    <string>2016-10-19 09:58:44 8 128 40 429 31 25 31 0 3 60</string>
    <string>2016-10-19 09:58:44 9 65 40 36 35 25 35 0 4 60</string>
    <string>2016-10-19 09:58:45 10 113 40 337 40 25 40 0 4 60</string>
    <string>2016-10-19 09:58:45 11 99 40 248 44 25 44 0 5 60</string>
    <string>2016-10-19 09:58:46 12 139 40 495 48 25 48 0 5 60</string>
    <string>2016-10-19 09:58:46 13 120 40 379 53 25 53 0 6 60</string>
    <string>2016-10-19 09:58:47 14 101 40 262 58 25 58 0 6 60</string>
    <string>2016-10-19 09:58:47 15 87 40 174 62 25 62 0 6 60</string>
    <string>2016-10-19 09:58:48 16 107 40 296 67 25 67 0 7 60</string>
    <string>2016-10-19 09:58:48 17 93 40 207 71 25 71 0 7 60</string>
    <string>2016-10-19 09:58:49 18 61 40 9 76 25 76 0 8 60</string>
    <string>2016-10-19 09:58:49 19 75 40 99 79 25 79 0 9 60</string>
    <string>2016-10-19 09:58:50 20 92 40 205 83 25 83 0 9 60</string>
    <string>2016-10-19 09:58:50 21 89 40 186 88 25 88 0 9 60</string>
    <string>2016-10-19 09:58:51 22 113 40 336 92 25 92 0 10 60</string>
    <string>2016-10-19 09:58:51 23 95 40 219 97 25 97 0 10 60</string>
    <string>2016-10-19 09:58:52 24 80 40 131 101 25 101 0 11 60</string>
    <string>2016-10-19 09:58:52 25 100 40 253 106 25 106 0 11 60</string>
    <string>2016-10-19 09:58:53 26 81 40 136 111 25 111 0 12 60</string>
    <string>2016-10-19 09:58:53 27 134 40 465 115 25 115 0 12 60</string>
    <string>2016-10-19 09:58:54 28 115 40 348 120 25 120 0 13 60</string>
    <string>2016-10-19 09:58:54 29 101 40 260 124 25 124 0 13 60</string>
    <string>2016-10-19 09:58:55 30 82 40 143 129 25 129 0 14 60</string>
    <string>2016-10-19 09:58:55 31 135 40 472 133 25 133 0 14 60</string>
    <string>2016-10-19 09:58:56 32 132 40 453 138 25 138 0 15 60</string>
    <string>2016-10-19 09:58:56 33 133 40 462 142 25 142 0 15 60</string>
    <string>2016-10-19 09:58:57 34 86 40 166 147 25 147 0 16 60</string>
    <string>2016-10-19 09:58:57 35 110 40 316 151 25 151 0 16 60</string>
    <string>2016-10-19 09:58:58 36 91 40 199 156 25 156 0 17 60</string>
    <string>2016-10-19 09:58:58 37 77 40 111 160 25 160 0 17 60</string>
    <string>2016-10-19 09:58:59 38 139 40 493 165 25 165 0 18 60</string>
    <string>2016-10-19 09:58:59 39 111 40 323 169 25 169 0 18 60</string>
    <string>2016-10-19 09:59:00 40 93 40 207 174 25 174 0 19 60</string>
    <string>2016-10-19 09:59:00 41 74 40 90 179 25 179 0 19 60</string>
    <string>2016-10-19 09:59:01 42 98 40 240 183 25 183 0 20 60</string>
    <string>2016-10-19 09:59:01 43 99 40 248 187 25 187 0 20 60</string>
    <string>2016-10-19 09:59:02 44 125 40 408 192 25 192 0 21 60</string>
    <string>2016-10-19 09:59:02 45 69 40 59 196 25 196 0 21 60</string>
    <string>2016-10-19 09:59:03 46 102 40 263 201 25 201 0 22 60</string>
    <string>2016-10-19 09:59:03 47 83 40 146 206 25 206 0 22 60</string>
    <string>2016-10-19 09:59:04 48 69 40 57 210 25 210 0 23 60</string>
    <string>2016-10-19 09:59:04 49 130 40 440 215 25 215 0 23 60</string>
    <string>2016-10-19 09:59:05 50 74 40 91 219 25 219 0 24 60</string>
    <string>2016-10-19 09:59:05 51 135 40 473 224 25 224 0 24 60</string>
    <string>2016-10-19 09:59:06 52 117 40 357 229 25 229 0 25 60</string>
    <string>2016-10-19 09:59:06 53 61 40 7 233 25 233 0 25 60</string>
    <string>2016-10-19 09:59:07 54 122 40 390 238 25 238 0 26 60</string>
    <string>2016-10-19 09:59:07 55 88 40 176 242 25 242 0 26 60</string>
    <string>2016-10-19 09:59:08 56 60 40 6 246 25 246 0 27 60</string>
    <string>2016-10-19 09:59:08 57 109 40 307 251 25 251 0 27 60</string>
    <string>2016-10-19 09:59:09 58 94 40 218 255 25 255 0 28 60</string>
    <string>2016-10-19 09:59:09 59 63 40 20 260 25 260 0 28 60</string>
    <string>2016-10-19 09:59:10 60 128 40 430 264 25 264 0 29 60</string>
    <string>2016-10-19 09:59:10 61 97 40 232 269 25 269 0 29 60</string>
    <string>2016-10-19 09:59:11 62 91 40 197 274 25 274 0 30 60</string>
    <string>2016-10-19 09:59:11 63 72 40 81 279 25 279 0 30 60</string>
    <string>2016-10-19 09:59:12 64 68 40 51 283 25 283 0 31 60</string>
    <string>2016-10-19 09:59:12 65 129 40 434 288 25 288 0 31 60</string>
    <string>2016-10-19 09:59:13 66 110 40 318 293 25 293 0 32 60</string>
    <string>2016-10-19 09:59:13 67 83 40 147 297 25 297 0 32 60</string>
    <string>2016-10-19 09:59:14 68 84 40 156 301 25 301 0 33 60</string>
    <string>2016-10-19 09:59:14 69 81 40 137 306 25 306 0 33 60</string>
    <string>2016-10-19 09:59:15 70 67 40 48 310 25 310 0 34 60</string>
    <string>2016-10-19 09:59:15 71 128 40 431 315 25 315 0 34 60</string>
    <string>2016-10-19 09:59:16 72 101 40 260 319 25 319 0 35 60</string>
    <string>2016-10-19 09:59:16 73 83 40 144 324 25 324 0 36 60</string>
    <string>2016-10-19 09:59:17 74 102 40 266 329 25 329 0 36 60</string>
    <string>2016-10-19 09:59:17 75 88 40 177 333 25 333 0 36 60</string>
    <string>2016-10-19 09:59:18 76 69 40 61 338 25 338 0 37 60</string>
    <string>2016-10-19 09:59:18 77 93 40 210 342 25 342 0 37 60</string>
    <string>2016-10-19 09:59:19 78 74 40 94 347 25 347 0 38 60</string>
    <string>2016-10-19 09:59:19 79 91 40 200 351 25 351 0 38 60</string>
    <string>2016-10-19 09:59:20 80 93 40 209 355 25 355 0 39 60</string>
    <string>2016-10-19 09:59:20 81 74 40 92 360 25 360 0 39 60</string>
    <string>2016-10-19 09:59:21 82 136 40 475 365 25 365 0 40 60</string>
    <string>2016-10-19 09:59:21 83 80 40 126 369 25 369 0 40 60</string>
    <string>2016-10-19 09:59:22 84 61 40 9 374 25 374 0 41 60</string>
    <string>2016-10-19 09:59:22 85 127 40 419 378 25 378 0 41 60</string>
    <string>2016-10-19 09:59:23 86 95 40 221 383 25 383 0 42 60</string>
    <string>2016-10-19 09:59:23 87 81 40 133 387 25 387 0 42 60</string>
    <string>2016-10-19 09:59:24 88 100 40 255 392 25 392 0 43 60</string>
    <string>2016-10-19 09:59:24 89 82 40 138 397 25 397 0 43 60</string>
    <string>2016-10-19 09:59:25 90 67 40 49 401 25 401 0 44 60</string>
    <string>2016-10-19 09:59:25 91 136 40 475 405 25 405 0 44 60</string>
    <string>2016-10-19 09:59:26 92 86 40 164 409 25 409 0 45 60</string>
    <string>2016-10-19 09:59:26 93 134 40 465 414 25 414 0 45 60</string>
    <string>2016-10-19 09:59:27 94 120 40 376 418 25 418 0 46 60</string>
    <string>2016-10-19 09:59:27 95 139 40 498 423 25 423 0 46 60</string>
    <string>2016-10-19 09:59:28 96 121 40 382 428 25 428 0 47 60</string>
    <string>2016-10-19 09:59:28 97 106 40 293 432 25 432 0 47 60</string>
    <string>2016-10-19 09:59:29 98 88 40 177 437 25 437 0 48 60</string>
    <string>2016-10-19 09:59:29 99 112 40 326 441 25 441 0 48 60</string>
    <string>2016-10-19 09:59:30 100 93 40 210 446 25 446 0 49 60</string>
    <string>2016-10-19 09:59:30 101 74 40 94 451 25 451 0 49 60</string>
    <string>2016-10-19 09:59:31 102 98 40 243 455 25 455 0 50 60</string>
    <string>2016-10-19 09:59:31 103 108 40 306 460 25 460 0 50 60</string>
  </Results>
</ServerData>