<?xml version="1.0"?>
<ServerData xmlns:xsi="http://www.w3.org/2001/XMLSchema-instance" xmlns:xsd="http://www.w3.org/2001/XMLSchema">
  <Name>fejwoifa</Name>
  <Password>fjewio</Password>
  <Doctor>false</Doctor>
  <Messages />
  <Results>
    <string>2016-10-18 12:32:10 1 10 40 2 0 25 0 0 0 60</string>
    <string>2016-10-18 12:32:10 2 63 40 4 4 25 4 0 0 60</string>
    <string>2016-10-18 12:32:11 3 124 40 32 9 25 9 0 0 60</string>
    <string>2016-10-18 12:32:11 4 81 40 13 13 25 13 0 1 60</string>
    <string>2016-10-18 12:32:12 5 63 40 4 18 25 18 0 1 60</string>
    <string>2016-10-18 12:32:12 6 124 40 32 23 25 23 0 2 60</string>
    <string>2016-10-18 12:32:13 7 97 40 20 27 25 27 0 2 60</string>
    <string>2016-10-18 12:32:13 8 65 40 5 32 25 32 0 3 60</string>
    <string>2016-10-18 12:32:14 9 131 40 35 36 25 36 0 3 60</string>
    <string>2016-10-18 12:32:14 10 112 40 27 41 25 41 0 4 60</string>
    <string>2016-10-18 12:32:15 11 136 40 38 45 25 45 0 4 60</string>
    <string>2016-10-18 12:32:15 12 117 40 29 50 25 50 0 5 60</string>
    <string>2016-10-18 12:32:16 13 103 40 23 54 25 54 0 5 60</string>
    <string>2016-10-18 12:32:16 14 85 40 14 59 25 59 0 6 60</string>
    <string>2016-10-18 12:32:17 15 104 40 23 64 25 64 0 6 60</string>
    <string>2016-10-18 12:32:17 16 90 40 17 68 25 68 0 7 60</string>
    <string>2016-10-18 12:32:18 17 71 40 8 73 25 73 0 7 60</string>
    <string>2016-10-18 12:32:18 18 95 40 19 77 25 77 0 8 60</string>
    <string>2016-10-18 12:32:19 19 77 40 10 82 25 82 0 8 60</string>
    <string>2016-10-18 12:32:19 20 62 40 4 86 25 86 0 9 60</string>
    <string>2016-10-18 12:32:20 21 124 40 32 91 25 91 0 9 60</string>
    <string>2016-10-18 12:32:20 22 63 40 4 96 25 96 0 10 60</string>
    <string>2016-10-18 12:32:21 23 129 40 35 100 25 100 0 10 60</string>
    <string>2016-10-18 12:32:21 24 110 40 26 105 25 105 0 11 60</string>
    <string>2016-10-18 12:32:22 25 134 40 37 109 25 109 0 11 60</string>
    <string>2016-10-18 12:32:22 26 116 40 28 114 25 114 0 12 60</string>
    <string>2016-10-18 12:32:23 27 97 40 20 119 25 119 0 12 60</string>
    <string>2016-10-18 12:32:23 28 83 40 13 123 25 123 0 13 60</string>
    <string>2016-10-18 12:32:24 29 102 40 22 128 25 128 0 13 60</string>
    <string>2016-10-18 12:32:24 30 88 40 16 132 25 132 0 14 60</string>
    <string>2016-10-18 12:32:25 31 69 40 7 137 25 137 0 14 60</string>
    <string>2016-10-18 12:32:25 32 93 40 18 141 25 141 0 15 60</string>
    <string>2016-10-18 12:32:26 33 75 40 10 146 25 146 0 15 60</string>
    <string>2016-10-18 12:32:26 34 136 40 38 151 25 151 0 16 60</string>
    <string>2016-10-18 12:32:27 35 122 40 31 155 25 155 0 16 60</string>
    <string>2016-10-18 12:32:27 36 61 40 3 160 25 160 0 17 60</string>
    <string>2016-10-18 12:32:28 37 127 40 34 164 25 164 0 17 60</string>
    <string>2016-10-18 12:32:28 38 108 40 25 169 25 169 0 18 60</string>
    <string>2016-10-18 12:32:29 39 132 40 36 173 25 173 0 18 60</string>
    <string>2016-10-18 12:32:29 40 114 40 28 178 25 178 0 19 60</string>
    <string>2016-10-18 12:32:30 41 95 40 19 183 25 183 0 19 60</string>
    <string>2016-10-18 12:32:30 42 81 40 12 187 25 187 0 20 60</string>
    <string>2016-10-18 12:32:31 43 100 40 21 192 25 192 0 20 60</string>
    <string>2016-10-18 12:32:31 44 86 40 15 196 25 196 0 21 60</string>
    <string>2016-10-18 12:32:32 45 68 40 6 201 25 201 0 21 60</string>
    <string>2016-10-18 12:32:32 46 129 40 35 206 25 206 0 22 60</string>
    <string>2016-10-18 12:32:33 47 73 40 9 210 25 210 0 22 60</string>
    <string>2016-10-18 12:32:33 48 134 40 37 215 25 215 0 23 60</string>
    <string>2016-10-18 12:32:34 49 120 40 30 219 25 219 0 23 60</string>
    <string>2016-10-18 12:32:34 50 88 40 16 224 25 224 0 24 60</string>
    <string>2016-10-18 12:32:35 51 74 40 9 228 25 228 0 24 60</string>
    <string>2016-10-18 12:32:35 52 94 40 18 233 25 233 0 25 60</string>
    <string>2016-10-18 12:32:36 53 79 40 12 237 25 237 0 25 60</string>
    <string>2016-10-18 12:32:36 54 61 40 3 242 25 242 0 26 60</string>
    <string>2016-10-18 12:32:37 55 122 40 31 247 25 247 0 26 60</string>
    <string>2016-10-18 12:32:37 56 66 40 6 251 25 251 0 27 60</string>
    <string>2016-10-18 12:32:38 57 127 40 34 256 25 256 0 27 60</string>
    <string>2016-10-18 12:32:38 58 113 40 27 260 25 260 0 28 60</string>
    <string>2016-10-18 12:32:39 59 133 40 36 265 25 265 0 28 60</string>
    <string>2016-10-18 12:32:39 60 118 40 30 269 25 269 0 29 60</string>
    <string>2016-10-18 12:32:40 61 100 40 21 274 25 274 0 29 60</string>
    <string>2016-10-18 12:32:40 62 81 40 12 279 25 279 0 30 60</string>
    <string>2016-10-18 12:32:41 63 105 40 24 283 25 283 0 30 60</string>
    <string>2016-10-18 12:32:41 64 86 40 15 288 25 288 0 31 60</string>
    <string>2016-10-18 12:32:42 65 139 40 39 292 25 292 0 31 60</string>
    <string>2016-10-18 12:32:42 66 120 40 31 297 25 297 0 32 60</string>
    <string>2016-10-18 12:32:43 67 106 40 24 301 25 301 0 32 60</string>
    <string>2016-10-18 12:32:43 68 126 40 33 306 25 306 0 33 60</string>
    <string>2016-10-18 12:32:44 69 112 40 27 310 25 310 0 33 60</string>
    <string>2016-10-18 12:32:44 70 93 40 18 315 25 315 0 34 60</string>
    <string>2016-10-18 12:32:45 71 74 40 9 320 25 320 0 34 60</string>
    <string>2016-10-18 12:32:45 72 98 40 20 324 25 324 0 35 60</string>
    <string>2016-10-18 12:32:46 73 80 40 12 329 25 329 0 35 60</string>
    <string>2016-10-18 12:32:46 74 65 40 5 333 25 333 0 36 60</string>
    <string>2016-10-18 12:32:47 75 85 40 14 338 25 338 0 36 60</string>
    <string>2016-10-18 12:32:47 76 71 40 8 342 25 342 0 37 60</string>
    <string>2016-10-18 12:32:48 77 132 40 36 347 25 347 0 37 60</string>
    <string>2016-10-18 12:32:48 78 113 40 27 352 25 352 0 38 60</string>
    <string>2016-10-18 12:32:49 79 137 40 38 356 25 356 0 38 60</string>
    <string>2016-10-18 12:32:49 80 119 40 30 361 25 361 0 39 60</string>
    <string>2016-10-18 12:32:50 81 104 40 23 365 25 365 0 39 60</string>
    <string>2016-10-18 12:32:50 82 124 40 32 370 25 370 0 40 60</string>
    <string>2016-10-18 12:32:51 83 110 40 26 374 25 374 0 40 60</string>
    <string>2016-10-18 12:32:51 84 91 40 17 379 25 379 0 41 60</string>
    <string>2016-10-18 12:32:52 85 72 40 8 384 25 384 0 41 60</string>
    <string>2016-10-18 12:32:52 86 96 40 20 388 25 388 0 42 60</string>
    <string>2016-10-18 12:32:53 87 78 40 11 393 25 393 0 42 60</string>
    <string>2016-10-18 12:32:53 88 63 40 4 397 25 397 0 43 60</string>
    <string>2016-10-18 12:32:54 89 83 40 13 402 25 402 0 43 60</string>
    <string>2016-10-18 12:32:54 90 64 40 5 407 25 407 0 44 60</string>
    <string>2016-10-18 12:32:55 91 130 40 35 411 25 411 0 44 60</string>
    <string>2016-10-18 12:32:55 92 111 40 27 416 25 416 0 45 60</string>
    <string>2016-10-18 12:32:56 93 135 40 38 420 25 420 0 45 60</string>
    <string>2016-10-18 12:32:56 94 117 40 29 425 25 425 0 46 60</string>
    <string>2016-10-18 12:32:57 95 103 40 22 429 25 429 0 46 60</string>
    <string>2016-10-18 12:32:57 96 122 40 31 434 25 434 0 47 60</string>
    <string>2016-10-18 12:32:58 97 103 40 23 439 25 439 0 47 60</string>
    <string>2016-10-18 12:32:58 98 89 40 16 443 25 443 0 48 60</string>
    <string>2016-10-18 12:32:59 99 71 40 8 448 25 448 0 48 60</string>
    <string>2016-10-18 12:32:59 100 95 40 19 452 25 452 0 49 60</string>
    <string>2016-10-18 12:33:00 101 76 40 10 457 25 457 0 49 60</string>
    <string>2016-10-18 12:33:00 102 62 40 4 461 25 461 0 50 60</string>
    <string>2016-10-18 12:33:01 103 81 40 13 466 25 466 0 50 60</string>
    <string>2016-10-18 12:33:01 104 63 40 4 471 25 471 0 51 60</string>
    <string>2016-10-18 12:33:02 105 128 40 34 475 25 475 0 51 60</string>
    <string>2016-10-18 12:33:02 106 110 40 26 480 25 480 0 52 60</string>
    <string>2016-10-18 12:33:03 107 134 40 37 484 25 484 0 52 60</string>
    <string>2016-10-18 12:33:03 108 115 40 28 489 25 489 0 53 60</string>
    <string>2016-10-18 12:33:04 109 101 40 22 493 25 493 0 53 60</string>
    <string>2016-10-18 12:33:04 110 120 40 31 498 25 498 0 54 60</string>
    <string>2016-10-18 12:33:05 111 102 40 22 503 25 503 0 54 60</string>
    <string>2016-10-18 12:33:05 112 87 40 15 507 25 507 0 55 60</string>
    <string>2016-10-18 12:33:06 113 69 40 7 512 25 512 0 55 60</string>
    <string>2016-10-18 12:33:06 114 93 40 18 516 25 516 0 56 60</string>
    <string>2016-10-18 12:33:07 115 74 40 9 521 25 521 0 56 60</string>
    <string>2016-10-18 12:33:07 116 60 40 3 525 25 525 0 57 60</string>
    <string>2016-10-18 12:33:08 117 79 40 12 530 25 530 0 57 60</string>
    <string>2016-10-18 12:33:08 118 61 40 3 535 25 535 0 58 60</string>
    <string>2016-10-18 12:33:09 119 127 40 33 539 25 539 0 58 60</string>
    <string>2016-10-18 12:33:09 120 108 40 25 544 25 544 0 59 60</string>
    <string>2016-10-18 12:33:10 121 132 40 36 548 25 548 0 59 60</string>
    <string>2016-10-18 12:33:10 122 113 40 27 553 25 553 1 0 60</string>
    <string>2016-10-18 12:33:11 123 94 40 19 558 25 558 1 0 60</string>
    <string>2016-10-18 12:33:11 124 118 40 30 562 25 562 1 1 60</string>
    <string>2016-10-18 12:33:12 125 100 40 21 567 25 567 1 1 60</string>
    <string>2016-10-18 12:33:12 126 86 40 15 571 25 571 1 2 60</string>
    <string>2016-10-18 12:33:13 127 67 40 6 576 25 576 1 2 60</string>
    <string>2016-10-18 12:33:13 128 91 40 17 580 25 580 1 3 60</string>
    <string>2016-10-18 12:33:14 129 72 40 8 585 25 585 1 3 60</string>
    <string>2016-10-18 12:33:14 130 134 40 37 590 25 590 1 4 60</string>
    <string>2016-10-18 12:33:15 131 78 40 11 594 25 594 1 4 60</string>
    <string>2016-10-18 12:33:15 132 139 40 39 599 25 599 1 5 60</string>
    <string>2016-10-18 12:33:16 133 125 40 33 603 25 603 1 5 60</string>
    <string>2016-10-18 12:33:16 134 106 40 24 608 25 608 1 6 60</string>
    <string>2016-10-18 12:33:17 135 130 40 35 612 25 612 1 6 60</string>
    <string>2016-10-18 12:33:17 136 111 40 26 617 25 617 1 7 60</string>
    <string>2016-10-18 12:33:18 137 93 40 18 622 25 622 1 7 60</string>
    <string>2016-10-18 12:33:18 138 117 40 29 626 25 626 1 8 60</string>
    <string>2016-10-18 12:33:19 139 98 40 20 631 25 631 1 8 60</string>
    <string>2016-10-18 12:33:19 140 84 40 14 635 25 635 1 9 60</string>
    <string>2016-10-18 12:33:20 141 65 40 5 640 25 640 1 9 60</string>
    <string>2016-10-18 12:33:20 142 89 40 16 644 25 644 1 10 60</string>
    <string>2016-10-18 12:33:21 143 70 40 8 649 25 649 1 10 60</string>
    <string>2016-10-18 12:33:21 144 132 40 36 654 25 654 1 11 60</string>
    <string>2016-10-18 12:33:22 145 76 40 10 658 25 658 1 11 60</string>
    <string>2016-10-18 12:33:22 146 137 40 38 663 25 663 1 12 60</string>
    <string>2016-10-18 12:33:23 147 123 40 32 667 25 667 1 12 60</string>
    <string>2016-10-18 12:33:23 148 104 40 23 672 25 672 1 13 60</string>
    <string>2016-10-18 12:33:24 149 128 40 34 676 25 676 1 13 60</string>
    <string>2016-10-18 12:33:24 150 110 40 26 681 25 681 1 14 60</string>
    <string>2016-10-18 12:33:25 151 91 40 17 686 25 686 1 14 60</string>
    <string>2016-10-18 12:33:25 152 115 40 28 690 25 690 1 15 60</string>
    <string>2016-10-18 12:33:26 153 96 40 19 695 25 695 1 15 60</string>
    <string>2016-10-18 12:33:26 154 82 40 13 699 25 699 1 16 60</string>
    <string>2016-10-18 12:33:27 155 63 40 4 704 25 704 1 16 60</string>
    <string>2016-10-18 12:33:27 156 87 40 15 708 25 708 1 17 60</string>
    <string>2016-10-18 12:33:28 157 69 40 7 713 25 713 1 17 60</string>
    <string>2016-10-18 12:33:28 158 130 40 35 718 25 718 1 18 60</string>
    <string>2016-10-18 12:33:29 159 74 40 9 722 25 722 1 18 60</string>
    <string>2016-10-18 12:33:29 160 135 40 38 727 25 727 1 19 60</string>
    <string>2016-10-18 12:33:30 161 121 40 31 731 25 731 1 19 60</string>
    <string>2016-10-18 12:33:30 162 102 40 22 736 25 736 1 20 60</string>
    <string>2016-10-18 12:33:31 163 126 40 33 740 25 740 1 20 60</string>
    <string>2016-10-18 12:33:31 164 108 40 25 745 25 745 1 21 60</string>
    <string>2016-10-18 12:33:32 165 89 40 16 750 25 750 1 21 60</string>
    <string>2016-10-18 12:33:32 166 113 40 27 754 25 754 1 22 60</string>
    <string>2016-10-18 12:33:33 167 94 40 19 759 25 759 1 22 60</string>
    <string>2016-10-18 12:33:33 168 67 40 6 763 25 763 1 23 60</string>
    <string>2016-10-18 12:33:34 169 128 40 34 768 25 768 1 23 60</string>
    <string>2016-10-18 12:33:34 170 114 40 28 772 25 772 1 24 60</string>
    <string>2016-10-18 12:33:35 171 95 40 19 777 25 777 1 24 60</string>
    <string>2016-10-18 12:33:35 172 77 40 11 782 25 782 1 25 60</string>
    <string>2016-10-18 12:33:36 173 101 40 22 786 25 786 1 25 60</string>
    <string>2016-10-18 12:33:36 174 82 40 13 791 25 791 1 26 60</string>
    <string>2016-10-18 12:33:37 175 106 40 24 795 25 795 1 26 60</string>
    <string>2016-10-18 12:33:37 176 87 40 15 800 25 800 1 27 60</string>
    <string>2016-10-18 12:33:38 177 73 40 9 804 25 804 1 27 60</string>
    <string>2016-10-18 12:33:38 178 135 40 37 809 25 809 1 28 60</string>
    <string>2016-10-18 12:33:39 179 116 40 29 814 25 814 1 28 60</string>
    <string>2016-10-18 12:33:39 180 60 40 3 818 25 818 1 29 60</string>
    <string>2016-10-18 12:33:40 181 121 40 31 823 25 823 1 29 60</string>
    <string>2016-10-18 12:33:40 182 65 40 5 827 25 827 1 30 60</string>
    <string>2016-10-18 12:33:41 183 127 40 34 832 25 832 1 30 60</string>
    <string>2016-10-18 12:33:41 184 112 40 27 836 25 836 1 31 60</string>
    <string>2016-10-18 12:33:42 185 94 40 18 841 25 841 1 31 60</string>
    <string>2016-10-18 12:33:42 186 75 40 10 846 25 846 1 32 60</string>
    <string>2016-10-18 12:33:43 187 99 40 21 850 25 850 1 32 60</string>
    <string>2016-10-18 12:33:43 188 80 40 12 855 25 855 1 33 60</string>
    <string>2016-10-18 12:33:44 189 104 40 23 859 25 859 1 33 60</string>
    <string>2016-10-18 12:33:44 190 86 40 15 864 25 864 1 34 60</string>
    <string>2016-10-18 12:33:45 191 71 40 8 868 25 868 1 34 60</string>
    <string>2016-10-18 12:33:45 192 133 40 36 873 25 873 1 35 60</string>
    <string>2016-10-18 12:33:46 193 114 40 28 878 25 878 1 35 60</string>
    <string>2016-10-18 12:33:46 194 138 40 39 882 25 882 1 36 60</string>
    <string>2016-10-18 12:33:47 195 119 40 30 887 25 887 1 36 60</string>
    <string>2016-10-18 12:33:47 196 63 40 4 891 25 891 1 37 60</string>
    <string>2016-10-18 12:33:48 197 125 40 33 896 25 896 1 37 60</string>
    <string>2016-10-18 12:33:48 198 110 40 26 900 25 900 1 38 60</string>
    <string>2016-10-18 12:33:49 199 92 40 17 905 25 905 1 38 60</string>
    <string>2016-10-18 12:33:49 200 73 40 9 910 25 910 1 39 60</string>
    <string>2016-10-18 12:33:50 201 97 40 20 914 25 914 1 39 60</string>
    <string>2016-10-18 12:33:50 202 78 40 11 919 25 919 1 40 60</string>
    <string>2016-10-18 12:33:51 203 102 40 22 923 25 923 1 40 60</string>
    <string>2016-10-18 12:33:51 204 84 40 14 928 25 928 1 41 60</string>
    <string>2016-10-18 12:33:52 205 70 40 7 932 25 932 1 41 60</string>
    <string>2016-10-18 12:33:52 206 131 40 36 937 25 937 1 42 60</string>
  </Results>
</ServerData>