<?xml version="1.0"?>
<ServerData xmlns:xsi="http://www.w3.org/2001/XMLSchema-instance" xmlns:xsd="http://www.w3.org/2001/XMLSchema">
  <Name>fejwio</Name>
  <Password>feijwo</Password>
  <Doctor>false</Doctor>
  <Messages />
  <Results>
    <string>2016-10-18 10:29:44 1 10 40 2 0 25 0 0 0 60</string>
    <string>2016-10-18 10:29:45 2 86 40 164 4 25 4 0 0 60</string>
    <string>2016-10-18 10:29:45 3 132 40 450 8 25 8 0 1 60</string>
    <string>2016-10-18 10:29:46 4 133 40 458 12 25 12 0 1 60</string>
    <string>2016-10-18 10:29:46 5 117 40 358 17 25 17 0 2 60</string>
    <string>2016-10-18 10:29:47 6 103 40 269 21 25 21 0 2 60</string>
    <string>2016-10-18 10:29:47 7 99 40 250 26 25 26 0 3 60</string>
    <string>2016-10-18 10:29:48 8 123 40 400 30 25 30 0 3 60</string>
    <string>2016-10-18 10:29:48 9 105 40 283 35 25 35 0 4 60</string>
    <string>2016-10-18 10:29:49 10 91 40 194 39 25 39 0 4 60</string>
    <string>2016-10-18 10:29:49 11 72 40 78 44 25 44 0 5 60</string>
    <string>2016-10-18 10:29:50 12 133 40 461 49 25 49 0 5 60</string>
    <string>2016-10-18 10:29:50 13 77 40 111 53 25 53 0 6 60</string>
    <string>2016-10-18 10:29:51 14 139 40 494 58 25 58 0 6 60</string>
    <string>2016-10-18 10:29:51 15 83 40 144 62 25 62 0 6 60</string>
    <string>2016-10-18 10:29:52 16 64 40 28 67 25 67 0 7 60</string>
    <string>2016-10-18 10:29:52 17 130 40 438 71 25 71 0 7 60</string>
    <string>2016-10-18 10:29:53 18 111 40 322 76 25 76 0 8 60</string>
    <string>2016-10-18 10:29:53 19 135 40 471 80 25 80 0 8 60</string>
    <string>2016-10-18 10:29:54 20 65 40 35 85 25 85 0 9 60</string>
    <string>2016-10-18 10:29:54 21 126 40 418 90 25 90 0 9 60</string>
    <string>2016-10-18 10:29:55 22 122 40 388 94 25 94 0 10 60</string>
    <string>2016-10-18 10:29:55 23 103 40 272 99 25 99 0 10 60</string>
    <string>2016-10-18 10:29:56 24 84 40 155 104 25 104 0 11 60</string>
    <string>2016-10-18 10:29:56 25 137 40 484 108 25 108 0 11 60</string>
    <string>2016-10-18 10:29:57 26 123 40 395 112 25 112 0 12 60</string>
    <string>2016-10-18 10:29:57 27 91 40 197 117 25 117 0 12 60</string>
    <string>2016-10-18 10:29:58 28 72 40 81 122 25 122 0 13 60</string>
    <string>2016-10-18 10:29:58 29 138 40 491 126 25 126 0 13 60</string>
    <string>2016-10-18 10:29:59 30 119 40 375 131 25 131 0 14 60</string>
    <string>2016-10-18 10:29:59 31 63 40 25 135 25 135 0 14 60</string>
    <string>2016-10-18 10:30:00 32 125 40 408 140 25 140 0 15 60</string>
    <string>2016-10-18 10:30:00 33 69 40 58 144 25 144 0 15 60</string>
    <string>2016-10-18 10:30:01 34 130 40 441 149 25 149 0 16 60</string>
    <string>2016-10-18 10:30:01 35 111 40 325 154 25 154 0 16 60</string>
    <string>2016-10-18 10:30:02 36 97 40 236 158 25 158 0 17 60</string>
    <string>2016-10-18 10:30:02 37 79 40 119 163 25 163 0 17 60</string>
    <string>2016-10-18 10:30:03 38 103 40 269 167 25 167 0 18 60</string>
    <string>2016-10-18 10:30:03 39 84 40 153 172 25 172 0 18 60</string>
    <string>2016-10-18 10:30:04 40 108 40 302 176 25 176 0 19 60</string>
    <string>2016-10-18 10:30:04 41 89 40 186 181 25 181 0 19 60</string>
  </Results>
</ServerData>