<?xml version="1.0"?>
<ServerData xmlns:xsi="http://www.w3.org/2001/XMLSchema-instance" xmlns:xsd="http://www.w3.org/2001/XMLSchema">
  <Name>feniwojfew</Name>
  <Password>feiwofw</Password>
  <Doctor>false</Doctor>
  <Messages />
  <Results>
    <string>2016-10-19 09:45:47 1 10 40 2 0 25 0 0 0 60</string>
    <string>2016-10-19 09:45:47 2 86 40 167 4 25 4 0 0 60</string>
    <string>2016-10-19 09:45:48 3 75 40 94 8 25 8 0 0 60</string>
    <string>2016-10-19 09:45:48 4 76 40 103 12 25 12 0 1 60</string>
    <string>2016-10-19 09:45:48 5 137 40 485 17 25 17 0 2 60</string>
    <string>2016-10-19 09:45:49 6 105 40 287 22 25 22 0 2 60</string>
    <string>2016-10-19 09:45:49 7 120 40 378 26 25 26 0 3 60</string>
    <string>2016-10-19 09:45:50 8 60 40 1 31 25 31 0 3 60</string>
    <string>2016-10-19 09:45:51 9 125 40 411 35 25 35 0 4 60</string>
    <string>2016-10-19 09:45:51 10 138 40 489 40 25 40 0 4 60</string>
    <string>2016-10-19 09:45:52 11 124 40 401 44 25 44 0 5 60</string>
    <string>2016-10-19 09:45:52 12 92 40 202 49 25 49 0 5 60</string>
    <string>2016-10-19 09:45:52 13 65 40 32 53 25 53 0 6 60</string>
    <string>2016-10-19 09:45:53 14 79 40 123 57 25 57 0 6 60</string>
    <string>2016-10-19 09:45:53 15 127 40 423 62 25 62 0 7 60</string>
    <string>2016-10-19 09:45:54 16 116 40 351 66 25 66 0 7 60</string>
    <string>2016-10-19 09:45:55 17 126 40 413 71 25 71 0 8 60</string>
    <string>2016-10-19 09:45:55 18 70 40 64 75 25 75 0 8 60</string>
    <string>2016-10-19 09:45:55 19 131 40 446 80 25 80 0 8 60</string>
    <string>2016-10-19 09:45:56 20 117 40 358 84 25 84 0 9 60</string>
    <string>2016-10-19 09:45:56 21 134 40 464 88 25 88 0 9 60</string>
    <string>2016-10-19 09:45:57 22 102 40 266 93 25 93 0 10 60</string>
    <string>2016-10-19 09:45:57 23 75 40 95 97 25 97 0 10 60</string>
    <string>2016-10-19 09:45:58 24 85 40 158 102 25 102 0 11 60</string>
    <string>2016-10-19 09:45:58 25 109 40 308 106 25 106 0 11 60</string>
    <string>2016-10-19 09:45:59 26 90 40 191 111 25 111 0 12 60</string>
    <string>2016-10-19 09:46:00 27 71 40 75 116 25 116 0 12 60</string>
    <string>2016-10-19 09:46:00 28 137 40 485 120 25 120 0 13 60</string>
    <string>2016-10-19 09:46:01 29 61 40 10 124 25 124 0 13 60</string>
    <string>2016-10-19 09:46:01 30 122 40 393 129 25 129 0 14 60</string>
    <string>2016-10-19 09:46:01 31 108 40 304 133 25 133 0 14 60</string>
    <string>2016-10-19 09:46:02 32 76 40 106 138 25 138 0 15 60</string>
    <string>2016-10-19 09:46:02 33 129 40 435 142 25 142 0 16 60</string>
    <string>2016-10-19 09:46:03 34 110 40 318 147 25 147 0 16 60</string>
    <string>2016-10-19 09:46:04 35 96 40 230 151 25 151 0 16 60</string>
    <string>2016-10-19 09:46:04 36 65 40 32 156 25 156 0 17 60</string>
    <string>2016-10-19 09:46:04 37 130 40 442 160 25 160 0 17 60</string>
    <string>2016-10-19 09:46:05 38 112 40 326 165 25 165 0 18 60</string>
    <string>2016-10-19 09:46:06 39 84 40 155 169 25 169 0 18 60</string>
    <string>2016-10-19 09:46:06 40 133 40 456 174 25 174 0 19 60</string>
    <string>2016-10-19 09:46:07 41 118 40 368 178 25 178 0 19 60</string>
    <string>2016-10-19 09:46:07 42 100 40 251 183 25 183 0 20 60</string>
    <string>2016-10-19 09:46:07 43 119 40 373 188 25 188 0 20 60</string>
    <string>2016-10-19 09:46:08 44 121 40 382 192 25 192 0 21 60</string>
    <string>2016-10-19 09:46:09 45 102 40 265 197 25 197 0 21 60</string>
    <string>2016-10-19 09:46:09 46 75 40 95 201 25 201 0 22 60</string>
    <string>2016-10-19 09:46:10 47 85 40 157 206 25 206 0 22 60</string>
    <string>2016-10-19 09:46:10 48 109 40 307 210 25 210 0 23 60</string>
    <string>2016-10-19 09:46:10 49 90 40 191 215 25 215 0 23 60</string>
    <string>2016-10-19 09:46:11 50 63 40 20 219 25 219 0 24 60</string>
    <string>2016-10-19 09:46:12 51 124 40 403 224 25 224 0 24 60</string>
    <string>2016-10-19 09:46:12 52 97 40 233 228 25 228 0 25 60</string>
    <string>2016-10-19 09:46:13 53 78 40 116 233 25 233 0 25 60</string>
    <string>2016-10-19 09:46:13 54 131 40 445 237 25 237 0 26 60</string>
    <string>2016-10-19 09:46:13 55 61 40 8 242 25 242 0 26 60</string>
    <string>2016-10-19 09:46:14 56 113 40 337 246 25 246 0 27 60</string>
    <string>2016-10-19 09:46:15 57 82 40 139 251 25 251 0 27 60</string>
    <string>2016-10-19 09:46:15 58 67 40 50 255 25 255 0 28 60</string>
    <string>2016-10-19 09:46:15 59 129 40 433 260 25 260 0 28 60</string>
    <string>2016-10-19 09:46:16 60 73 40 83 264 25 264 0 29 60</string>
    <string>2016-10-19 09:46:16 61 134 40 466 269 25 269 0 29 60</string>
    <string>2016-10-19 09:46:17 62 107 40 296 273 25 273 0 30 60</string>
    <string>2016-10-19 09:46:18 63 88 40 179 278 25 278 0 30 60</string>
    <string>2016-10-19 09:46:18 64 61 40 9 282 25 282 0 31 60</string>
    <string>2016-10-19 09:46:18 65 122 40 392 287 25 287 0 31 60</string>
    <string>2016-10-19 09:46:19 66 139 40 498 291 25 291 0 32 60</string>
    <string>2016-10-19 09:46:19 67 121 40 381 296 25 296 0 32 60</string>
    <string>2016-10-19 09:46:20 68 93 40 211 300 25 300 0 33 60</string>
    <string>2016-10-19 09:46:21 69 103 40 273 305 25 305 0 33 60</string>
    <string>2016-10-19 09:46:21 70 127 40 423 309 25 309 0 34 60</string>
    <string>2016-10-19 09:46:22 71 109 40 307 314 25 314 0 34 60</string>
    <string>2016-10-19 09:46:22 72 81 40 136 318 25 318 0 35 60</string>
    <string>2016-10-19 09:46:22 73 63 40 20 323 25 323 0 35 60</string>
    <string>2016-10-19 09:46:23 74 87 40 170 327 25 327 0 36 60</string>
    <string>2016-10-19 09:46:23 75 68 40 53 332 25 332 0 36 60</string>
  </Results>
</ServerData>