<?xml version="1.0"?>
<ServerData xmlns:xsi="http://www.w3.org/2001/XMLSchema-instance" xmlns:xsd="http://www.w3.org/2001/XMLSchema">
  <Name>fewajfioewjafoijoiewaf</Name>
  <Password>hewuoihfuew</Password>
  <Doctor>false</Doctor>
  <Messages />
  <Results>
    <string>2016-10-12 01:57:27 1 10 40 2 0 25 0 0 0 60</string>
    <string>2016-10-12 01:57:28 2 79 40 11 4 25 4 0 0 60</string>
    <string>2016-10-12 01:57:28 3 60 40 3 9 25 9 0 0 60</string>
    <string>2016-10-12 01:57:29 5 79 40 11 18 25 18 0 1 60</string>
    <string>2016-10-12 01:57:29 5 79 40 11 18 25 18 0 1 60</string>
    <string>2016-10-12 01:57:30 6 127 40 34 23 25 23 0 2 60</string>
    <string>2016-10-12 01:57:30 7 113 40 27 27 25 27 0 2 60</string>
    <string>2016-10-12 01:57:31 8 132 40 36 32 25 32 0 3 60</string>
    <string>2016-10-12 01:57:31 9 118 40 30 36 25 36 0 3 60</string>
    <string>2016-10-12 01:57:32 10 99 40 21 41 25 41 0 4 60</string>
    <string>2016-10-12 01:57:32 11 123 40 32 45 25 45 0 4 60</string>
    <string>2016-10-12 01:57:33 12 105 40 23 50 25 50 0 5 60</string>
    <string>2016-10-12 01:57:33 13 86 40 15 55 25 55 0 5 60</string>
    <string>2016-10-12 01:57:34 14 72 40 8 59 25 59 0 6 60</string>
    <string>2016-10-12 01:57:34 15 91 40 17 64 25 64 0 6 60</string>
    <string>2016-10-12 01:57:35 16 77 40 11 68 25 68 0 7 60</string>
    <string>2016-10-12 01:57:35 17 138 40 39 73 25 73 0 7 60</string>
    <string>2016-10-12 01:57:36 18 82 40 13 77 25 77 0 8 60</string>
    <string>2016-10-12 01:57:36 19 64 40 4 82 25 82 0 8 60</string>
    <string>2016-10-12 01:57:37 20 125 40 33 87 25 87 0 9 60</string>
    <string>2016-10-12 01:57:37 21 111 40 26 91 25 91 0 9 60</string>
    <string>2016-10-12 01:57:38 22 130 40 35 96 25 96 0 10 60</string>
    <string>2016-10-12 01:57:38 23 65 40 5 100 25 100 0 10 60</string>
    <string>2016-10-12 01:57:39 24 84 40 14 105 25 105 0 11 60</string>
    <string>2016-10-12 01:57:39 25 70 40 7 109 25 109 0 11 60</string>
    <string>2016-10-12 01:57:40 26 83 40 13 114 25 114 0 12 60</string>
    <string>2016-10-12 01:57:40 27 128 40 34 118 25 118 0 12 60</string>
    <string>2016-10-12 01:57:41 28 101 40 22 122 25 122 0 13 60</string>
    <string>2016-10-12 01:57:41 29 82 40 13 127 25 127 0 13 60</string>
    <string>2016-10-12 01:57:42 30 106 40 24 131 25 131 0 14 60</string>
    <string>2016-10-12 01:57:42 31 88 40 16 136 25 136 0 14 60</string>
    <string>2016-10-12 01:57:43 32 74 40 9 140 25 140 0 15 60</string>
    <string>2016-10-12 01:57:43 33 135 40 37 145 25 145 0 15 60</string>
    <string>2016-10-12 01:57:44 34 87 40 15 150 25 150 0 16 60</string>
    <string>2016-10-12 01:57:44 35 111 40 27 154 25 154 0 16 60</string>
    <string>2016-10-12 01:57:45 36 93 40 18 159 25 159 0 17 60</string>
    <string>2016-10-12 01:57:45 37 74 40 9 164 25 164 0 17 60</string>
    <string>2016-10-12 01:57:46 38 60 40 3 168 25 168 0 18 60</string>
    <string>2016-10-12 01:57:46 39 137 40 38 173 25 173 0 18 60</string>
    <string>2016-10-12 01:57:47 40 81 40 12 177 25 177 0 19 60</string>
    <string>2016-10-12 01:57:47 41 62 40 4 182 25 182 0 19 60</string>
    <string>2016-10-12 01:57:48 42 128 40 34 186 25 186 0 20 60</string>
    <string>2016-10-12 01:57:48 43 109 40 26 191 25 191 0 20 60</string>
    <string>2016-10-12 01:57:49 44 133 40 37 195 25 195 0 21 60</string>
    <string>2016-10-12 01:57:49 45 115 40 28 200 25 200 0 21 60</string>
    <string>2016-10-12 01:57:50 46 96 40 19 205 25 205 0 22 60</string>
    <string>2016-10-12 01:57:50 47 120 40 30 209 25 209 0 22 60</string>
    <string>2016-10-12 01:57:51 48 101 40 22 214 25 214 0 23 60</string>
    <string>2016-10-12 01:57:51 49 87 40 15 218 25 218 0 23 60</string>
    <string>2016-10-12 01:57:52 50 120 40 30 223 25 223 0 24 60</string>
    <string>2016-10-12 01:57:52 51 101 40 22 228 25 228 0 24 60</string>
    <string>2016-10-12 01:57:53 52 125 40 33 232 25 232 0 25 60</string>
    <string>2016-10-12 01:57:53 53 106 40 24 237 25 237 0 25 60</string>
    <string>2016-10-12 01:57:54 54 92 40 18 241 25 241 0 26 60</string>
    <string>2016-10-12 01:57:54 55 73 40 9 246 25 246 0 26 60</string>
    <string>2016-10-12 01:57:55 56 97 40 20 250 25 250 0 27 60</string>
    <string>2016-10-12 01:57:55 57 79 40 11 255 25 255 0 27 60</string>
    <string>2016-10-12 01:57:56 58 60 40 3 260 25 260 0 28 60</string>
    <string>2016-10-12 01:57:56 59 84 40 14 264 25 264 0 28 60</string>
    <string>2016-10-12 01:57:57 60 65 40 5 269 25 269 0 29 60</string>
    <string>2016-10-12 01:57:57 61 131 40 36 273 25 273 0 29 60</string>
    <string>2016-10-12 01:57:58 62 113 40 27 278 25 278 0 30 60</string>
    <string>2016-10-12 01:57:58 63 132 40 36 283 25 283 0 30 60</string>
    <string>2016-10-12 01:57:59 64 118 40 29 287 25 287 0 31 60</string>
    <string>2016-10-12 01:57:59 65 99 40 21 292 25 292 0 31 60</string>
    <string>2016-10-12 01:58:00 66 123 40 32 296 25 296 0 32 60</string>
    <string>2016-10-12 01:58:00 67 105 40 23 301 25 301 0 32 60</string>
    <string>2016-10-12 01:58:01 68 86 40 15 306 25 306 0 33 60</string>
    <string>2016-10-12 01:58:01 69 72 40 8 310 25 310 0 33 60</string>
    <string>2016-10-12 01:58:02 70 91 40 17 315 25 315 0 34 60</string>
    <string>2016-10-12 01:58:02 71 77 40 11 319 25 319 0 34 60</string>
    <string>2016-10-12 01:58:03 72 138 40 39 324 25 324 0 35 60</string>
    <string>2016-10-12 01:58:03 73 111 40 26 328 25 328 0 35 60</string>
    <string>2016-10-12 01:58:04 74 79 40 12 333 25 333 0 36 60</string>
    <string>2016-10-12 01:58:04 75 65 40 5 337 25 337 0 36 60</string>
    <string>2016-10-12 01:58:05 76 126 40 33 342 25 342 0 37 60</string>
    <string>2016-10-12 01:58:05 77 108 40 25 347 25 347 0 37 60</string>
    <string>2016-10-12 01:58:06 78 132 40 36 351 25 351 0 38 60</string>
    <string>2016-10-12 01:58:06 79 113 40 27 356 25 356 0 38 60</string>
    <string>2016-10-12 01:58:07 80 99 40 21 360 25 360 0 39 60</string>
    <string>2016-10-12 01:58:07 81 67 40 6 365 25 365 0 39 60</string>
    <string>2016-10-12 01:58:08 82 133 40 36 369 25 369 0 40 60</string>
    <string>2016-10-12 01:58:08 83 72 40 8 374 25 374 0 40 60</string>
    <string>2016-10-12 01:58:09 84 67 40 6 379 25 379 0 41 60</string>
    <string>2016-10-12 01:58:09 85 104 40 23 382 25 382 0 41 60</string>
    <string>2016-10-12 01:58:10 86 88 40 16 386 25 386 0 42 60</string>
    <string>2016-10-12 01:58:10 87 69 40 7 391 25 391 0 42 60</string>
    <string>2016-10-12 01:58:11 88 135 40 37 395 25 395 0 43 60</string>
    <string>2016-10-12 01:58:11 89 116 40 29 400 25 400 0 43 60</string>
    <string>2016-10-12 01:58:12 90 60 40 3 404 25 404 0 44 60</string>
    <string>2016-10-12 01:58:12 91 121 40 31 409 25 409 0 44 60</string>
    <string>2016-10-12 01:58:13 92 103 40 23 414 25 414 0 45 60</string>
    <string>2016-10-12 01:58:13 93 127 40 34 418 25 418 0 45 60</string>
    <string>2016-10-12 01:58:14 94 137 40 38 423 25 423 0 46 60</string>
    <string>2016-10-12 01:58:14 95 81 40 12 427 25 427 0 46 60</string>
    <string>2016-10-12 01:58:15 96 62 40 4 432 25 432 0 47 60</string>
    <string>2016-10-12 01:58:15 97 108 40 25 436 25 436 0 47 60</string>
    <string>2016-10-12 01:58:16 98 81 40 12 440 25 440 0 48 60</string>
    <string>2016-10-12 01:58:16 99 62 40 4 445 25 445 0 48 60</string>
    <string>2016-10-12 01:58:17 100 86 40 15 449 25 449 0 49 60</string>
    <string>2016-10-12 01:58:17 101 67 40 6 454 25 454 0 49 60</string>
    <string>2016-10-12 01:58:18 102 129 40 34 459 25 459 0 50 60</string>
    <string>2016-10-12 01:58:18 103 114 40 28 463 25 463 0 50 60</string>
    <string>2016-10-12 01:59:03 104 134 40 37 468 25 468 0 51 60</string>
    <string>2016-10-12 01:59:03 105 91 40 17 469 25 469 0 51 60</string>
    <string>2016-10-12 01:59:04 106 118 40 30 474 25 474 0 52 60</string>
    <string>2016-10-12 01:59:04 107 62 40 4 478 25 478 0 52 60</string>
    <string>2016-10-12 01:59:05 108 124 40 32 483 25 483 0 53 60</string>
    <string>2016-10-12 01:59:05 109 67 40 6 487 25 487 0 53 60</string>
    <string>2016-10-12 01:59:06 110 129 40 35 492 25 492 0 54 60</string>
    <string>2016-10-12 01:59:06 111 110 40 26 497 25 497 0 54 60</string>
    <string>2016-10-12 01:59:07 112 83 40 13 501 25 501 0 55 60</string>
    <string>2016-10-12 01:59:07 113 64 40 5 506 25 506 0 55 60</string>
    <string>2016-10-12 01:59:08 114 130 40 35 510 25 510 0 56 60</string>
    <string>2016-10-12 01:59:08 115 111 40 26 515 25 515 0 56 60</string>
    <string>2016-10-12 01:59:09 116 64 40 5 520 25 520 0 57 60</string>
    <string>2016-10-12 01:59:09 117 88 40 16 524 25 524 0 57 60</string>
    <string>2016-10-12 01:59:10 118 69 40 7 529 25 529 0 58 60</string>
    <string>2016-10-12 01:59:10 119 135 40 37 533 25 533 0 58 60</string>
    <string>2016-10-12 01:59:11 120 116 40 29 538 25 538 0 59 60</string>
    <string>2016-10-12 01:59:11 121 60 40 3 542 25 542 0 59 60</string>
    <string>2016-10-12 01:59:12 122 122 40 31 547 25 547 1 0 60</string>
    <string>2016-10-12 01:59:12 123 103 40 23 552 25 552 1 0 60</string>
    <string>2016-10-12 01:59:13 124 127 40 34 556 25 556 1 1 60</string>
    <string>2016-10-12 01:59:13 125 108 40 25 561 25 561 1 1 60</string>
    <string>2016-10-12 01:59:14 126 94 40 19 565 25 565 1 2 60</string>
    <string>2016-10-12 01:59:14 127 75 40 10 570 25 570 1 2 60</string>
  </Results>
</ServerData>