<?xml version="1.0"?>
<ServerData xmlns:xsi="http://www.w3.org/2001/XMLSchema-instance" xmlns:xsd="http://www.w3.org/2001/XMLSchema">
  <Name>fewafwfjeiwaofjeiowa</Name>
  <Password>wfeio</Password>
  <Doctor>false</Doctor>
  <Messages />
  <Results>
    <string>2016-10-18 12:59:42 1 10 40 2 0 25 0 0 0 60</string>
    <string>2016-10-18 12:59:42 2 97 40 20 4 25 4 0 0 60</string>
    <string>2016-10-18 12:59:43 3 78 40 11 9 25 9 0 0 60</string>
    <string>2016-10-18 12:59:43 4 102 40 22 13 25 13 0 1 60</string>
    <string>2016-10-18 12:59:44 5 84 40 14 18 25 18 0 1 60</string>
    <string>2016-10-18 12:59:44 6 69 40 7 22 25 22 0 2 60</string>
    <string>2016-10-18 12:59:45 7 131 40 35 27 25 27 0 2 60</string>
    <string>2016-10-18 12:59:45 8 112 40 27 32 25 32 0 3 60</string>
    <string>2016-10-18 12:59:46 9 136 40 38 36 25 36 0 3 60</string>
    <string>2016-10-18 12:59:46 10 117 40 29 41 25 41 0 4 60</string>
    <string>2016-10-18 12:59:47 11 61 40 3 45 25 45 0 4 60</string>
    <string>2016-10-18 12:59:47 12 123 40 32 50 25 50 0 5 60</string>
    <string>2016-10-18 12:59:48 13 108 40 25 54 25 54 0 5 60</string>
    <string>2016-10-18 12:59:48 14 90 40 17 59 25 59 0 6 60</string>
    <string>2016-10-18 12:59:49 15 114 40 28 63 25 63 0 6 60</string>
    <string>2016-10-18 12:59:49 16 95 40 19 68 25 68 0 7 60</string>
    <string>2016-10-18 12:59:50 17 76 40 10 73 25 73 0 7 60</string>
    <string>2016-10-18 12:59:50 18 100 40 21 77 25 77 0 8 60</string>
    <string>2016-10-18 12:59:51 19 82 40 13 82 25 82 0 8 60</string>
    <string>2016-10-18 12:59:51 20 68 40 6 86 25 86 0 9 60</string>
    <string>2016-10-18 12:59:52 21 129 40 35 91 25 91 0 9 60</string>
    <string>2016-10-18 12:59:52 22 110 40 26 96 25 96 0 10 60</string>
    <string>2016-10-18 12:59:53 23 134 40 37 100 25 100 0 10 60</string>
    <string>2016-10-18 12:59:53 24 116 40 28 105 25 105 0 11 60</string>
    <string>2016-10-18 12:59:54 25 139 40 39 109 25 109 0 11 60</string>
    <string>2016-10-18 12:59:54 26 121 40 31 114 25 114 0 12 60</string>
    <string>2016-10-18 12:59:55 27 107 40 24 118 25 118 0 12 60</string>
    <string>2016-10-18 12:59:55 28 88 40 16 123 25 123 0 13 60</string>
    <string>2016-10-18 12:59:56 29 69 40 7 128 25 128 0 13 60</string>
    <string>2016-10-18 12:59:56 30 93 40 18 132 25 132 0 14 60</string>
    <string>2016-10-18 12:59:57 31 75 40 9 137 25 137 0 14 60</string>
    <string>2016-10-18 12:59:57 32 112 40 27 141 25 141 0 15 60</string>
    <string>2016-10-18 12:59:58 33 93 40 18 146 25 146 0 15 60</string>
    <string>2016-10-18 12:59:58 34 126 40 33 151 25 151 0 16 60</string>
    <string>2016-10-18 12:59:59 35 70 40 7 155 25 155 0 16 60</string>
    <string>2016-10-18 12:59:59 36 131 40 36 160 25 160 0 17 60</string>
    <string>2016-10-18 01:00:00 37 117 40 29 164 25 164 0 17 60</string>
    <string>2016-10-18 01:00:00 38 98 40 20 169 25 169 0 18 60</string>
    <string>2016-10-18 01:00:01 39 79 40 12 174 25 174 0 18 60</string>
    <string>2016-10-18 01:00:01 40 103 40 23 178 25 178 0 19 60</string>
    <string>2016-10-18 01:00:02 42 109 40 25 187 25 187 0 20 60</string>
    <string>2016-10-18 01:00:02 42 109 40 25 187 25 187 0 20 60</string>
    <string>2016-10-18 01:00:03 43 90 40 17 192 25 192 0 20 60</string>
    <string>2016-10-18 01:00:03 44 76 40 10 196 25 196 0 21 60</string>
    <string>2016-10-18 01:00:04 46 118 40 30 206 25 206 0 22 60</string>
    <string>2016-10-18 01:00:04 46 118 40 30 206 25 206 0 22 60</string>
    <string>2016-10-18 01:00:05 47 62 40 4 210 25 210 0 22 60</string>
    <string>2016-10-18 01:00:05 48 124 40 32 215 25 215 0 23 60</string>
    <string>2016-10-18 01:00:06 49 68 40 6 219 25 219 0 23 60</string>
    <string>2016-10-18 01:00:06 50 129 40 35 224 25 224 0 24 60</string>
    <string>2016-10-18 01:00:07 51 115 40 28 228 25 228 0 24 60</string>
    <string>2016-10-18 01:00:07 52 96 40 19 233 25 233 0 25 60</string>
    <string>2016-10-18 01:00:08 53 78 40 11 238 25 238 0 25 60</string>
    <string>2016-10-18 01:00:08 54 102 40 22 242 25 242 0 26 60</string>
    <string>2016-10-18 01:00:09 55 83 40 13 247 25 247 0 26 60</string>
    <string>2016-10-18 01:00:09 56 107 40 24 251 25 251 0 27 60</string>
    <string>2016-10-18 01:00:10 57 88 40 16 256 25 256 0 27 60</string>
    <string>2016-10-18 01:00:10 58 70 40 7 261 25 261 0 28 60</string>
    <string>2016-10-18 01:00:11 59 135 40 38 265 25 265 0 28 60</string>
    <string>2016-10-18 01:00:11 60 117 40 29 270 25 270 0 29 60</string>
    <string>2016-10-18 01:00:12 61 61 40 3 274 25 274 0 29 60</string>
    <string>2016-10-18 01:00:12 62 122 40 31 279 25 279 0 30 60</string>
    <string>2016-10-18 01:00:13 63 66 40 5 283 25 283 0 30 60</string>
  </Results>
</ServerData>