<?xml version="1.0"?>
<ServerData xmlns:xsi="http://www.w3.org/2001/XMLSchema-instance" xmlns:xsd="http://www.w3.org/2001/XMLSchema">
  <Name>fewafewfwafae</Name>
  <Password>awef</Password>
  <Doctor>false</Doctor>
  <Messages />
  <Results>
    <string>2016-10-12 11:21:06 1 10 40 2 0 25 0 0 0 60</string>
    <string>2016-10-12 11:21:07 2 72 40 8 4 25 4 0 0 60</string>
    <string>2016-10-12 11:21:07 3 134 40 37 9 25 9 0 0 60</string>
    <string>2016-10-12 11:21:08 4 86 40 15 14 25 14 0 1 60</string>
    <string>2016-10-12 11:21:08 5 72 40 8 18 25 18 0 1 60</string>
    <string>2016-10-12 11:21:09 6 120 40 31 23 25 23 0 2 60</string>
    <string>2016-10-12 11:21:09 7 106 40 24 27 25 27 0 2 60</string>
    <string>2016-10-12 11:21:10 8 87 40 15 32 25 32 0 3 60</string>
    <string>2016-10-12 11:21:10 9 111 40 26 36 25 36 0 3 60</string>
    <string>2016-10-12 11:21:11 10 93 40 18 41 25 41 0 4 60</string>
    <string>2016-10-12 11:21:11 11 78 40 11 45 25 45 0 4 60</string>
    <string>2016-10-12 11:21:12 12 60 40 3 50 25 50 0 5 60</string>
    <string>2016-10-12 11:21:12 13 79 40 12 55 25 55 0 5 60</string>
    <string>2016-10-12 11:21:13 14 65 40 5 59 25 59 0 6 60</string>
    <string>2016-10-12 11:21:13 15 126 40 33 64 25 64 0 6 60</string>
    <string>2016-10-12 11:21:14 16 70 40 8 68 25 68 0 7 60</string>
    <string>2016-10-12 11:21:14 17 132 40 36 73 25 73 0 7 60</string>
    <string>2016-10-12 11:21:15 18 118 40 29 77 25 77 0 8 60</string>
    <string>2016-10-12 11:21:15 19 99 40 21 82 25 82 0 8 60</string>
    <string>2016-10-12 11:21:16 20 118 40 30 87 25 87 0 9 60</string>
    <string>2016-10-12 11:21:16 21 104 40 23 91 25 91 0 9 60</string>
    <string>2016-10-12 11:21:17 22 86 40 15 96 25 96 0 10 60</string>
    <string>2016-10-12 11:21:17 23 110 40 26 100 25 100 0 10 60</string>
    <string>2016-10-12 11:21:18 24 91 40 17 105 25 105 0 11 60</string>
    <string>2016-10-12 11:21:18 25 72 40 8 110 25 110 0 11 60</string>
    <string>2016-10-12 11:21:19 26 105 40 24 112 25 112 0 12 60</string>
    <string>2016-10-12 11:21:19 27 130 40 35 117 25 117 0 13 60</string>
    <string>2016-10-12 11:21:20 28 132 40 36 121 25 121 0 13 60</string>
    <string>2016-10-12 11:21:20 29 120 40 31 125 25 125 0 14 60</string>
    <string>2016-10-12 11:21:21 30 102 40 22 130 25 130 0 14 60</string>
    <string>2016-10-12 11:21:21 31 74 40 9 134 25 134 0 15 60</string>
    <string>2016-10-12 11:21:22 32 136 40 38 139 25 139 0 15 60</string>
    <string>2016-10-12 11:21:22 33 108 40 25 143 25 143 0 16 60</string>
    <string>2016-10-12 11:21:23 34 90 40 16 148 25 148 0 16 60</string>
    <string>2016-10-12 11:21:23 35 71 40 8 153 25 153 0 17 60</string>
    <string>2016-10-12 11:21:24 36 95 40 19 157 25 157 0 17 60</string>
    <string>2016-10-12 11:21:24 37 134 40 37 162 25 162 0 18 60</string>
    <string>2016-10-12 11:21:25 38 78 40 11 166 25 166 0 18 60</string>
    <string>2016-10-12 11:21:25 39 123 40 32 170 25 170 0 19 60</string>
    <string>2016-10-12 11:21:26 40 83 40 13 174 25 174 0 19 60</string>
    <string>2016-10-12 11:21:26 41 122 40 31 179 25 179 0 20 60</string>
    <string>2016-10-12 11:21:27 42 66 40 5 183 25 183 0 20 60</string>
    <string>2016-10-12 11:21:27 43 127 40 34 188 25 188 0 21 60</string>
    <string>2016-10-12 11:21:28 44 100 40 21 192 25 192 0 21 60</string>
    <string>2016-10-12 11:21:28 45 81 40 12 197 25 197 0 22 60</string>
    <string>2016-10-12 11:21:29 46 134 40 37 201 25 201 0 22 60</string>
    <string>2016-10-12 11:21:29 47 64 40 4 206 25 206 0 23 60</string>
    <string>2016-10-12 11:21:30 48 88 40 16 210 25 210 0 23 60</string>
    <string>2016-10-12 11:21:30 49 98 40 20 215 25 215 0 24 60</string>
    <string>2016-10-12 11:21:31 50 122 40 31 219 25 219 0 24 60</string>
    <string>2016-10-12 11:21:31 51 119 40 30 224 25 224 0 25 60</string>
    <string>2016-10-12 11:21:32 52 91 40 17 228 25 228 0 25 60</string>
    <string>2016-10-12 11:21:32 53 88 40 16 233 25 233 0 26 60</string>
    <string>2016-10-12 11:21:33 54 105 40 24 237 25 237 0 26 60</string>
    <string>2016-10-12 11:21:33 55 120 40 30 241 25 241 0 27 60</string>
    <string>2016-10-12 11:21:34 56 139 40 39 246 25 246 0 27 60</string>
    <string>2016-10-12 11:21:34 57 74 40 9 250 25 250 0 28 60</string>
    <string>2016-10-12 11:21:35 58 93 40 18 255 25 255 0 28 60</string>
    <string>2016-10-12 11:21:35 59 79 40 12 259 25 259 0 29 60</string>
    <string>2016-10-12 11:21:36 60 61 40 3 264 25 264 0 29 60</string>
    <string>2016-10-12 11:21:36 61 113 40 27 268 25 268 0 30 60</string>
    <string>2016-10-12 11:21:37 62 95 40 19 273 25 273 0 30 60</string>
    <string>2016-10-12 11:21:37 63 76 40 10 278 25 278 0 31 60</string>
    <string>2016-10-12 11:21:38 64 100 40 21 282 25 282 0 31 60</string>
    <string>2016-10-12 11:21:38 65 81 40 13 287 25 287 0 32 60</string>
    <string>2016-10-12 11:21:39 66 67 40 6 291 25 291 0 32 60</string>
    <string>2016-10-12 11:21:39 67 87 40 15 296 25 296 0 33 60</string>
    <string>2016-10-12 11:21:40 68 72 40 8 300 25 300 0 33 60</string>
    <string>2016-10-12 11:21:40 69 134 40 37 305 25 305 0 34 60</string>
    <string>2016-10-12 11:21:41 70 115 40 28 310 25 310 0 34 60</string>
    <string>2016-10-12 11:21:41 71 139 40 39 314 25 314 0 35 60</string>
    <string>2016-10-12 11:21:42 72 120 40 31 319 25 319 0 35 60</string>
    <string>2016-10-12 11:21:42 73 106 40 24 323 25 323 0 36 60</string>
    <string>2016-10-12 11:21:43 74 103 40 23 328 25 328 0 36 60</string>
    <string>2016-10-12 11:21:43 75 127 40 34 332 25 332 0 37 60</string>
  </Results>
</ServerData>