<?xml version="1.0"?>
<ServerData xmlns:xsi="http://www.w3.org/2001/XMLSchema-instance" xmlns:xsd="http://www.w3.org/2001/XMLSchema">
  <Name>fewaf</Name>
  <Password>jfiew</Password>
  <Doctor>false</Doctor>
  <Messages />
  <Results>
    <string>2016-10-19 09:57:35 1 10 40 2 0 25 0 0 0 60</string>
    <string>2016-10-19 09:57:36 2 113 40 333 4 25 4 0 0 60</string>
    <string>2016-10-19 09:57:36 3 123 40 395 9 25 9 0 1 60</string>
    <string>2016-10-19 09:57:37 4 95 40 225 13 25 13 0 1 60</string>
    <string>2016-10-19 09:57:37 5 77 40 109 18 25 18 0 1 60</string>
    <string>2016-10-19 09:57:38 6 101 40 258 22 25 22 0 2 60</string>
    <string>2016-10-19 09:57:38 7 111 40 321 27 25 27 0 3 60</string>
    <string>2016-10-19 09:57:39 8 84 40 150 31 25 31 0 3 60</string>
    <string>2016-10-19 09:57:39 9 94 40 213 36 25 36 0 4 60</string>
    <string>2016-10-19 09:57:40 10 118 40 363 40 25 40 0 4 60</string>
    <string>2016-10-19 09:57:40 11 99 40 246 45 25 45 0 5 60</string>
    <string>2016-10-19 09:57:41 12 80 40 130 50 25 50 0 5 60</string>
    <string>2016-10-19 09:57:41 13 104 40 279 54 25 54 0 6 60</string>
    <string>2016-10-19 09:57:42 14 86 40 163 59 25 59 0 6 60</string>
    <string>2016-10-19 09:57:42 15 87 40 172 63 25 63 0 6 60</string>
    <string>2016-10-19 09:57:43 16 135 40 473 68 25 68 0 7 60</string>
    <string>2016-10-19 09:57:43 17 121 40 384 72 25 72 0 7 60</string>
    <string>2016-10-19 09:57:44 18 102 40 267 77 25 77 0 8 60</string>
    <string>2016-10-19 09:57:44 19 106 40 292 81 25 81 0 8 60</string>
    <string>2016-10-19 09:57:45 20 108 40 301 85 25 85 0 9 60</string>
    <string>2016-10-19 09:57:45 21 118 40 363 90 25 90 0 9 60</string>
    <string>2016-10-19 09:57:46 22 62 40 14 94 25 94 0 10 60</string>
    <string>2016-10-19 09:57:46 23 123 40 396 99 25 99 0 10 60</string>
    <string>2016-10-19 09:57:47 24 109 40 308 103 25 103 0 11 60</string>
    <string>2016-10-19 09:57:47 25 128 40 430 108 25 108 0 11 60</string>
    <string>2016-10-19 09:57:48 26 63 40 21 112 25 112 0 12 60</string>
    <string>2016-10-19 09:57:48 27 60 40 2 117 25 117 0 12 60</string>
    <string>2016-10-19 09:57:49 28 84 40 152 121 25 121 0 13 60</string>
    <string>2016-10-19 09:57:49 29 94 40 214 126 25 126 0 13 60</string>
    <string>2016-10-19 09:57:50 30 75 40 98 131 25 131 0 14 60</string>
    <string>2016-10-19 09:57:50 31 63 40 25 135 25 135 0 14 60</string>
    <string>2016-10-19 09:57:51 32 132 40 451 139 25 139 0 15 60</string>
    <string>2016-10-19 09:57:51 33 133 40 460 143 25 143 0 15 60</string>
    <string>2016-10-19 09:57:52 34 63 40 23 148 25 148 0 16 60</string>
    <string>2016-10-19 09:57:52 35 87 40 173 152 25 152 0 16 60</string>
    <string>2016-10-19 09:57:53 36 68 40 56 157 25 157 0 17 60</string>
    <string>2016-10-19 09:57:53 37 92 40 206 161 25 161 0 17 60</string>
    <string>2016-10-19 09:57:54 38 74 40 90 166 25 166 0 18 60</string>
    <string>2016-10-19 09:57:54 39 126 40 418 170 25 170 0 18 60</string>
    <string>2016-10-19 09:57:55 40 108 40 302 175 25 175 0 19 60</string>
    <string>2016-10-19 09:57:55 41 89 40 185 180 25 180 0 19 60</string>
    <string>2016-10-19 09:57:56 42 75 40 97 184 25 184 0 20 60</string>
    <string>2016-10-19 09:57:56 43 63 40 24 188 25 188 0 20 60</string>
    <string>2016-10-19 09:57:57 44 132 40 450 192 25 192 0 21 60</string>
    <string>2016-10-19 09:57:57 45 62 40 13 197 25 197 0 21 60</string>
    <string>2016-10-19 09:57:58 46 123 40 396 202 25 202 0 22 60</string>
    <string>2016-10-19 09:57:58 47 67 40 47 206 25 206 0 22 60</string>
    <string>2016-10-19 09:57:59 48 128 40 429 211 25 211 0 23 60</string>
    <string>2016-10-19 09:57:59 49 101 40 259 215 25 215 0 23 60</string>
    <string>2016-10-19 09:58:00 50 82 40 142 220 25 220 0 24 60</string>
    <string>2016-10-19 09:58:00 51 68 40 54 224 25 224 0 24 60</string>
    <string>2016-10-19 09:58:01 52 129 40 436 229 25 229 0 25 60</string>
    <string>2016-10-19 09:58:01 53 69 40 59 234 25 234 0 25 60</string>
    <string>2016-10-19 09:58:02 54 135 40 469 238 25 238 0 26 60</string>
    <string>2016-10-19 09:58:02 55 136 40 478 242 25 242 0 26 60</string>
    <string>2016-10-19 09:58:03 56 69 40 58 247 25 247 0 27 60</string>
    <string>2016-10-19 09:58:03 57 121 40 386 251 25 251 0 27 60</string>
    <string>2016-10-19 09:58:04 58 103 40 270 256 25 256 0 28 60</string>
    <string>2016-10-19 09:58:04 59 88 40 181 260 25 260 0 28 60</string>
    <string>2016-10-19 09:58:05 60 85 40 162 265 25 265 0 29 60</string>
    <string>2016-10-19 09:58:05 61 109 40 312 269 25 269 0 29 60</string>
    <string>2016-10-19 09:58:06 62 91 40 195 274 25 274 0 30 60</string>
    <string>2016-10-19 09:58:06 63 77 40 107 278 25 278 0 30 60</string>
    <string>2016-10-19 09:58:07 64 125 40 407 283 25 283 0 31 60</string>
    <string>2016-10-19 09:58:07 65 111 40 319 287 25 287 0 31 60</string>
    <string>2016-10-19 09:58:08 66 130 40 441 292 25 292 0 32 60</string>
    <string>2016-10-19 09:58:08 67 65 40 32 296 25 296 0 32 60</string>
    <string>2016-10-19 09:58:09 68 77 40 110 301 25 301 0 33 60</string>
    <string>2016-10-19 09:58:09 69 130 40 439 305 25 305 0 33 60</string>
    <string>2016-10-19 09:58:10 70 111 40 323 310 25 310 0 34 60</string>
    <string>2016-10-19 09:58:10 71 135 40 472 314 25 314 0 34 60</string>
    <string>2016-10-19 09:58:11 72 116 40 356 319 25 319 0 35 60</string>
    <string>2016-10-19 09:58:11 73 102 40 267 323 25 323 0 35 60</string>
    <string>2016-10-19 09:58:12 74 84 40 151 328 25 328 0 36 60</string>
    <string>2016-10-19 09:58:12 75 65 40 34 333 25 333 0 36 60</string>
    <string>2016-10-19 09:58:13 76 89 40 184 337 25 337 0 37 60</string>
    <string>2016-10-19 09:58:13 77 70 40 67 342 25 342 0 37 60</string>
    <string>2016-10-19 09:58:14 78 123 40 396 346 25 346 0 38 60</string>
    <string>2016-10-19 09:58:14 79 124 40 405 350 25 350 0 38 60</string>
    <string>2016-10-19 09:58:15 80 137 40 483 355 25 355 0 39 60</string>
    <string>2016-10-19 09:58:15 81 123 40 394 359 25 359 0 39 60</string>
    <string>2016-10-19 09:58:16 82 91 40 196 364 25 364 0 40 60</string>
    <string>2016-10-19 09:58:16 83 77 40 108 368 25 368 0 40 60</string>
    <string>2016-10-19 09:58:17 84 138 40 490 373 25 373 0 41 60</string>
    <string>2016-10-19 09:58:17 85 82 40 141 377 25 377 0 41 60</string>
    <string>2016-10-19 09:58:18 86 63 40 24 382 25 382 0 42 60</string>
    <string>2016-10-19 09:58:18 87 116 40 353 386 25 386 0 42 60</string>
    <string>2016-10-19 09:58:19 88 97 40 237 391 25 391 0 43 60</string>
    <string>2016-10-19 09:58:19 89 70 40 66 395 25 395 0 43 60</string>
    <string>2016-10-19 09:58:20 90 131 40 449 400 25 400 0 44 60</string>
    <string>2016-10-19 09:58:20 91 75 40 100 404 25 404 0 44 60</string>
    <string>2016-10-19 09:58:21 92 130 40 439 409 25 409 0 45 60</string>
    <string>2016-10-19 09:58:21 93 131 40 447 413 25 413 0 45 60</string>
    <string>2016-10-19 09:58:22 94 84 40 152 418 25 418 0 46 60</string>
    <string>2016-10-19 09:58:22 95 108 40 301 422 25 422 0 46 60</string>
    <string>2016-10-19 09:58:23 96 89 40 185 427 25 427 0 47 60</string>
    <string>2016-10-19 09:58:23 97 75 40 96 431 25 431 0 47 60</string>
    <string>2016-10-19 09:58:24 98 136 40 479 436 25 436 0 48 60</string>
    <string>2016-10-19 09:58:24 99 76 40 102 441 25 441 0 48 60</string>
    <string>2016-10-19 09:58:25 100 62 40 13 445 25 445 0 49 60</string>
    <string>2016-10-19 09:58:25 101 110 40 314 450 25 450 0 49 60</string>
    <string>2016-10-19 09:58:26 102 96 40 225 454 25 454 0 50 60</string>
    <string>2016-10-19 09:58:26 103 92 40 206 459 25 459 0 50 60</string>
    <string>2016-10-19 09:58:27 104 94 40 215 463 25 463 0 51 60</string>
    <string>2016-10-19 09:58:27 105 95 40 224 467 25 467 0 51 60</string>
    <string>2016-10-19 09:58:28 106 115 40 346 472 25 472 0 52 60</string>
  </Results>
</ServerData>