<?xml version="1.0"?>
<ServerData xmlns:xsi="http://www.w3.org/2001/XMLSchema-instance" xmlns:xsd="http://www.w3.org/2001/XMLSchema">
  <Name>fewiojfaoijafwoi</Name>
  <Password>fjeio</Password>
  <Doctor>false</Doctor>
  <Messages />
  <Results>
    <string>2016-10-12 11:05:39 2 131 40 36 4 25 4 0 0 60</string>
    <string>2016-10-12 11:05:40 2 131 40 36 4 25 4 0 0 60</string>
    <string>2016-10-12 11:05:40 3 112 40 27 9 25 9 0 1 60</string>
    <string>2016-10-12 11:05:41 4 98 40 20 13 25 13 0 1 60</string>
    <string>2016-10-12 11:05:41 5 79 40 12 18 25 18 0 2 60</string>
    <string>2016-10-12 11:05:42 6 99 40 21 23 25 23 0 2 60</string>
    <string>2016-10-12 11:05:42 7 85 40 14 27 25 27 0 3 60</string>
    <string>2016-10-12 11:05:43 8 66 40 6 32 25 32 0 3 60</string>
    <string>2016-10-12 11:05:43 9 90 40 17 36 25 36 0 3 60</string>
    <string>2016-10-12 11:05:44 10 107 40 25 40 25 40 0 4 60</string>
    <string>2016-10-12 11:05:44 11 133 40 36 45 25 45 0 5 60</string>
    <string>2016-10-12 11:05:48 13 121 40 31 48 25 48 0 5 60</string>
    <string>2016-10-12 11:05:48 13 121 40 31 48 25 48 0 5 60</string>
    <string>2016-10-12 11:05:49 14 121 40 31 53 25 53 0 6 60</string>
    <string>2016-10-12 11:05:49 15 103 40 22 58 25 58 0 6 60</string>
    <string>2016-10-12 11:05:50 16 88 40 16 62 25 62 0 7 60</string>
    <string>2016-10-12 11:05:50 17 70 40 7 67 25 67 0 7 60</string>
    <string>2016-10-12 11:05:51 18 131 40 36 72 25 72 0 8 60</string>
    <string>2016-10-12 11:05:51 19 75 40 10 76 25 76 0 8 60</string>
    <string>2016-10-12 11:05:52 20 136 40 38 81 25 81 0 9 60</string>
    <string>2016-10-12 11:05:52 21 80 40 12 85 25 85 0 9 60</string>
    <string>2016-10-12 11:05:53 22 62 40 4 90 25 90 0 10 60</string>
    <string>2016-10-12 11:05:53 23 123 40 32 95 25 95 0 10 60</string>
    <string>2016-10-12 11:05:54 24 109 40 25 99 25 99 0 11 60</string>
    <string>2016-10-12 11:05:54 25 90 40 17 104 25 104 0 11 60</string>
    <string>2016-10-12 11:05:55 26 114 40 28 108 25 108 0 12 60</string>
    <string>2016-10-12 11:05:55 27 96 40 19 113 25 113 0 12 60</string>
    <string>2016-10-12 11:05:56 28 120 40 30 117 25 117 0 13 60</string>
    <string>2016-10-12 11:05:56 29 101 40 22 122 25 122 0 13 60</string>
    <string>2016-10-12 11:05:57 30 82 40 13 127 25 127 0 14 60</string>
    <string>2016-10-12 11:05:57 31 99 40 21 131 25 131 0 14 60</string>
    <string>2016-10-12 11:05:58 32 72 40 8 135 25 135 0 15 60</string>
    <string>2016-10-12 11:05:58 33 82 40 13 140 25 140 0 15 60</string>
    <string>2016-10-12 11:05:59 34 106 40 24 144 25 144 0 16 60</string>
    <string>2016-10-12 11:05:59 35 87 40 15 149 25 149 0 16 60</string>
    <string>2016-10-12 11:06:00 36 60 40 3 153 25 153 0 17 60</string>
    <string>2016-10-12 11:06:00 37 121 40 31 158 25 158 0 17 60</string>
    <string>2016-10-12 11:06:01 38 107 40 25 162 25 162 0 18 60</string>
    <string>2016-10-12 11:06:01 39 88 40 16 167 25 167 0 18 60</string>
    <string>2016-10-12 11:06:02 40 112 40 27 171 25 171 0 19 60</string>
    <string>2016-10-12 11:06:02 41 94 40 18 176 25 176 0 19 60</string>
    <string>2016-10-12 11:06:03 42 75 40 10 181 25 181 0 20 60</string>
    <string>2016-10-12 11:06:03 43 99 40 21 185 25 185 0 20 60</string>
    <string>2016-10-12 11:06:04 44 80 40 12 190 25 190 0 21 60</string>
    <string>2016-10-12 11:06:04 45 66 40 6 194 25 194 0 21 60</string>
  </Results>
</ServerData>