<?xml version="1.0"?>
<ServerData xmlns:xsi="http://www.w3.org/2001/XMLSchema-instance" xmlns:xsd="http://www.w3.org/2001/XMLSchema">
  <Name>fewiaofjwe</Name>
  <Password>jfeiwo</Password>
  <Doctor>false</Doctor>
  <Messages />
  <Results>
    <string>2016-10-12 11:39:58 1 0 0 0 0 30 0 0 0 0</string>
    <string>2016-10-12 11:39:58 2 0 0 0 0 30 0 0 0 0</string>
    <string>2016-10-12 11:39:59 3 0 0 0 0 30 0 0 0 0</string>
    <string>2016-10-12 11:39:59 4 0 0 0 0 30 0 0 0 0</string>
    <string>2016-10-12 11:40:00 5 0 0 0 0 30 0 0 0 0</string>
    <string>2016-10-12 11:40:00 6 0 0 0 0 30 0 0 0 0</string>
    <string>2016-10-12 11:40:01 7 0 0 0 0 30 0 0 0 0</string>
    <string>2016-10-12 11:40:01 8 0 0 0 0 30 0 0 0 0</string>
    <string>2016-10-12 11:40:02 9 0 0 0 0 30 0 0 0 0</string>
    <string>2016-10-12 11:40:02 10 0 0 0 0 30 0 0 0 0</string>
    <string>2016-10-12 11:40:03 11 0 0 0 0 30 0 0 0 0</string>
    <string>2016-10-12 11:40:03 12 0 0 0 0 30 0 0 0 0</string>
    <string>2016-10-12 11:40:04 13 0 0 0 0 30 0 0 0 0</string>
    <string>2016-10-12 11:40:04 14 0 0 0 0 30 0 0 0 0</string>
    <string>2016-10-12 11:40:05 15 0 0 0 0 30 0 0 0 0</string>
    <string>2016-10-12 11:40:05 16 0 0 0 0 30 0 0 0 0</string>
    <string>2016-10-12 11:40:06 17 0 0 0 0 30 0 0 0 0</string>
    <string>2016-10-12 11:40:06 18 0 0 0 0 30 0 0 0 0</string>
    <string>2016-10-12 11:40:07 19 0 0 0 0 30 0 0 0 0</string>
    <string>2016-10-12 11:40:07 20 0 0 0 0 30 0 0 0 0</string>
    <string>2016-10-12 11:40:08 21 0 0 0 0 30 0 0 0 0</string>
    <string>2016-10-12 11:40:08 21 0 0 0 0 30 0 0 0 0</string>
    <string>2016-10-12 11:40:09 23 0 0 0 0 30 0 0 0 0</string>
    <string>2016-10-12 11:40:09 24 0 0 0 0 30 0 0 0 0</string>
    <string>2016-10-12 11:40:10 25 0 0 0 0 30 0 0 0 0</string>
    <string>2016-10-12 11:40:10 26 0 0 0 0 30 0 0 0 0</string>
    <string>2016-10-12 11:40:11 27 0 0 0 0 30 0 0 0 0</string>
    <string>2016-10-12 11:40:11 28 0 0 0 0 30 0 0 0 0</string>
    <string>2016-10-12 11:40:12 29 0 0 0 0 30 0 0 0 0</string>
    <string>2016-10-12 11:40:12 30 0 0 0 0 30 0 0 0 0</string>
    <string>2016-10-12 11:40:13 31 0 0 0 0 30 0 0 0 0</string>
    <string>2016-10-12 11:40:13 32 0 37 131 0 30 0 0 0 0</string>
    <string>2016-10-12 11:40:14 33 0 37 131 0 30 0 0 1 15</string>
    <string>2016-10-12 11:40:14 34 0 37 131 0 30 0 0 1 30</string>
    <string>2016-10-12 11:40:15 35 0 37 131 0 30 0 0 2 30</string>
    <string>2016-10-12 11:40:15 36 0 37 131 0 30 0 0 2 30</string>
    <string>2016-10-12 11:40:16 37 0 34 121 0 30 0 0 3 30</string>
    <string>2016-10-12 11:40:16 38 0 34 121 0 30 0 0 3 30</string>
    <string>2016-10-12 11:40:17 39 0 34 121 0 30 0 0 4 30</string>
    <string>2016-10-12 11:40:17 40 0 34 121 0 30 0 0 4 30</string>
    <string>2016-10-12 11:40:18 41 0 32 114 0 30 0 0 5 30</string>
    <string>2016-10-12 11:40:18 42 0 32 114 0 30 0 0 5 30</string>
    <string>2016-10-12 11:40:19 43 0 32 114 0 30 0 0 6 30</string>
    <string>2016-10-12 11:40:19 44 0 32 114 0 30 0 0 6 30</string>
    <string>2016-10-12 11:40:20 45 0 34 121 0 30 0 0 7 30</string>
    <string>2016-10-12 11:40:20 46 0 34 121 0 30 0 0 7 30</string>
    <string>2016-10-12 11:40:21 47 0 34 121 0 30 0 0 8 30</string>
    <string>2016-10-12 11:40:21 48 0 34 121 0 30 0 0 8 30</string>
    <string>2016-10-12 11:40:22 49 0 32 114 0 30 1 0 9 30</string>
    <string>2016-10-12 11:40:22 50 0 32 114 0 30 1 0 9 30</string>
    <string>2016-10-12 11:40:23 51 0 32 114 0 30 1 0 10 30</string>
    <string>2016-10-12 11:40:23 52 0 32 114 0 30 1 0 10 30</string>
    <string>2016-10-12 11:40:24 53 0 32 114 0 30 1 0 11 30</string>
    <string>2016-10-12 11:40:24 54 0 32 114 0 30 1 0 11 30</string>
    <string>2016-10-12 11:40:25 55 0 32 114 0 30 1 0 12 30</string>
    <string>2016-10-12 11:40:25 56 0 32 114 0 30 1 0 12 30</string>
    <string>2016-10-12 11:40:26 57 0 32 114 0 30 1 0 13 30</string>
    <string>2016-10-12 11:40:26 58 0 36 128 0 30 1 0 13 30</string>
    <string>2016-10-12 11:40:27 59 0 36 128 0 30 1 0 14 30</string>
    <string>2016-10-12 11:40:27 59 0 36 128 0 30 1 0 14 30</string>
    <string>2016-10-12 11:40:28 60 0 36 128 0 30 1 0 14 30</string>
    <string>2016-10-12 11:40:28 61 0 36 128 0 30 1 0 15 30</string>
    <string>2016-10-12 11:40:29 63 0 37 131 0 30 1 0 16 30</string>
    <string>2016-10-12 11:40:29 64 0 37 131 0 30 1 0 16 30</string>
    <string>2016-10-12 11:40:30 65 0 37 131 0 30 2 0 17 30</string>
    <string>2016-10-12 11:40:30 66 0 37 131 0 30 2 0 17 30</string>
    <string>2016-10-12 11:40:31 66 0 37 131 0 30 2 0 17 30</string>
    <string>2016-10-12 11:40:31 68 0 37 131 0 30 2 0 18 30</string>
    <string>2016-10-12 11:40:32 68 0 37 131 0 30 2 0 18 30</string>
    <string>2016-10-12 11:40:32 70 0 37 131 0 30 2 0 19 30</string>
    <string>2016-10-12 11:40:33 70 0 37 131 0 30 2 0 19 30</string>
    <string>2016-10-12 11:40:33 72 0 37 131 0 30 2 0 20 30</string>
    <string>2016-10-12 11:40:34 72 0 37 131 0 30 2 0 20 30</string>
    <string>2016-10-12 11:40:34 74 0 37 131 0 30 2 0 21 30</string>
    <string>2016-10-12 11:40:35 74 0 37 131 0 30 2 0 21 30</string>
    <string>2016-10-12 11:40:35 76 0 41 146 0 30 2 0 22 30</string>
    <string>2016-10-12 11:40:36 76 0 41 146 0 30 2 0 22 30</string>
    <string>2016-10-12 11:40:36 78 0 41 146 0 30 2 0 23 30</string>
    <string>2016-10-12 11:40:37 78 0 41 146 0 30 2 0 23 30</string>
    <string>2016-10-12 11:40:37 79 0 41 146 0 30 2 0 24 30</string>
    <string>2016-10-12 11:40:38 80 0 41 146 0 30 2 0 24 30</string>
    <string>2016-10-12 11:40:38 81 0 41 146 0 30 3 0 25 30</string>
    <string>2016-10-12 11:40:39 82 0 41 146 0 30 3 0 25 30</string>
    <string>2016-10-12 11:40:39 83 0 38 135 0 30 3 0 26 30</string>
    <string>2016-10-12 11:40:40 84 0 38 135 0 30 3 0 26 30</string>
    <string>2016-10-12 11:40:40 85 0 38 135 0 30 3 0 27 30</string>
    <string>2016-10-12 11:40:41 86 0 38 135 0 30 3 0 27 30</string>
    <string>2016-10-12 11:40:41 87 0 42 149 0 30 3 0 28 30</string>
    <string>2016-10-12 11:40:42 88 0 42 149 1 30 3 0 28 30</string>
    <string>2016-10-12 11:40:42 89 0 42 149 1 30 3 0 29 30</string>
    <string>2016-10-12 11:40:43 90 0 42 149 1 30 3 0 29 30</string>
    <string>2016-10-12 11:40:43 91 0 42 149 1 30 3 0 30 30</string>
    <string>2016-10-12 11:40:44 92 0 39 138 1 30 3 0 30 30</string>
    <string>2016-10-12 11:40:44 93 0 39 138 1 30 3 0 31 30</string>
    <string>2016-10-12 11:40:45 94 0 39 138 1 30 3 0 31 30</string>
    <string>2016-10-12 11:40:45 95 0 39 138 1 30 3 0 32 30</string>
    <string>2016-10-12 11:40:46 96 0 40 142 1 30 3 0 32 30</string>
    <string>2016-10-12 11:40:46 97 0 40 142 1 30 3 0 33 30</string>
    <string>2016-10-12 11:40:47 98 0 40 142 1 30 3 0 33 30</string>
    <string>2016-10-12 11:40:47 99 0 40 142 1 30 4 0 34 30</string>
    <string>2016-10-12 11:40:48 100 0 24 85 1 30 4 0 34 30</string>
    <string>2016-10-12 11:40:48 101 0 24 85 1 30 4 0 35 30</string>
    <string>2016-10-12 11:40:49 102 0 24 85 1 30 4 0 35 30</string>
    <string>2016-10-12 11:40:49 103 0 24 85 1 30 4 0 36 30</string>
    <string>2016-10-12 11:40:50 104 0 24 85 1 30 4 0 36 30</string>
    <string>2016-10-12 11:40:50 105 0 0 0 1 30 4 0 37 30</string>
    <string>2016-10-12 11:40:51 106 0 0 0 1 30 4 0 37 0</string>
    <string>2016-10-12 11:40:51 107 0 0 0 1 30 4 0 37 0</string>
    <string>2016-10-12 11:40:52 108 0 0 0 1 30 4 0 37 0</string>
    <string>2016-10-12 11:40:52 109 0 0 0 1 30 4 0 37 0</string>
    <string>2016-10-12 11:40:53 110 0 0 0 1 30 4 0 37 0</string>
    <string>2016-10-12 11:40:53 111 0 0 0 1 30 4 0 37 0</string>
    <string>2016-10-12 11:40:54 112 0 0 0 1 30 4 0 37 0</string>
    <string>2016-10-12 11:40:54 113 0 0 0 1 30 4 0 37 0</string>
    <string>2016-10-12 11:40:55 114 0 0 0 1 30 4 0 37 0</string>
    <string>2016-10-12 11:40:55 115 0 0 0 1 30 4 0 37 0</string>
    <string>2016-10-12 11:40:56 116 0 0 0 1 30 4 0 37 0</string>
    <string>2016-10-12 11:40:56 117 0 0 0 1 30 4 0 37 0</string>
    <string>2016-10-12 11:40:57 118 0 0 0 1 30 4 0 37 0</string>
    <string>2016-10-12 11:40:57 119 0 0 0 1 30 4 0 37 0</string>
    <string>2016-10-12 11:40:58 120 0 0 0 1 30 4 0 37 0</string>
    <string>2016-10-12 11:40:58 121 0 0 0 1 30 4 0 37 0</string>
    <string>2016-10-12 11:40:59 122 0 0 0 1 30 4 0 37 0</string>
    <string>2016-10-12 11:40:59 123 0 0 0 1 30 4 0 37 0</string>
    <string>2016-10-12 11:41:00 124 0 0 0 1 30 4 0 37 0</string>
    <string>2016-10-12 11:41:00 125 0 0 0 1 30 4 0 37 0</string>
    <string>2016-10-12 11:41:01 126 0 0 0 1 30 4 0 37 0</string>
    <string>2016-10-12 11:41:01 127 0 32 114 1 30 4 0 37 3</string>
    <string>2016-10-12 11:41:02 128 0 32 114 1 30 4 0 37 15</string>
    <string>2016-10-12 11:41:02 129 0 32 114 1 30 4 0 38 30</string>
    <string>2016-10-12 11:41:03 130 0 32 114 1 30 4 0 38 30</string>
    <string>2016-10-12 11:41:03 131 0 32 114 1 30 4 0 39 30</string>
    <string>2016-10-12 11:41:04 132 0 28 99 1 30 4 0 39 30</string>
    <string>2016-10-12 11:41:04 133 0 28 99 1 30 4 0 40 30</string>
    <string>2016-10-12 11:41:05 134 0 28 99 1 30 4 0 40 30</string>
    <string>2016-10-12 11:41:05 135 0 28 99 1 30 4 0 41 30</string>
    <string>2016-10-12 11:41:06 136 0 17 60 1 30 4 0 41 30</string>
    <string>2016-10-12 11:41:06 137 0 17 60 1 30 5 0 42 30</string>
    <string>2016-10-12 11:41:07 138 0 17 60 1 30 5 0 42 30</string>
    <string>2016-10-12 11:41:07 139 0 17 60 1 30 5 0 43 30</string>
    <string>2016-10-12 11:41:08 140 0 17 60 1 30 5 0 43 30</string>
    <string>2016-10-12 11:41:08 141 0 12 43 1 30 5 0 44 30</string>
    <string>2016-10-12 11:41:09 142 0 12 43 1 30 5 0 44 30</string>
    <string>2016-10-12 11:41:09 143 0 12 43 1 30 5 0 45 30</string>
    <string>2016-10-12 11:41:10 144 0 12 43 1 30 5 0 45 30</string>
    <string>2016-10-12 11:41:10 145 0 12 43 1 30 5 0 46 30</string>
    <string>2016-10-12 11:41:11 146 0 12 43 1 30 5 0 46 30</string>
    <string>2016-10-12 11:41:11 147 0 0 0 1 30 5 0 46 0</string>
    <string>2016-10-12 11:41:12 148 0 0 0 1 30 5 0 46 0</string>
    <string>2016-10-12 11:41:12 149 0 0 0 1 30 5 0 46 0</string>
    <string>2016-10-12 11:41:13 150 0 0 0 1 30 5 0 46 0</string>
    <string>2016-10-12 11:41:13 151 0 17 60 1 30 5 0 46 9</string>
    <string>2016-10-12 11:41:14 152 0 17 60 1 30 5 0 46 24</string>
    <string>2016-10-12 11:41:14 153 0 17 60 1 30 5 0 47 30</string>
    <string>2016-10-12 11:41:15 154 0 17 60 1 30 5 0 47 30</string>
    <string>2016-10-12 11:41:15 155 0 14 50 1 30 5 0 48 30</string>
    <string>2016-10-12 11:41:16 156 0 14 50 1 30 5 0 48 30</string>
    <string>2016-10-12 11:41:16 157 0 14 50 1 30 5 0 49 30</string>
    <string>2016-10-12 11:41:17 158 0 14 50 1 30 5 0 49 30</string>
    <string>2016-10-12 11:41:17 159 0 14 50 1 30 6 0 50 30</string>
    <string>2016-10-12 11:41:18 160 0 11 39 1 30 6 0 50 30</string>
    <string>2016-10-12 11:41:18 161 0 11 39 1 30 6 0 51 30</string>
    <string>2016-10-12 11:41:19 162 0 11 39 1 30 6 0 51 30</string>
    <string>2016-10-12 11:41:19 163 0 11 39 1 30 6 0 52 30</string>
    <string>2016-10-12 11:41:20 164 0 11 39 1 30 6 0 52 30</string>
    <string>2016-10-12 11:41:20 165 0 11 39 1 30 6 0 53 30</string>
    <string>2016-10-12 11:41:21 166 0 11 39 1 30 6 0 53 30</string>
    <string>2016-10-12 11:41:21 167 0 0 0 1 30 6 0 54 0</string>
    <string>2016-10-12 11:41:22 168 0 0 0 1 30 6 0 54 0</string>
    <string>2016-10-12 11:41:22 169 0 0 0 1 30 6 0 54 0</string>
    <string>2016-10-12 11:41:23 170 0 0 0 1 30 6 0 54 0</string>
    <string>2016-10-12 11:41:23 171 0 0 0 1 30 6 0 54 0</string>
    <string>2016-10-12 11:41:24 172 0 57 202 1 30 6 0 54 6</string>
    <string>2016-10-12 11:41:24 173 0 57 202 1 30 6 0 55 18</string>
    <string>2016-10-12 11:41:25 174 0 57 202 1 30 6 0 55 30</string>
    <string>2016-10-12 11:41:25 175 0 57 202 1 30 6 0 56 30</string>
    <string>2016-10-12 11:41:26 176 0 65 231 1 30 6 0 56 30</string>
    <string>2016-10-12 11:41:26 177 0 65 231 1 30 6 0 57 30</string>
    <string>2016-10-12 11:41:27 178 113 65 231 1 30 6 0 57 30</string>
    <string>2016-10-12 11:41:27 179 113 65 231 1 30 6 0 58 30</string>
    <string>2016-10-12 11:41:28 180 99 69 245 1 30 6 0 58 30</string>
    <string>2016-10-12 11:41:28 181 113 69 245 1 30 7 0 59 30</string>
    <string>2016-10-12 11:41:29 182 114 69 245 1 30 7 0 59 30</string>
    <string>2016-10-12 11:41:29 183 114 69 245 1 30 7 1 0 30</string>
    <string>2016-10-12 11:41:30 184 114 69 245 1 30 7 1 0 30</string>
    <string>2016-10-12 11:41:30 185 113 75 266 1 30 7 1 1 30</string>
    <string>2016-10-12 11:41:31 186 114 75 266 1 30 7 1 1 30</string>
    <string>2016-10-12 11:41:31 187 113 75 266 1 30 7 1 2 30</string>
    <string>2016-10-12 11:41:32 188 114 75 266 2 30 7 1 2 30</string>
    <string>2016-10-12 11:41:32 189 114 75 266 2 30 7 1 3 30</string>
    <string>2016-10-12 11:41:33 190 114 75 266 2 30 7 1 3 30</string>
    <string>2016-10-12 11:41:33 191 114 75 266 2 30 7 1 4 30</string>
    <string>2016-10-12 11:41:34 192 113 75 266 2 30 7 1 4 30</string>
    <string>2016-10-12 11:41:34 193 113 72 256 2 30 7 1 5 30</string>
    <string>2016-10-12 11:41:35 194 112 72 256 2 30 7 1 5 30</string>
    <string>2016-10-12 11:41:35 195 112 72 256 2 30 7 1 6 30</string>
    <string>2016-10-12 11:41:36 196 113 72 256 2 30 7 1 6 30</string>
    <string>2016-10-12 11:41:36 197 113 70 249 2 30 8 1 7 30</string>
    <string>2016-10-12 11:41:37 198 112 70 249 2 30 8 1 7 30</string>
    <string>2016-10-12 11:41:37 199 112 70 249 2 30 8 1 8 30</string>
    <string>2016-10-12 11:41:38 200 112 70 249 2 30 8 1 8 30</string>
    <string>2016-10-12 11:41:38 201 112 73 259 2 30 8 1 9 30</string>
    <string>2016-10-12 11:41:39 202 112 73 259 2 30 8 1 9 30</string>
    <string>2016-10-12 11:41:39 203 111 73 259 2 30 8 1 10 30</string>
    <string>2016-10-12 11:41:40 204 111 73 259 2 30 8 1 10 30</string>
    <string>2016-10-12 11:41:40 205 111 74 263 2 30 8 1 11 30</string>
    <string>2016-10-12 11:41:41 206 111 74 263 2 30 8 1 11 30</string>
    <string>2016-10-12 11:41:41 207 111 74 263 2 30 8 1 12 30</string>
    <string>2016-10-12 11:41:42 208 111 74 263 2 30 8 1 12 30</string>
    <string>2016-10-12 11:41:42 209 111 73 259 2 30 8 1 13 30</string>
    <string>2016-10-12 11:41:43 210 111 73 259 2 30 8 1 13 30</string>
    <string>2016-10-12 11:41:43 211 111 73 259 2 30 8 1 14 30</string>
    <string>2016-10-12 11:41:44 212 111 73 259 2 30 8 1 14 30</string>
    <string>2016-10-12 11:41:44 213 111 73 259 2 30 9 1 15 30</string>
    <string>2016-10-12 11:41:45 214 111 72 256 2 30 9 1 15 30</string>
    <string>2016-10-12 11:41:45 215 111 72 256 2 30 9 1 16 30</string>
    <string>2016-10-12 11:41:46 216 111 72 256 3 30 9 1 16 30</string>
    <string>2016-10-12 11:41:46 217 111 72 256 3 30 9 1 17 30</string>
    <string>2016-10-12 11:41:47 218 111 72 256 3 30 9 1 17 30</string>
    <string>2016-10-12 11:41:47 219 111 72 256 3 30 9 1 18 30</string>
    <string>2016-10-12 11:41:48 220 111 72 256 3 30 9 1 18 30</string>
    <string>2016-10-12 11:41:48 221 111 72 256 3 30 9 1 19 30</string>
    <string>2016-10-12 11:41:49 222 111 68 241 3 30 9 1 19 30</string>
    <string>2016-10-12 11:41:49 223 111 68 241 3 30 9 1 20 30</string>
    <string>2016-10-12 11:41:50 224 110 68 241 3 30 9 1 20 30</string>
    <string>2016-10-12 11:41:50 225 110 68 241 3 30 9 1 21 30</string>
    <string>2016-10-12 11:41:51 226 109 58 206 3 30 9 1 21 30</string>
    <string>2016-10-12 11:41:51 227 109 58 206 3 30 9 1 22 30</string>
    <string>2016-10-12 11:41:52 228 109 58 206 3 30 9 1 22 30</string>
    <string>2016-10-12 11:41:52 229 108 58 206 3 30 9 1 23 30</string>
    <string>2016-10-12 11:41:53 230 109 47 167 3 30 9 1 23 30</string>
    <string>2016-10-12 11:41:53 231 109 47 167 3 30 10 1 24 30</string>
    <string>2016-10-12 11:41:54 232 109 47 167 3 30 10 1 24 30</string>
    <string>2016-10-12 11:41:54 233 109 47 167 3 30 10 1 25 30</string>
    <string>2016-10-12 11:41:55 234 109 37 131 3 30 10 1 25 30</string>
    <string>2016-10-12 11:41:55 235 109 37 131 3 30 10 1 26 30</string>
    <string>2016-10-12 11:41:56 236 109 37 131 3 30 10 1 26 30</string>
    <string>2016-10-12 11:41:56 237 109 37 131 3 30 10 1 27 30</string>
    <string>2016-10-12 11:41:57 238 109 59 209 3 30 10 1 27 30</string>
    <string>2016-10-12 11:41:57 239 109 59 209 3 30 10 1 28 30</string>
    <string>2016-10-12 11:41:58 240 110 59 209 3 30 10 1 28 30</string>
    <string>2016-10-12 11:41:58 241 110 59 209 3 30 10 1 29 30</string>
    <string>2016-10-12 11:41:59 242 110 80 284 3 30 10 1 29 30</string>
    <string>2016-10-12 11:41:59 243 110 80 284 3 30 10 1 30 30</string>
    <string>2016-10-12 11:42:00 244 110 80 284 3 30 10 1 30 30</string>
    <string>2016-10-12 11:42:00 245 110 80 284 3 30 10 1 31 30</string>
    <string>2016-10-12 11:42:01 246 110 80 284 3 30 10 1 31 30</string>
    <string>2016-10-12 11:42:01 247 110 104 369 3 30 11 1 32 30</string>
    <string>2016-10-12 11:42:02 248 110 104 369 4 30 11 1 32 30</string>
    <string>2016-10-12 11:42:02 249 110 104 369 4 30 11 1 33 30</string>
    <string>2016-10-12 11:42:03 250 111 104 369 4 30 11 1 33 30</string>
    <string>2016-10-12 11:42:03 251 111 129 458 4 30 11 1 34 30</string>
    <string>2016-10-12 11:42:04 252 111 129 458 4 30 11 1 34 30</string>
    <string>2016-10-12 11:42:04 253 111 129 458 4 30 11 1 35 30</string>
    <string>2016-10-12 11:42:05 254 111 129 458 4 30 11 1 35 30</string>
    <string>2016-10-12 11:42:05 255 111 179 635 4 30 11 1 36 30</string>
    <string>2016-10-12 11:42:06 256 111 179 635 4 30 11 1 36 30</string>
    <string>2016-10-12 11:42:06 257 111 179 635 4 30 11 1 37 30</string>
    <string>2016-10-12 11:42:07 258 111 179 635 4 30 11 1 37 30</string>
    <string>2016-10-12 11:42:07 259 111 175 621 4 30 11 1 38 30</string>
    <string>2016-10-12 11:42:08 260 111 175 621 5 30 11 1 38 30</string>
    <string>2016-10-12 11:42:08 261 111 175 621 5 30 11 1 39 30</string>
    <string>2016-10-12 11:42:09 262 111 175 621 5 30 11 1 39 30</string>
    <string>2016-10-12 11:42:09 263 111 172 611 5 30 12 1 40 30</string>
    <string>2016-10-12 11:42:10 264 111 172 611 5 30 12 1 40 30</string>
    <string>2016-10-12 11:42:10 265 111 172 611 5 30 12 1 41 30</string>
    <string>2016-10-12 11:42:11 266 116 172 611 5 30 12 1 41 30</string>
    <string>2016-10-12 11:42:11 267 116 168 596 5 30 12 1 42 30</string>
    <string>2016-10-12 11:42:12 268 120 168 596 5 30 12 1 42 30</string>
    <string>2016-10-12 11:42:12 269 120 168 596 5 30 12 1 43 30</string>
    <string>2016-10-12 11:42:13 270 121 168 596 5 30 12 1 43 30</string>
    <string>2016-10-12 11:42:13 271 121 165 586 5 30 12 1 44 30</string>
    <string>2016-10-12 11:42:14 272 121 165 586 6 30 12 1 44 30</string>
    <string>2016-10-12 11:42:14 273 121 165 586 6 30 12 1 45 30</string>
    <string>2016-10-12 11:42:15 274 121 165 586 6 30 12 1 45 30</string>
    <string>2016-10-12 11:42:15 275 121 161 572 6 30 12 1 46 30</string>
    <string>2016-10-12 11:42:16 276 121 161 572 6 30 12 1 46 30</string>
    <string>2016-10-12 11:42:16 277 121 161 572 6 30 12 1 47 30</string>
    <string>2016-10-12 11:42:17 278 121 161 572 6 30 12 1 47 30</string>
    <string>2016-10-12 11:42:17 279 121 161 572 6 30 12 1 48 30</string>
    <string>2016-10-12 11:42:18 280 121 158 561 6 30 12 1 48 30</string>
    <string>2016-10-12 11:42:18 281 120 158 561 6 30 13 1 49 30</string>
    <string>2016-10-12 11:42:19 282 120 158 561 6 30 13 1 49 30</string>
    <string>2016-10-12 11:42:19 283 120 158 561 6 30 13 1 50 30</string>
    <string>2016-10-12 11:42:20 284 120 155 550 6 30 13 1 51 30</string>
    <string>2016-10-12 11:42:20 285 120 155 550 7 30 13 1 51 30</string>
    <string>2016-10-12 11:42:21 286 117 155 550 7 30 13 1 52 30</string>
    <string>2016-10-12 11:42:21 287 119 155 550 7 30 13 1 52 30</string>
    <string>2016-10-12 11:42:22 288 119 151 536 7 30 13 1 53 30</string>
    <string>2016-10-12 11:42:22 289 119 151 536 7 30 13 1 53 30</string>
    <string>2016-10-12 11:42:23 290 119 151 536 7 30 13 1 54 30</string>
    <string>2016-10-12 11:42:23 291 119 151 536 7 30 13 1 54 30</string>
    <string>2016-10-12 11:42:24 292 119 148 525 7 30 13 1 55 30</string>
    <string>2016-10-12 11:42:24 293 119 148 525 7 30 13 1 55 30</string>
    <string>2016-10-12 11:42:25 294 119 148 525 7 30 13 1 56 30</string>
    <string>2016-10-12 11:42:25 295 119 148 525 7 30 13 1 56 30</string>
    <string>2016-10-12 11:42:26 296 119 145 515 7 30 13 1 57 30</string>
    <string>2016-10-12 11:42:26 297 119 145 515 7 30 14 1 57 30</string>
    <string>2016-10-12 11:42:27 298 117 145 515 7 30 14 1 58 30</string>
    <string>2016-10-12 11:42:27 299 117 145 515 8 30 14 1 58 30</string>
    <string>2016-10-12 11:42:28 300 117 142 504 8 30 14 1 59 30</string>
    <string>2016-10-12 11:42:28 301 115 142 504 8 30 14 1 59 30</string>
    <string>2016-10-12 11:42:29 302 115 142 504 8 30 14 2 0 30</string>
    <string>2016-10-12 11:42:29 303 114 142 504 8 30 14 2 0 30</string>
    <string>2016-10-12 11:42:30 304 114 138 490 8 30 14 2 1 30</string>
    <string>2016-10-12 11:42:30 305 114 138 490 8 30 14 2 1 30</string>
    <string>2016-10-12 11:42:31 306 114 138 490 8 30 14 2 2 30</string>
    <string>2016-10-12 11:42:31 307 114 138 490 8 30 14 2 2 30</string>
    <string>2016-10-12 11:42:32 308 114 135 479 8 30 14 2 3 30</string>
    <string>2016-10-12 11:42:32 309 114 135 479 8 30 14 2 3 30</string>
    <string>2016-10-12 11:42:33 310 114 135 479 8 30 14 2 4 30</string>
    <string>2016-10-12 11:42:33 311 114 135 479 8 30 14 2 4 30</string>
    <string>2016-10-12 11:42:34 312 114 132 469 8 30 14 2 5 30</string>
    <string>2016-10-12 11:42:34 313 114 132 469 8 30 15 2 5 30</string>
    <string>2016-10-12 11:42:35 314 114 132 469 9 30 15 2 6 30</string>
    <string>2016-10-12 11:42:35 315 114 132 469 9 30 15 2 6 30</string>
    <string>2016-10-12 11:42:36 316 114 129 458 9 30 15 2 7 30</string>
    <string>2016-10-12 11:42:36 317 114 129 458 9 30 15 2 7 30</string>
    <string>2016-10-12 11:42:37 318 0 129 458 9 30 15 2 8 30</string>
    <string>2016-10-12 11:42:37 319 0 129 458 9 30 15 2 8 30</string>
    <string>2016-10-12 11:42:38 320 0 125 444 9 30 15 2 9 30</string>
    <string>2016-10-12 11:42:38 321 0 125 444 9 30 15 2 9 30</string>
    <string>2016-10-12 11:42:39 322 0 125 444 9 30 15 2 10 30</string>
    <string>2016-10-12 11:42:39 323 0 125 444 9 30 15 2 10 30</string>
    <string>2016-10-12 11:42:40 324 0 122 433 9 30 15 2 11 30</string>
    <string>2016-10-12 11:42:40 325 0 122 433 9 30 15 2 11 30</string>
    <string>2016-10-12 11:42:41 326 0 122 433 9 30 15 2 12 30</string>
    <string>2016-10-12 11:42:41 327 0 122 433 9 30 15 2 12 30</string>
    <string>2016-10-12 11:42:42 328 0 119 422 9 30 15 2 13 30</string>
    <string>2016-10-12 11:42:42 329 0 119 422 9 30 15 2 13 30</string>
    <string>2016-10-12 11:42:43 330 0 119 422 10 30 16 2 14 30</string>
    <string>2016-10-12 11:42:43 331 0 119 422 10 30 16 2 14 30</string>
    <string>2016-10-12 11:42:44 332 0 119 422 10 30 16 2 15 30</string>
    <string>2016-10-12 11:42:44 333 0 115 408 10 30 16 2 15 30</string>
    <string>2016-10-12 11:42:45 334 0 115 408 10 30 16 2 16 30</string>
    <string>2016-10-12 11:42:45 335 0 115 408 10 30 16 2 16 30</string>
    <string>2016-10-12 11:42:46 336 0 115 408 10 30 16 2 17 30</string>
    <string>2016-10-12 11:42:46 337 0 111 394 10 30 16 2 17 30</string>
    <string>2016-10-12 11:42:47 338 0 111 394 10 30 16 2 18 30</string>
    <string>2016-10-12 11:42:47 339 0 111 394 10 30 16 2 18 30</string>
    <string>2016-10-12 11:42:48 340 0 111 394 10 30 16 2 19 30</string>
    <string>2016-10-12 11:42:48 341 0 107 380 10 30 16 2 19 30</string>
    <string>2016-10-12 11:42:49 342 0 107 380 10 30 16 2 20 30</string>
    <string>2016-10-12 11:42:49 343 0 107 380 10 30 16 2 20 30</string>
    <string>2016-10-12 11:42:50 344 0 107 380 10 30 16 2 21 30</string>
    <string>2016-10-12 11:42:50 345 0 103 366 10 30 16 2 21 30</string>
    <string>2016-10-12 11:42:51 346 0 103 366 10 30 17 2 22 30</string>
    <string>2016-10-12 11:42:51 347 0 103 366 10 30 17 2 22 30</string>
    <string>2016-10-12 11:42:52 348 0 103 366 11 30 17 2 23 30</string>
    <string>2016-10-12 11:42:52 349 0 98 348 11 30 17 2 23 30</string>
    <string>2016-10-12 11:42:53 350 0 98 348 11 30 17 2 24 30</string>
    <string>2016-10-12 11:42:53 351 0 98 348 11 30 17 2 24 30</string>
    <string>2016-10-12 11:42:54 352 0 98 348 11 30 17 2 25 30</string>
    <string>2016-10-12 11:42:54 353 0 92 327 11 30 17 2 25 30</string>
    <string>2016-10-12 11:42:55 354 0 92 327 11 30 17 2 26 30</string>
    <string>2016-10-12 11:42:55 355 0 92 327 11 30 17 2 26 30</string>
    <string>2016-10-12 11:42:56 356 0 92 327 11 30 17 2 27 30</string>
    <string>2016-10-12 11:42:56 357 0 86 305 11 30 17 2 27 30</string>
    <string>2016-10-12 11:42:57 358 0 86 305 11 30 17 2 28 30</string>
    <string>2016-10-12 11:42:57 359 0 86 305 11 30 17 2 28 30</string>
    <string>2016-10-12 11:42:58 360 0 86 305 11 30 17 2 29 30</string>
    <string>2016-10-12 11:42:58 361 0 78 277 11 30 17 2 29 30</string>
    <string>2016-10-12 11:42:59 362 0 78 277 11 30 18 2 30 30</string>
    <string>2016-10-12 11:42:59 363 0 78 277 11 30 18 2 30 30</string>
    <string>2016-10-12 11:43:00 363 0 78 277 11 30 18 2 30 30</string>
    <string>2016-10-12 11:43:00 365 0 70 249 11 30 18 2 31 30</string>
    <string>2016-10-12 11:43:01 366 0 70 249 11 30 18 2 32 30</string>
    <string>2016-10-12 11:43:01 367 0 70 249 11 30 18 2 32 30</string>
    <string>2016-10-12 11:43:02 367 0 70 249 11 30 18 2 32 30</string>
    <string>2016-10-12 11:43:02 369 0 61 217 11 30 18 2 33 30</string>
    <string>2016-10-12 11:43:03 369 0 61 217 11 30 18 2 33 30</string>
    <string>2016-10-12 11:43:03 371 0 61 217 11 30 18 2 34 30</string>
    <string>2016-10-12 11:43:04 371 0 61 217 11 30 18 2 34 30</string>
    <string>2016-10-12 11:43:04 373 0 61 217 11 30 18 2 35 30</string>
    <string>2016-10-12 11:43:05 374 0 50 178 11 30 18 2 36 30</string>
  </Results>
</ServerData>