<?xml version="1.0"?>
<ServerData xmlns:xsi="http://www.w3.org/2001/XMLSchema-instance" xmlns:xsd="http://www.w3.org/2001/XMLSchema">
  <Name>fewiojfoiwjfoiew</Name>
  <Password>fjeiwowe</Password>
  <Doctor>false</Doctor>
  <Messages />
  <Results>
    <string>2016-10-18 01:05:38 1 10 40 2 0 25 0 0 0 60</string>
    <string>2016-10-18 01:05:39 2 62 40 4 4 25 4 0 0 60</string>
    <string>2016-10-18 01:05:39 3 124 40 32 9 25 9 0 1 60</string>
    <string>2016-10-18 01:05:40 4 110 40 26 13 25 13 0 1 60</string>
    <string>2016-10-18 01:05:40 5 91 40 17 18 25 18 0 1 60</string>
    <string>2016-10-18 01:05:41 6 115 40 28 22 25 22 0 2 60</string>
    <string>2016-10-18 01:05:41 7 125 40 33 27 25 27 0 2 60</string>
    <string>2016-10-18 01:05:42 8 69 40 7 31 25 31 0 3 60</string>
    <string>2016-10-18 01:05:42 9 130 40 35 36 25 36 0 3 60</string>
    <string>2016-10-18 01:05:43 10 112 40 27 41 25 41 0 4 60</string>
    <string>2016-10-18 01:05:43 11 136 40 38 45 25 45 0 4 60</string>
    <string>2016-10-18 01:05:44 12 117 40 29 50 25 50 0 5 60</string>
    <string>2016-10-18 01:05:44 13 103 40 22 54 25 54 0 5 60</string>
    <string>2016-10-18 01:05:45 14 84 40 14 59 25 59 0 6 60</string>
    <string>2016-10-18 01:05:45 15 108 40 25 63 25 63 0 6 60</string>
    <string>2016-10-18 01:05:46 16 89 40 16 68 25 68 0 7 60</string>
    <string>2016-10-18 01:05:46 17 71 40 8 73 25 73 0 7 60</string>
    <string>2016-10-18 01:05:47 18 95 40 19 77 25 77 0 8 60</string>
    <string>2016-10-18 01:05:47 19 76 40 10 82 25 82 0 8 60</string>
    <string>2016-10-18 01:05:48 20 62 40 4 86 25 86 0 9 60</string>
    <string>2016-10-18 01:05:48 21 123 40 32 91 25 91 0 9 60</string>
    <string>2016-10-18 01:05:49 22 67 40 6 95 25 95 0 10 60</string>
    <string>2016-10-18 01:05:49 23 128 40 34 100 25 100 0 10 60</string>
    <string>2016-10-18 01:05:50 24 110 40 26 105 25 105 0 11 60</string>
    <string>2016-10-18 01:05:50 25 134 40 37 109 25 109 0 11 60</string>
    <string>2016-10-18 01:05:51 26 115 40 28 114 25 114 0 12 60</string>
    <string>2016-10-18 01:05:51 27 101 40 22 118 25 118 0 12 60</string>
    <string>2016-10-18 01:05:52 28 82 40 13 123 25 123 0 13 60</string>
    <string>2016-10-18 01:05:52 29 106 40 24 127 25 127 0 13 60</string>
    <string>2016-10-18 01:05:53 30 87 40 15 132 25 132 0 14 60</string>
    <string>2016-10-18 01:05:53 31 69 40 7 137 25 137 0 14 60</string>
    <string>2016-10-18 01:05:54 32 93 40 18 141 25 141 0 15 60</string>
    <string>2016-10-18 01:05:54 33 74 40 9 146 25 146 0 15 60</string>
    <string>2016-10-18 01:05:55 34 60 40 3 150 25 150 0 16 60</string>
    <string>2016-10-18 01:05:55 35 121 40 31 155 25 155 0 16 60</string>
    <string>2016-10-18 01:05:56 36 103 40 22 160 25 160 0 17 60</string>
    <string>2016-10-18 01:05:56 37 127 40 34 164 25 164 0 17 60</string>
    <string>2016-10-18 01:05:57 38 108 40 25 169 25 169 0 18 60</string>
    <string>2016-10-18 01:05:57 39 132 40 36 173 25 173 0 18 60</string>
    <string>2016-10-18 01:05:58 40 113 40 27 178 25 178 0 19 60</string>
    <string>2016-10-18 01:05:58 41 99 40 21 182 25 182 0 19 60</string>
    <string>2016-10-18 01:05:59 42 67 40 6 187 25 187 0 20 60</string>
    <string>2016-10-18 01:05:59 43 133 40 37 191 25 191 0 20 60</string>
    <string>2016-10-18 01:06:00 44 114 40 28 196 25 196 0 21 60</string>
  </Results>
</ServerData>