<?xml version="1.0"?>
<ServerData xmlns:xsi="http://www.w3.org/2001/XMLSchema-instance" xmlns:xsd="http://www.w3.org/2001/XMLSchema">
  <Name>fewioajfoi</Name>
  <Password>jioewf</Password>
  <Doctor>false</Doctor>
  <Messages>
    <string>fewioajfoi_2016-10-19 11:06:14 fewioajfoi : adfsadsadfa</string>
  </Messages>
  <Results>
    <string>2016-10-19 11:06:05 1 10 40 2 0 25 0 0 0 60</string>
    <string>2016-10-19 11:06:06 2 120 40 379 4 25 4 0 0 60</string>
    <string>2016-10-19 11:06:06 3 93 40 209 8 25 8 0 0 60</string>
    <string>2016-10-19 11:06:07 4 126 40 413 13 25 13 0 1 60</string>
    <string>2016-10-19 11:06:07 5 107 40 296 18 25 18 0 1 60</string>
    <string>2016-10-19 11:06:08 6 131 40 446 22 25 22 0 2 60</string>
    <string>2016-10-19 11:06:08 7 112 40 329 27 25 27 0 2 60</string>
    <string>2016-10-19 11:06:09 8 98 40 241 31 25 31 0 3 60</string>
    <string>2016-10-19 11:06:09 9 79 40 124 36 25 36 0 3 60</string>
    <string>2016-10-19 11:06:10 10 61 40 8 41 25 41 0 4 60</string>
    <string>2016-10-19 11:06:10 11 85 40 157 45 25 45 0 4 60</string>
    <string>2016-10-19 11:06:11 12 66 40 41 50 25 50 0 5 60</string>
    <string>2016-10-19 11:06:11 13 90 40 191 54 25 54 0 5 60</string>
    <string>2016-10-19 11:06:12 14 71 40 74 59 25 59 0 6 60</string>
    <string>2016-10-19 11:06:12 15 137 40 485 63 25 63 0 6 60</string>
    <string>2016-10-19 11:06:13 16 118 40 368 68 25 68 0 7 60</string>
    <string>2016-10-19 11:06:13 17 78 40 116 72 25 72 0 7 60</string>
    <string>2016-10-19 11:06:14 18 139 40 499 77 25 77 0 8 60</string>
    <string>2016-10-19 11:06:14 19 125 40 410 81 25 81 0 8 60</string>
    <string>2016-10-19 11:06:15 20 106 40 294 86 25 86 0 9 60</string>
    <string>2016-10-19 11:06:15 21 88 40 177 91 25 91 0 9 60</string>
    <string>2016-10-19 11:06:16 22 112 40 327 95 25 95 0 10 60</string>
    <string>2016-10-19 11:06:16 23 93 40 210 100 25 100 0 10 60</string>
    <string>2016-10-19 11:06:17 24 117 40 360 104 25 104 0 11 60</string>
    <string>2016-10-19 11:06:17 25 98 40 243 109 25 109 0 11 60</string>
    <string>2016-10-19 11:06:18 26 100 40 252 113 25 113 0 12 60</string>
    <string>2016-10-19 11:06:18 27 81 40 136 118 25 118 0 12 60</string>
    <string>2016-10-19 11:06:19 28 134 40 464 122 25 122 0 13 60</string>
    <string>2016-10-19 11:06:19 29 115 40 348 127 25 127 0 13 60</string>
    <string>2016-10-19 11:06:20 30 104 40 275 131 25 131 0 14 60</string>
    <string>2016-10-19 11:06:20 31 85 40 159 136 25 136 0 14 60</string>
    <string>2016-10-19 11:06:21 32 71 40 70 140 25 140 0 15 60</string>
    <string>2016-10-19 11:06:21 33 132 40 452 145 25 145 0 15 60</string>
    <string>2016-10-19 11:06:22 34 76 40 103 149 25 149 0 16 60</string>
    <string>2016-10-19 11:06:22 35 137 40 486 154 25 154 0 16 60</string>
    <string>2016-10-19 11:06:23 36 81 40 136 158 25 158 0 17 60</string>
    <string>2016-10-19 11:06:23 37 91 40 199 163 25 163 0 17 60</string>
    <string>2016-10-19 11:06:24 38 64 40 29 167 25 167 0 18 60</string>
    <string>2016-10-19 11:06:24 39 125 40 411 172 25 172 0 18 60</string>
    <string>2016-10-19 11:06:25 40 69 40 62 176 25 176 0 19 60</string>
    <string>2016-10-19 11:06:25 41 79 40 124 181 25 181 0 19 60</string>
    <string>2016-10-19 11:06:26 42 61 40 8 186 25 186 0 20 60</string>
    <string>2016-10-19 11:06:26 43 85 40 158 190 25 190 0 20 60</string>
    <string>2016-10-19 11:06:27 44 66 40 41 195 25 195 0 21 60</string>
    <string>2016-10-19 11:06:27 45 132 40 451 199 25 199 0 21 60</string>
    <string>2016-10-19 11:06:28 46 84 40 156 204 25 204 0 22 60</string>
    <string>2016-10-19 11:06:28 47 101 40 262 208 25 208 0 22 60</string>
    <string>2016-10-19 11:06:29 48 70 40 64 212 25 212 0 23 60</string>
    <string>2016-10-19 11:06:29 49 100 40 252 216 25 216 0 23 60</string>
    <string>2016-10-19 11:06:30 50 101 40 260 220 25 220 0 24 60</string>
    <string>2016-10-19 11:06:30 51 69 40 62 225 25 225 0 24 60</string>
    <string>2016-10-19 11:06:31 52 71 40 71 229 25 229 0 25 60</string>
    <string>2016-10-19 11:06:31 53 132 40 454 234 25 234 0 25 60</string>
    <string>2016-10-19 11:06:32 54 76 40 104 238 25 238 0 26 60</string>
    <string>2016-10-19 11:06:32 55 86 40 167 243 25 243 0 26 60</string>
    <string>2016-10-19 11:06:33 56 110 40 316 247 25 247 0 27 60</string>
    <string>2016-10-19 11:06:33 57 120 40 379 252 25 252 0 27 60</string>
    <string>2016-10-19 11:06:34 58 93 40 209 256 25 256 0 28 60</string>
    <string>2016-10-19 11:06:34 59 74 40 92 261 25 261 0 28 60</string>
    <string>2016-10-19 11:06:35 60 98 40 242 265 25 265 0 29 60</string>
    <string>2016-10-19 11:06:35 61 95 40 223 270 25 270 0 29 60</string>
    <string>2016-10-19 11:06:36 62 81 40 134 274 25 274 0 30 60</string>
    <string>2016-10-19 11:06:36 63 129 40 435 279 25 279 0 30 60</string>
    <string>2016-10-19 11:06:37 64 115 40 346 283 25 283 0 31 60</string>
    <string>2016-10-19 11:06:37 65 83 40 148 288 25 288 0 31 60</string>
    <string>2016-10-19 11:06:38 66 69 40 60 292 25 292 0 32 60</string>
    <string>2016-10-19 11:06:38 67 130 40 442 297 25 297 0 32 60</string>
    <string>2016-10-19 11:06:39 68 112 40 326 302 25 302 0 33 60</string>
    <string>2016-10-19 11:06:39 69 136 40 475 306 25 306 0 33 60</string>
    <string>2016-10-19 11:06:40 70 117 40 359 311 25 311 0 34 60</string>
    <string>2016-10-19 11:06:40 71 61 40 10 315 25 315 0 34 60</string>
    <string>2016-10-19 11:06:41 72 87 40 170 320 25 320 0 35 60</string>
    <string>2016-10-19 11:06:41 73 72 40 81 324 25 324 0 35 60</string>
    <string>2016-10-19 11:06:42 74 69 40 62 329 25 329 0 36 60</string>
    <string>2016-10-19 11:06:42 75 93 40 212 333 25 333 0 36 60</string>
    <string>2016-10-19 11:06:43 76 75 40 95 338 25 338 0 37 60</string>
    <string>2016-10-19 11:06:43 77 60 40 6 342 25 342 0 37 60</string>
    <string>2016-10-19 11:06:44 78 122 40 389 347 25 347 0 38 60</string>
    <string>2016-10-19 11:06:44 79 66 40 40 351 25 351 0 38 60</string>
    <string>2016-10-19 11:06:45 80 127 40 422 356 25 356 0 39 60</string>
    <string>2016-10-19 11:06:45 81 108 40 306 361 25 361 0 39 60</string>
    <string>2016-10-19 11:06:46 82 81 40 135 365 25 365 0 40 60</string>
    <string>2016-10-19 11:06:46 83 83 40 144 369 25 369 0 40 60</string>
    <string>2016-10-19 11:06:47 84 79 40 125 374 25 374 0 41 60</string>
    <string>2016-10-19 11:06:47 85 103 40 275 378 25 378 0 41 60</string>
    <string>2016-10-19 11:06:48 86 85 40 158 383 25 383 0 42 60</string>
    <string>2016-10-19 11:06:48 87 137 40 487 387 25 387 0 42 60</string>
    <string>2016-10-19 11:06:49 88 119 40 370 392 25 392 0 43 60</string>
    <string>2016-10-19 11:06:49 89 105 40 282 396 25 396 0 43 60</string>
    <string>2016-10-19 11:06:50 90 86 40 165 401 25 401 0 44 60</string>
    <string>2016-10-19 11:06:50 91 105 40 287 406 25 406 0 44 60</string>
    <string>2016-10-19 11:06:51 92 91 40 199 410 25 410 0 45 60</string>
    <string>2016-10-19 11:06:51 93 73 40 82 415 25 415 0 45 60</string>
    <string>2016-10-19 11:06:52 94 97 40 232 419 25 419 0 46 60</string>
    <string>2016-10-19 11:06:52 95 78 40 115 424 25 424 0 46 60</string>
    <string>2016-10-19 11:06:53 96 64 40 27 428 25 428 0 47 60</string>
    <string>2016-10-19 11:06:53 97 61 40 8 433 25 433 0 47 60</string>
    <string>2016-10-19 11:06:54 98 85 40 157 437 25 437 0 48 60</string>
    <string>2016-10-19 11:06:54 99 66 40 41 442 25 442 0 48 60</string>
    <string>2016-10-19 11:06:55 100 119 40 369 446 25 446 0 49 60</string>
    <string>2016-10-19 11:06:55 101 100 40 253 451 25 451 0 49 60</string>
    <string>2016-10-19 11:06:56 102 73 40 83 455 25 455 0 50 60</string>
    <string>2016-10-19 11:06:56 103 83 40 145 460 25 460 0 50 60</string>
    <string>2016-10-19 11:06:57 104 135 40 474 464 25 464 0 51 60</string>
    <string>2016-10-19 11:06:57 105 117 40 357 469 25 469 0 51 60</string>
    <string>2016-10-19 11:06:58 106 89 40 187 473 25 473 0 52 60</string>
    <string>2016-10-19 11:06:58 107 71 40 71 478 25 478 0 52 60</string>
    <string>2016-10-19 11:06:59 108 95 40 220 482 25 482 0 53 60</string>
    <string>2016-10-19 11:06:59 109 105 40 283 487 25 487 0 53 60</string>
    <string>2016-10-19 11:07:00 110 129 40 433 491 25 491 0 54 60</string>
    <string>2016-10-19 11:07:00 111 110 40 316 496 25 496 0 54 60</string>
    <string>2016-10-19 11:07:01 112 91 40 200 501 25 501 0 55 60</string>
    <string>2016-10-19 11:07:01 113 77 40 111 505 25 505 0 55 60</string>
    <string>2016-10-19 11:07:02 114 97 40 233 510 25 510 0 56 60</string>
    <string>2016-10-19 11:07:02 115 83 40 144 514 25 514 0 56 60</string>
    <string>2016-10-19 11:07:03 116 131 40 445 519 25 519 0 57 60</string>
    <string>2016-10-19 11:07:04 117 112 40 329 524 25 524 0 57 60</string>
    <string>2016-10-19 11:07:04 118 98 40 240 528 25 528 0 58 60</string>
    <string>2016-10-19 11:07:04 119 79 40 124 533 25 533 0 58 60</string>
    <string>2016-10-19 11:07:05 120 68 40 51 537 25 537 0 59 60</string>
    <string>2016-10-19 11:07:05 121 136 40 477 541 25 541 0 59 60</string>
    <string>2016-10-19 11:07:06 122 95 40 219 546 25 546 1 0 60</string>
    <string>2016-10-19 11:07:06 123 134 40 466 550 25 550 1 0 60</string>
  </Results>
</ServerData>