<?xml version="1.0"?>
<ServerData xmlns:xsi="http://www.w3.org/2001/XMLSchema-instance" xmlns:xsd="http://www.w3.org/2001/XMLSchema">
  <Name>fewjfiewoa</Name>
  <Password>fjeiwo</Password>
  <Doctor>false</Doctor>
  <Messages />
  <Results>
    <string>2016-10-18 10:31:27 1 10 40 2 0 25 0 0 0 60</string>
    <string>2016-10-18 10:31:28 2 131 40 444 4 25 4 0 0 60</string>
    <string>2016-10-18 10:31:28 3 132 40 453 8 25 8 0 0 60</string>
    <string>2016-10-18 10:31:29 4 100 40 254 13 25 13 0 1 60</string>
    <string>2016-10-18 10:31:29 5 73 40 84 17 25 17 0 1 60</string>
    <string>2016-10-18 10:31:30 6 134 40 467 22 25 22 0 2 60</string>
    <string>2016-10-18 10:31:30 7 120 40 378 26 25 26 0 2 60</string>
    <string>2016-10-18 10:31:31 8 60 40 1 31 25 31 0 3 60</string>
    <string>2016-10-18 10:31:31 9 121 40 383 36 25 36 0 3 60</string>
    <string>2016-10-18 10:31:32 10 107 40 295 40 25 40 0 4 60</string>
    <string>2016-10-18 10:31:32 11 88 40 178 45 25 45 0 4 60</string>
    <string>2016-10-18 10:31:33 12 112 40 328 49 25 49 0 5 60</string>
    <string>2016-10-18 10:31:33 13 122 40 391 54 25 54 0 5 60</string>
    <string>2016-10-18 10:31:34 14 66 40 41 58 25 58 0 6 60</string>
    <string>2016-10-18 10:31:34 15 127 40 424 63 25 63 0 6 60</string>
    <string>2016-10-18 10:31:35 16 129 40 432 67 25 67 0 7 60</string>
    <string>2016-10-18 10:31:35 17 110 40 316 72 25 72 0 7 60</string>
    <string>2016-10-18 10:31:36 18 134 40 466 76 25 76 0 8 60</string>
    <string>2016-10-18 10:31:36 19 115 40 349 81 25 81 0 8 60</string>
    <string>2016-10-18 10:31:37 20 97 40 233 86 25 86 0 9 60</string>
    <string>2016-10-18 10:31:37 21 69 40 62 90 25 90 0 9 60</string>
    <string>2016-10-18 10:31:38 22 131 40 445 95 25 95 0 10 60</string>
    <string>2016-10-18 10:31:38 23 75 40 96 99 25 99 0 10 60</string>
    <string>2016-10-18 10:31:39 24 85 40 158 104 25 104 0 11 60</string>
    <string>2016-10-18 10:31:39 25 137 40 487 108 25 108 0 11 60</string>
    <string>2016-10-18 10:31:40 26 119 40 370 113 25 113 0 12 60</string>
    <string>2016-10-18 10:31:40 27 63 40 21 117 25 117 0 12 60</string>
    <string>2016-10-18 10:31:41 28 124 40 404 122 25 122 0 13 60</string>
    <string>2016-10-18 10:31:41 29 110 40 315 126 25 126 0 13 60</string>
    <string>2016-10-18 10:31:42 30 91 40 199 131 25 131 0 14 60</string>
    <string>2016-10-18 10:31:42 31 115 40 348 135 25 135 0 14 60</string>
    <string>2016-10-18 10:31:43 32 97 40 232 140 25 140 0 15 60</string>
    <string>2016-10-18 10:31:43 33 78 40 115 145 25 145 0 15 60</string>
    <string>2016-10-18 10:31:44 34 102 40 265 149 25 149 0 16 60</string>
    <string>2016-10-18 10:31:44 35 83 40 148 154 25 154 0 16 60</string>
    <string>2016-10-18 10:31:45 36 69 40 60 158 25 158 0 17 60</string>
    <string>2016-10-18 10:31:45 37 130 40 442 163 25 163 0 17 60</string>
    <string>2016-10-18 10:31:46 38 74 40 93 167 25 167 0 18 60</string>
    <string>2016-10-18 10:31:46 39 136 40 476 172 25 172 0 18 60</string>
    <string>2016-10-18 10:31:47 40 117 40 359 177 25 177 0 19 60</string>
    <string>2016-10-18 10:31:47 41 61 40 10 181 25 181 0 19 60</string>
    <string>2016-10-18 10:31:48 42 122 40 392 186 25 186 0 20 60</string>
    <string>2016-10-18 10:31:48 43 108 40 304 190 25 190 0 20 60</string>
    <string>2016-10-18 10:31:49 44 89 40 187 195 25 195 0 21 60</string>
    <string>2016-10-18 10:31:49 45 113 40 337 199 25 199 0 21 60</string>
    <string>2016-10-18 10:31:50 46 95 40 220 204 25 204 0 22 60</string>
    <string>2016-10-18 10:31:50 47 76 40 104 209 25 209 0 22 60</string>
    <string>2016-10-18 10:31:51 48 100 40 254 213 25 213 0 23 60</string>
    <string>2016-10-18 10:31:51 49 81 40 137 218 25 218 0 23 60</string>
    <string>2016-10-18 10:31:52 50 67 40 48 222 25 222 0 24 60</string>
    <string>2016-10-18 10:31:52 51 129 40 431 227 25 227 0 24 60</string>
    <string>2016-10-18 10:31:53 52 72 40 82 231 25 231 0 25 60</string>
    <string>2016-10-18 10:31:53 53 134 40 464 236 25 236 0 25 60</string>
    <string>2016-10-18 10:31:54 54 115 40 348 241 25 241 0 26 60</string>
    <string>2016-10-18 10:31:54 55 139 40 497 245 25 245 0 26 60</string>
    <string>2016-10-18 10:31:55 56 120 40 381 250 25 250 0 27 60</string>
    <string>2016-10-18 10:31:55 57 106 40 292 254 25 254 0 27 60</string>
    <string>2016-10-18 10:31:56 58 88 40 176 259 25 259 0 28 60</string>
    <string>2016-10-18 10:31:56 59 112 40 325 263 25 263 0 28 60</string>
    <string>2016-10-18 10:31:57 60 93 40 209 268 25 268 0 29 60</string>
    <string>2016-10-18 10:31:57 61 103 40 272 273 25 273 0 29 60</string>
    <string>2016-10-18 10:31:58 62 127 40 421 277 25 277 0 30 60</string>
    <string>2016-10-18 10:31:58 63 108 40 305 282 25 282 0 30 60</string>
    <string>2016-10-18 10:31:59 64 132 40 454 286 25 286 0 31 60</string>
    <string>2016-10-18 10:31:59 65 114 40 338 291 25 291 0 31 60</string>
    <string>2016-10-18 10:32:00 66 99 40 249 295 25 295 0 32 60</string>
    <string>2016-10-18 10:32:00 67 81 40 133 300 25 300 0 32 60</string>
    <string>2016-10-18 10:32:01 68 62 40 16 305 25 305 0 33 60</string>
    <string>2016-10-18 10:32:01 69 86 40 166 309 25 309 0 33 60</string>
    <string>2016-10-18 10:32:02 70 67 40 50 314 25 314 0 34 60</string>
    <string>2016-10-18 10:32:02 71 91 40 199 318 25 318 0 34 60</string>
    <string>2016-10-18 10:32:03 72 73 40 83 323 25 323 0 35 60</string>
    <string>2016-10-18 10:32:03 73 125 40 411 327 25 327 0 35 60</string>
    <string>2016-10-18 10:32:04 74 107 40 295 332 25 332 0 36 60</string>
    <string>2016-10-18 10:32:04 75 92 40 206 336 25 336 0 36 60</string>
    <string>2016-10-18 10:32:05 76 74 40 90 341 25 341 0 37 60</string>
    <string>2016-10-18 10:32:05 77 135 40 472 346 25 346 0 37 60</string>
    <string>2016-10-18 10:32:06 78 79 40 123 350 25 350 0 38 60</string>
    <string>2016-10-18 10:32:06 79 60 40 7 355 25 355 0 38 60</string>
    <string>2016-10-18 10:32:07 80 84 40 156 359 25 359 0 39 60</string>
    <string>2016-10-18 10:32:07 81 66 40 40 364 25 364 0 39 60</string>
    <string>2016-10-18 10:32:08 82 118 40 368 368 25 368 0 40 60</string>
    <string>2016-10-18 10:32:08 83 100 40 252 373 25 373 0 40 60</string>
    <string>2016-10-18 10:32:09 84 86 40 163 377 25 377 0 41 60</string>
    <string>2016-10-18 10:32:09 85 67 40 47 382 25 382 0 41 60</string>
    <string>2016-10-18 10:32:10 86 128 40 429 387 25 387 0 42 60</string>
    <string>2016-10-18 10:32:10 87 72 40 80 391 25 391 0 42 60</string>
    <string>2016-10-18 10:32:11 88 134 40 463 396 25 396 0 43 60</string>
    <string>2016-10-18 10:32:11 89 78 40 113 400 25 400 0 43 60</string>
    <string>2016-10-18 10:32:12 90 139 40 496 405 25 405 0 44 60</string>
    <string>2016-10-18 10:32:12 91 125 40 407 409 25 409 0 44 60</string>
    <string>2016-10-18 10:32:13 92 106 40 291 414 25 414 0 45 60</string>
    <string>2016-10-18 10:32:13 93 87 40 174 419 25 419 0 45 60</string>
    <string>2016-10-18 10:32:14 94 60 40 4 423 25 423 0 46 60</string>
    <string>2016-10-18 10:32:14 95 108 40 305 427 25 427 0 46 60</string>
    <string>2016-10-18 10:32:15 96 81 40 135 431 25 431 0 47 60</string>
    <string>2016-10-18 10:32:15 97 78 40 115 436 25 436 0 47 60</string>
    <string>2016-10-18 10:32:16 98 115 40 347 440 25 440 0 48 60</string>
    <string>2016-10-18 10:32:16 99 96 40 230 445 25 445 0 48 60</string>
    <string>2016-10-18 10:32:17 100 82 40 142 449 25 449 0 49 60</string>
  </Results>
</ServerData>