<?xml version="1.0"?>
<ServerData xmlns:xsi="http://www.w3.org/2001/XMLSchema-instance" xmlns:xsd="http://www.w3.org/2001/XMLSchema">
  <Name>fewjifaj</Name>
  <Password>jfeiow</Password>
  <Doctor>false</Doctor>
  <Messages />
  <Results>
    <string>2016-10-12 02:50:53 1 10 40 2 0 25 0 0 0 60</string>
    <string>2016-10-12 02:50:53 2 133 40 37 4 25 4 0 0 60</string>
    <string>2016-10-12 02:50:54 3 115 40 28 9 25 9 0 0 60</string>
    <string>2016-10-12 02:50:54 4 72 40 8 13 25 13 0 1 60</string>
    <string>2016-10-12 02:50:55 5 133 40 37 18 25 18 0 1 60</string>
    <string>2016-10-12 02:50:55 6 115 40 28 23 25 23 0 2 60</string>
    <string>2016-10-12 02:50:56 7 138 40 39 27 25 27 0 2 60</string>
    <string>2016-10-12 02:50:56 8 120 40 30 32 25 32 0 3 60</string>
    <string>2016-10-12 02:50:57 9 106 40 24 36 25 36 0 3 60</string>
    <string>2016-10-12 02:50:57 10 87 40 15 41 25 41 0 4 60</string>
    <string>2016-10-12 02:50:58 11 106 40 24 46 25 46 0 4 60</string>
    <string>2016-10-12 02:50:58 12 92 40 18 50 25 50 0 5 60</string>
    <string>2016-10-12 02:50:59 13 74 40 9 55 25 55 0 5 60</string>
    <string>2016-10-12 02:50:59 14 98 40 20 59 25 59 0 6 60</string>
    <string>2016-10-12 02:51:00 15 79 40 11 64 25 64 0 6 60</string>
    <string>2016-10-12 02:51:00 16 65 40 5 68 25 68 0 7 60</string>
    <string>2016-10-12 02:51:01 17 126 40 33 73 25 73 0 7 60</string>
    <string>2016-10-12 02:51:01 18 66 40 5 78 25 78 0 8 60</string>
    <string>2016-10-12 02:51:02 19 131 40 36 82 25 82 0 8 60</string>
    <string>2016-10-12 02:51:02 21 137 40 38 91 25 91 0 9 60</string>
    <string>2016-10-12 02:51:03 21 137 40 38 91 25 91 0 9 60</string>
    <string>2016-10-12 02:51:03 22 66 40 6 96 25 96 0 10 60</string>
    <string>2016-10-12 02:51:04 23 128 40 34 101 25 101 0 10 60</string>
    <string>2016-10-12 02:51:04 24 114 40 28 105 25 105 0 11 60</string>
    <string>2016-10-12 02:51:05 25 95 40 19 110 25 110 0 11 60</string>
    <string>2016-10-12 02:51:05 26 119 40 30 114 25 114 0 12 60</string>
    <string>2016-10-12 02:51:06 27 100 40 21 119 25 119 0 12 60</string>
    <string>2016-10-12 02:51:06 28 82 40 13 124 25 124 0 13 60</string>
    <string>2016-10-12 02:51:07 29 106 40 24 128 25 128 0 13 60</string>
    <string>2016-10-12 02:51:07 30 87 40 15 133 25 133 0 14 60</string>
    <string>2016-10-12 02:51:08 31 73 40 9 137 25 137 0 14 60</string>
    <string>2016-10-12 02:51:08 32 134 40 37 142 25 142 0 15 60</string>
    <string>2016-10-12 02:51:09 33 74 40 9 147 25 147 0 15 60</string>
    <string>2016-10-12 02:51:09 34 88 40 16 151 25 151 0 16 60</string>
    <string>2016-10-12 02:51:10 35 108 40 25 156 25 156 0 16 60</string>
    <string>2016-10-12 02:51:10 36 93 40 18 160 25 160 0 17 60</string>
    <string>2016-10-12 02:51:15 38 123 40 32 167 25 167 0 19 60</string>
  </Results>
</ServerData>