<?xml version="1.0"?>
<ServerData xmlns:xsi="http://www.w3.org/2001/XMLSchema-instance" xmlns:xsd="http://www.w3.org/2001/XMLSchema">
  <Name>fewjiofajoiwa</Name>
  <Password>jiewof</Password>
  <Doctor>false</Doctor>
  <Messages />
  <Results>
    <string>2016-10-19 09:47:26 1 10 40 2 0 25 0 0 0 60</string>
    <string>2016-10-19 09:47:27 2 112 40 326 4 25 4 0 0 60</string>
    <string>2016-10-19 09:47:27 3 113 40 335 8 25 8 0 1 60</string>
    <string>2016-10-19 09:47:28 4 94 40 218 13 25 13 0 1 60</string>
    <string>2016-10-19 09:47:28 5 114 40 340 18 25 18 0 1 60</string>
    <string>2016-10-19 09:47:29 6 100 40 252 22 25 22 0 2 60</string>
    <string>2016-10-19 09:47:29 7 68 40 54 27 25 27 0 2 60</string>
    <string>2016-10-19 09:47:30 8 134 40 464 31 25 31 0 3 60</string>
    <string>2016-10-19 09:47:30 9 102 40 266 36 25 36 0 3 60</string>
    <string>2016-10-19 09:47:31 10 88 40 177 40 25 40 0 4 60</string>
    <string>2016-10-19 09:47:31 11 69 40 61 45 25 45 0 4 60</string>
    <string>2016-10-19 09:47:32 12 122 40 389 49 25 49 0 5 60</string>
    <string>2016-10-19 09:47:32 13 110 40 316 53 25 53 0 5 60</string>
    <string>2016-10-19 09:47:33 14 120 40 379 58 25 58 0 6 60</string>
    <string>2016-10-19 09:47:33 15 93 40 209 62 25 62 0 6 60</string>
    <string>2016-10-19 09:47:34 16 61 40 11 67 25 67 0 7 60</string>
    <string>2016-10-19 09:47:34 17 76 40 101 71 25 71 0 7 60</string>
    <string>2016-10-19 09:47:35 18 108 40 304 75 25 75 0 8 60</string>
    <string>2016-10-19 09:47:35 19 105 40 285 80 25 80 0 9 60</string>
    <string>2016-10-19 09:47:36 20 129 40 435 84 25 84 0 9 60</string>
    <string>2016-10-19 09:47:36 21 110 40 319 89 25 89 0 10 60</string>
    <string>2016-10-19 09:47:37 22 96 40 230 93 25 93 0 10 60</string>
    <string>2016-10-19 09:47:37 23 78 40 113 98 25 98 0 11 60</string>
    <string>2016-10-19 09:47:38 24 139 40 496 103 25 103 0 11 60</string>
    <string>2016-10-19 09:47:38 25 83 40 147 107 25 107 0 12 60</string>
    <string>2016-10-19 09:47:39 26 64 40 30 112 25 112 0 12 60</string>
    <string>2016-10-19 09:47:39 27 88 40 180 116 25 116 0 13 60</string>
    <string>2016-10-19 09:47:40 28 70 40 63 121 25 121 0 13 60</string>
    <string>2016-10-19 09:47:40 29 100 40 251 125 25 125 0 13 60</string>
    <string>2016-10-19 09:47:41 30 68 40 53 130 25 130 0 14 60</string>
    <string>2016-10-19 09:47:41 31 134 40 463 134 25 134 0 14 60</string>
    <string>2016-10-19 09:47:42 32 115 40 347 139 25 139 0 15 60</string>
    <string>2016-10-19 09:47:42 33 139 40 497 143 25 143 0 15 60</string>
    <string>2016-10-19 09:47:43 34 120 40 380 148 25 148 0 16 60</string>
    <string>2016-10-19 09:47:43 35 64 40 31 152 25 152 0 16 60</string>
    <string>2016-10-19 09:47:44 36 126 40 413 157 25 157 0 17 60</string>
    <string>2016-10-19 09:47:44 37 98 40 243 161 25 161 0 17 60</string>
    <string>2016-10-19 09:47:45 38 137 40 485 166 25 166 0 18 60</string>
    <string>2016-10-19 09:47:45 39 81 40 135 170 25 170 0 18 60</string>
    <string>2016-10-19 09:47:46 40 107 40 295 175 25 175 0 19 60</string>
    <string>2016-10-19 09:47:46 41 131 40 445 179 25 179 0 19 60</string>
    <string>2016-10-19 09:47:47 42 112 40 328 184 25 184 0 20 60</string>
    <string>2016-10-19 09:47:47 43 85 40 158 188 25 188 0 20 60</string>
    <string>2016-10-19 09:47:48 44 86 40 167 192 25 192 0 21 60</string>
    <string>2016-10-19 09:47:48 45 83 40 148 197 25 197 0 21 60</string>
    <string>2016-10-19 09:47:49 46 69 40 59 201 25 201 0 22 60</string>
    <string>2016-10-19 09:47:49 47 130 40 442 206 25 206 0 22 60</string>
    <string>2016-10-19 09:47:50 48 74 40 92 210 25 210 0 23 60</string>
    <string>2016-10-19 09:47:50 49 71 40 73 215 25 215 0 23 60</string>
    <string>2016-10-19 09:47:51 50 137 40 484 219 25 219 0 24 60</string>
    <string>2016-10-19 09:47:51 51 97 40 232 223 25 223 0 24 60</string>
    <string>2016-10-19 09:47:52 52 71 40 72 228 25 228 0 25 60</string>
    <string>2016-10-19 09:47:52 53 124 40 400 232 25 232 0 25 60</string>
    <string>2016-10-19 09:47:53 54 69 40 61 237 25 237 0 26 60</string>
    <string>2016-10-19 09:47:53 55 138 40 487 241 25 241 0 26 60</string>
    <string>2016-10-19 09:47:54 56 139 40 496 245 25 245 0 27 60</string>
    <string>2016-10-19 09:47:54 57 60 40 6 249 25 249 0 27 60</string>
    <string>2016-10-19 09:47:55 58 109 40 307 254 25 254 0 28 60</string>
    <string>2016-10-19 09:47:55 59 110 40 315 258 25 258 0 28 60</string>
    <string>2016-10-19 09:47:56 60 78 40 117 263 25 263 0 29 60</string>
    <string>2016-10-19 09:47:56 61 108 40 305 267 25 267 0 29 60</string>
    <string>2016-10-19 09:47:57 62 97 40 232 271 25 271 0 30 60</string>
    <string>2016-10-19 09:47:57 63 114 40 338 275 25 275 0 30 60</string>
    <string>2016-10-19 09:47:58 64 79 40 125 279 25 279 0 31 60</string>
    <string>2016-10-19 09:47:58 65 119 40 372 283 25 283 0 31 60</string>
    <string>2016-10-19 09:47:59 66 78 40 114 288 25 288 0 32 60</string>
  </Results>
</ServerData>