<?xml version="1.0"?>
<ServerData xmlns:xsi="http://www.w3.org/2001/XMLSchema-instance" xmlns:xsd="http://www.w3.org/2001/XMLSchema">
  <Name>fijewo</Name>
  <Password>jfie</Password>
  <Doctor>false</Doctor>
  <Messages />
  <Results>
    <string>2016-10-19 10:01:04 1 10 40 2 0 25 0 0 0 60</string>
    <string>2016-10-19 10:01:04 2 120 40 379 4 25 4 0 0 60</string>
    <string>2016-10-19 10:01:05 3 93 40 208 8 25 8 0 0 60</string>
    <string>2016-10-19 10:01:05 4 98 40 243 13 25 13 0 1 60</string>
    <string>2016-10-19 10:01:06 5 138 40 490 17 25 17 0 2 60</string>
    <string>2016-10-19 10:01:06 6 119 40 374 22 25 22 0 2 60</string>
    <string>2016-10-19 10:01:07 7 92 40 204 26 25 26 0 3 60</string>
    <string>2016-10-19 10:01:07 8 73 40 87 31 25 31 0 3 60</string>
    <string>2016-10-19 10:01:08 9 139 40 497 35 25 35 0 4 60</string>
    <string>2016-10-19 10:01:08 10 121 40 381 40 25 40 0 4 60</string>
    <string>2016-10-19 10:01:09 11 80 40 129 44 25 44 0 5 60</string>
    <string>2016-10-19 10:01:09 12 61 40 13 49 25 49 0 5 60</string>
    <string>2016-10-19 10:01:10 13 127 40 423 53 25 53 0 6 60</string>
    <string>2016-10-19 10:01:10 14 109 40 306 58 25 58 0 6 60</string>
    <string>2016-10-19 10:01:11 15 126 40 413 62 25 62 0 7 60</string>
    <string>2016-10-19 10:01:11 16 63 40 20 66 25 66 0 7 60</string>
    <string>2016-10-19 10:01:12 17 102 40 267 70 25 70 0 8 60</string>
    <string>2016-10-19 10:01:12 18 84 40 150 75 25 75 0 8 60</string>
    <string>2016-10-19 10:01:13 19 69 40 62 79 25 79 0 9 60</string>
    <string>2016-10-19 10:01:13 20 131 40 444 84 25 84 0 9 60</string>
    <string>2016-10-19 10:01:14 21 75 40 95 88 25 88 0 10 60</string>
    <string>2016-10-19 10:01:14 22 136 40 477 93 25 93 0 10 60</string>
    <string>2016-10-19 10:01:15 23 117 40 361 98 25 98 0 11 60</string>
    <string>2016-10-19 10:01:15 24 61 40 12 102 25 102 0 11 60</string>
    <string>2016-10-19 10:01:16 25 123 40 394 107 25 107 0 12 60</string>
    <string>2016-10-19 10:01:16 26 108 40 305 111 25 111 0 12 60</string>
    <string>2016-10-19 10:01:17 27 97 40 232 115 25 115 0 12 60</string>
    <string>2016-10-19 10:01:17 28 107 40 295 120 25 120 0 13 60</string>
    <string>2016-10-19 10:01:18 29 79 40 125 124 25 124 0 13 60</string>
    <string>2016-10-19 10:01:18 30 61 40 8 129 25 129 0 14 60</string>
    <string>2016-10-19 10:01:19 31 122 40 391 134 25 134 0 14 60</string>
    <string>2016-10-19 10:01:19 32 66 40 42 138 25 138 0 15 60</string>
    <string>2016-10-19 10:01:20 33 63 40 22 143 25 143 0 15 60</string>
    <string>2016-10-19 10:01:20 34 129 40 433 147 25 147 0 16 60</string>
    <string>2016-10-19 10:01:21 35 110 40 316 152 25 152 0 16 60</string>
    <string>2016-10-19 10:01:21 36 134 40 466 156 25 156 0 17 60</string>
    <string>2016-10-19 10:01:22 37 115 40 350 161 25 161 0 17 60</string>
    <string>2016-10-19 10:01:22 38 139 40 499 165 25 165 0 18 60</string>
    <string>2016-10-19 10:01:23 39 69 40 63 170 25 170 0 18 60</string>
    <string>2016-10-19 10:01:23 40 71 40 71 174 25 174 0 19 60</string>
    <string>2016-10-19 10:01:24 41 68 40 52 179 25 179 0 19 60</string>
    <string>2016-10-19 10:01:24 42 92 40 202 183 25 183 0 20 60</string>
    <string>2016-10-19 10:01:25 43 73 40 86 188 25 188 0 20 60</string>
    <string>2016-10-19 10:01:25 44 139 40 496 192 25 192 0 21 60</string>
    <string>2016-10-19 10:01:26 45 120 40 380 197 25 197 0 21 60</string>
    <string>2016-10-19 10:01:26 46 60 40 2 202 25 202 0 22 60</string>
    <string>2016-10-19 10:01:27 47 126 40 413 206 25 206 0 22 60</string>
    <string>2016-10-19 10:01:27 48 78 40 117 211 25 211 0 23 60</string>
    <string>2016-10-19 10:01:28 49 64 40 29 215 25 215 0 23 60</string>
    <string>2016-10-19 10:01:28 50 97 40 232 220 25 220 0 24 60</string>
    <string>2016-10-19 10:01:29 51 69 40 62 224 25 224 0 24 60</string>
    <string>2016-10-19 10:01:29 52 111 40 319 229 25 229 0 25 60</string>
    <string>2016-10-19 10:01:30 53 112 40 328 233 25 233 0 25 60</string>
    <string>2016-10-19 10:01:30 54 93 40 211 238 25 238 0 26 60</string>
    <string>2016-10-19 10:01:31 55 117 40 361 242 25 242 0 26 60</string>
    <string>2016-10-19 10:01:31 56 99 40 245 247 25 247 0 27 60</string>
    <string>2016-10-19 10:01:32 57 84 40 156 251 25 251 0 27 60</string>
    <string>2016-10-19 10:01:32 58 104 40 278 256 25 256 0 28 60</string>
    <string>2016-10-19 10:01:33 59 90 40 189 260 25 260 0 28 60</string>
    <string>2016-10-19 10:01:33 60 71 40 73 265 25 265 0 29 60</string>
    <string>2016-10-19 10:01:34 61 132 40 455 270 25 270 0 29 60</string>
    <string>2016-10-19 10:01:34 62 76 40 106 274 25 274 0 30 60</string>
    <string>2016-10-19 10:01:35 63 86 40 168 279 25 279 0 30 60</string>
    <string>2016-10-19 10:01:35 64 75 40 96 283 25 283 0 31 60</string>
    <string>2016-10-19 10:01:36 65 63 40 23 287 25 287 0 31 60</string>
    <string>2016-10-19 10:01:36 66 137 40 487 292 25 292 0 32 60</string>
    <string>2016-10-19 10:01:37 67 119 40 370 297 25 297 0 32 60</string>
    <string>2016-10-19 10:01:37 68 63 40 21 301 25 301 0 33 60</string>
    <string>2016-10-19 10:01:38 69 124 40 404 306 25 306 0 33 60</string>
    <string>2016-10-19 10:01:38 70 68 40 54 310 25 310 0 34 60</string>
    <string>2016-10-19 10:01:39 71 129 40 437 315 25 315 0 34 60</string>
    <string>2016-10-19 10:01:39 72 115 40 348 319 25 319 0 35 60</string>
    <string>2016-10-19 10:01:40 73 97 40 232 324 25 324 0 35 60</string>
    <string>2016-10-19 10:01:40 74 69 40 61 328 25 328 0 36 60</string>
    <string>2016-10-19 10:01:41 75 131 40 444 333 25 333 0 36 60</string>
    <string>2016-10-19 10:01:41 76 119 40 371 337 25 337 0 37 60</string>
    <string>2016-10-19 10:01:42 77 107 40 298 341 25 341 0 37 60</string>
    <string>2016-10-19 10:01:42 78 133 40 458 346 25 346 0 38 60</string>
    <string>2016-10-19 10:01:43 79 119 40 369 350 25 350 0 38 60</string>
    <string>2016-10-19 10:01:43 80 100 40 253 355 25 355 0 39 60</string>
    <string>2016-10-19 10:01:44 81 124 40 402 359 25 359 0 39 60</string>
    <string>2016-10-19 10:01:44 82 134 40 465 364 25 364 0 40 60</string>
    <string>2016-10-19 10:01:45 83 107 40 295 368 25 368 0 40 60</string>
    <string>2016-10-19 10:01:45 84 88 40 178 373 25 373 0 41 60</string>
    <string>2016-10-19 10:01:46 85 108 40 300 378 25 378 0 41 60</string>
    <string>2016-10-19 10:01:46 86 93 40 211 382 25 382 0 42 60</string>
    <string>2016-10-19 10:01:47 87 75 40 95 387 25 387 0 42 60</string>
    <string>2016-10-19 10:01:47 88 76 40 104 391 25 391 0 43 60</string>
    <string>2016-10-19 10:01:48 89 64 40 31 395 25 395 0 43 60</string>
    <string>2016-10-19 10:01:48 90 133 40 457 399 25 399 0 44 60</string>
    <string>2016-10-19 10:01:49 91 114 40 340 404 25 404 0 44 60</string>
    <string>2016-10-19 10:01:49 92 95 40 224 409 25 409 0 45 60</string>
    <string>2016-10-19 10:01:50 93 81 40 135 413 25 413 0 45 60</string>
    <string>2016-10-19 10:01:50 94 114 40 339 418 25 418 0 46 60</string>
    <string>2016-10-19 10:01:51 95 86 40 169 422 25 422 0 46 60</string>
    <string>2016-10-19 10:01:51 96 135 40 469 427 25 427 0 47 60</string>
    <string>2016-10-19 10:01:52 97 120 40 381 431 25 431 0 47 60</string>
    <string>2016-10-19 10:01:52 98 102 40 264 436 25 436 0 48 60</string>
    <string>2016-10-19 10:01:53 99 74 40 94 440 25 440 0 48 60</string>
    <string>2016-10-19 10:01:53 100 71 40 75 445 25 445 0 49 60</string>
    <string>2016-10-19 10:01:54 101 60 40 2 449 25 449 0 49 60</string>
    <string>2016-10-19 10:01:54 102 74 40 92 453 25 453 0 50 60</string>
    <string>2016-10-19 10:01:55 103 94 40 214 458 25 458 0 50 60</string>
    <string>2016-10-19 10:01:55 104 75 40 98 463 25 463 0 51 60</string>
    <string>2016-10-19 10:01:56 105 61 40 9 467 25 467 0 51 60</string>
    <string>2016-10-19 10:01:56 106 122 40 392 472 25 472 0 52 60</string>
    <string>2016-10-19 10:01:57 107 66 40 42 476 25 476 0 52 60</string>
    <string>2016-10-19 10:01:57 108 128 40 425 481 25 481 0 53 60</string>
    <string>2016-10-19 10:01:58 109 113 40 336 485 25 485 0 53 60</string>
    <string>2016-10-19 10:01:58 110 133 40 458 490 25 490 0 54 60</string>
    <string>2016-10-19 10:01:59 111 63 40 22 495 25 495 0 54 60</string>
    <string>2016-10-19 10:01:59 112 131 40 448 499 25 499 0 55 60</string>
    <string>2016-10-19 10:02:00 113 133 40 456 503 25 503 0 55 60</string>
    <string>2016-10-19 10:02:00 114 63 40 20 508 25 508 0 56 60</string>
    <string>2016-10-19 10:02:01 115 87 40 170 512 25 512 0 56 60</string>
    <string>2016-10-19 10:02:01 116 68 40 53 517 25 517 0 57 60</string>
    <string>2016-10-19 10:02:02 117 121 40 382 521 25 521 0 57 60</string>
    <string>2016-10-19 10:02:02 118 102 40 265 526 25 526 0 58 60</string>
    <string>2016-10-19 10:02:03 119 126 40 415 530 25 530 0 58 60</string>
    <string>2016-10-19 10:02:03 120 107 40 299 535 25 535 0 59 60</string>
    <string>2016-10-19 10:02:04 121 89 40 182 540 25 540 0 59 60</string>
    <string>2016-10-19 10:02:04 122 74 40 94 544 25 544 1 0 60</string>
  </Results>
</ServerData>