<?xml version="1.0"?>
<ServerData xmlns:xsi="http://www.w3.org/2001/XMLSchema-instance" xmlns:xsd="http://www.w3.org/2001/XMLSchema">
  <Name>fiwajf</Name>
  <Password>jfoiew</Password>
  <Doctor>false</Doctor>
  <Messages />
  <Results>
    <string>2016-10-19 09:56:09 1 10 40 2 0 25 0 0 0 60</string>
    <string>2016-10-19 09:56:10 2 96 40 225 4 25 4 0 0 60</string>
    <string>2016-10-19 09:56:10 3 64 40 27 9 25 9 0 1 60</string>
    <string>2016-10-19 09:56:11 4 130 40 438 13 25 13 0 1 60</string>
    <string>2016-10-19 09:56:11 5 62 40 17 18 25 18 0 2 60</string>
    <string>2016-10-19 09:56:12 6 64 40 26 22 25 22 0 2 60</string>
    <string>2016-10-19 09:56:12 7 125 40 408 27 25 27 0 3 60</string>
    <string>2016-10-19 09:56:13 8 69 40 59 31 25 31 0 3 60</string>
    <string>2016-10-19 09:56:13 9 66 40 40 36 25 36 0 4 60</string>
    <string>2016-10-19 09:56:14 10 132 40 450 40 25 40 0 4 60</string>
    <string>2016-10-19 09:56:14 11 120 40 377 44 25 44 0 5 60</string>
    <string>2016-10-19 09:56:15 12 101 40 261 49 25 49 0 5 60</string>
    <string>2016-10-19 09:56:15 13 83 40 144 54 25 54 0 6 60</string>
    <string>2016-10-19 09:56:16 14 107 40 294 58 25 58 0 6 60</string>
    <string>2016-10-19 09:56:16 15 88 40 178 63 25 63 0 7 60</string>
    <string>2016-10-19 09:56:17 16 89 40 186 67 25 67 0 7 60</string>
    <string>2016-10-19 09:56:17 17 78 40 113 71 25 71 0 8 60</string>
    <string>2016-10-19 09:56:18 18 75 40 94 76 25 76 0 8 60</string>
    <string>2016-10-19 09:56:18 19 60 40 6 80 25 80 0 9 60</string>
    <string>2016-10-19 09:56:19 20 122 40 388 85 25 85 0 9 60</string>
    <string>2016-10-19 09:56:19 21 110 40 315 89 25 89 0 10 60</string>
    <string>2016-10-19 09:56:20 22 76 40 101 93 25 93 0 10 60</string>
    <string>2016-10-19 09:56:20 23 100 40 251 97 25 97 0 11 60</string>
    <string>2016-10-19 09:56:21 24 110 40 314 102 25 102 0 11 60</string>
    <string>2016-10-19 09:56:21 25 134 40 463 106 25 106 0 12 60</string>
    <string>2016-10-19 09:56:22 26 64 40 27 111 25 111 0 12 60</string>
    <string>2016-10-19 09:56:22 27 88 40 177 115 25 115 0 13 60</string>
    <string>2016-10-19 09:56:23 28 85 40 157 120 25 120 0 13 60</string>
    <string>2016-10-19 09:56:23 29 102 40 264 124 25 124 0 14 60</string>
    <string>2016-10-19 09:56:24 30 132 40 451 128 25 128 0 14 60</string>
    <string>2016-10-19 09:56:24 31 113 40 335 133 25 133 0 15 60</string>
    <string>2016-10-19 09:56:25 32 137 40 485 137 25 137 0 15 60</string>
    <string>2016-10-19 09:56:25 33 118 40 368 142 25 142 0 16 60</string>
    <string>2016-10-19 09:56:26 34 104 40 279 146 25 146 0 16 60</string>
    <string>2016-10-19 09:56:26 35 124 40 401 151 25 151 0 17 60</string>
    <string>2016-10-19 09:56:27 36 105 40 285 156 25 156 0 17 60</string>
    <string>2016-10-19 09:56:27 37 78 40 115 160 25 160 0 18 60</string>
    <string>2016-10-19 09:56:28 38 139 40 497 165 25 165 0 18 60</string>
    <string>2016-10-19 09:56:28 39 125 40 408 169 25 169 0 19 60</string>
    <string>2016-10-19 09:56:29 40 106 40 292 174 25 174 0 19 60</string>
    <string>2016-10-19 09:56:29 41 139 40 495 178 25 178 0 20 60</string>
    <string>2016-10-19 09:56:30 42 60 40 5 182 25 182 0 20 60</string>
    <string>2016-10-19 09:56:30 43 108 40 306 187 25 187 0 21 60</string>
    <string>2016-10-19 09:56:31 44 94 40 217 191 25 191 0 21 60</string>
    <string>2016-10-19 09:56:31 45 63 40 19 196 25 196 0 22 60</string>
    <string>2016-10-19 09:56:32 46 128 40 430 200 25 200 0 22 60</string>
    <string>2016-10-19 09:56:32 47 110 40 313 205 25 205 0 23 60</string>
    <string>2016-10-19 09:56:33 48 129 40 435 210 25 210 0 23 60</string>
    <string>2016-10-19 09:56:33 49 115 40 346 214 25 214 0 24 60</string>
    <string>2016-10-19 09:56:34 50 96 40 230 219 25 219 0 24 60</string>
    <string>2016-10-19 09:56:34 51 120 40 380 223 25 223 0 25 60</string>
    <string>2016-10-19 09:56:35 52 102 40 263 228 25 228 0 25 60</string>
    <string>2016-10-19 09:56:35 53 74 40 93 232 25 232 0 26 60</string>
    <string>2016-10-19 09:56:36 54 84 40 155 237 25 237 0 26 60</string>
    <string>2016-10-19 09:56:36 55 86 40 164 241 25 241 0 27 60</string>
    <string>2016-10-19 09:56:37 56 105 40 286 246 25 246 0 27 60</string>
    <string>2016-10-19 09:56:37 57 91 40 197 250 25 250 0 28 60</string>
    <string>2016-10-19 09:56:38 58 72 40 81 255 25 255 0 28 60</string>
    <string>2016-10-19 09:56:38 59 134 40 463 260 25 260 0 29 60</string>
    <string>2016-10-19 09:56:39 60 78 40 114 264 25 264 0 29 60</string>
    <string>2016-10-19 09:56:39 61 139 40 497 269 25 269 0 30 60</string>
    <string>2016-10-19 09:56:40 62 112 40 326 273 25 273 0 30 60</string>
    <string>2016-10-19 09:56:40 63 93 40 210 278 25 278 0 31 60</string>
    <string>2016-10-19 09:56:41 64 66 40 40 282 25 282 0 31 60</string>
    <string>2016-10-19 09:56:41 65 63 40 20 287 25 287 0 32 60</string>
    <string>2016-10-19 09:56:42 66 64 40 29 291 25 291 0 32 60</string>
    <string>2016-10-19 09:56:42 67 117 40 358 295 25 295 0 33 60</string>
    <string>2016-10-19 09:56:43 68 98 40 241 300 25 300 0 33 60</string>
    <string>2016-10-19 09:56:43 69 79 40 125 305 25 305 0 34 60</string>
    <string>2016-10-19 09:56:44 70 103 40 275 309 25 309 0 34 60</string>
    <string>2016-10-19 09:56:44 71 113 40 337 314 25 314 0 35 60</string>
    <string>2016-10-19 09:56:45 72 86 40 167 318 25 318 0 35 60</string>
    <string>2016-10-19 09:56:45 73 68 40 50 323 25 323 0 35 60</string>
    <string>2016-10-19 09:56:46 74 91 40 200 327 25 327 0 36 60</string>
    <string>2016-10-19 09:56:46 75 73 40 84 332 25 332 0 36 60</string>
    <string>2016-10-19 09:56:47 76 139 40 494 336 25 336 0 37 60</string>
    <string>2016-10-19 09:56:47 77 107 40 296 341 25 341 0 37 60</string>
    <string>2016-10-19 09:56:48 78 108 40 305 345 25 345 0 38 60</string>
    <string>2016-10-19 09:56:48 79 90 40 188 350 25 350 0 38 60</string>
    <string>2016-10-19 09:56:49 80 114 40 338 354 25 354 0 39 60</string>
    <string>2016-10-19 09:56:49 81 95 40 221 359 25 359 0 39 60</string>
    <string>2016-10-19 09:56:50 82 68 40 51 363 25 363 0 40 60</string>
    <string>2016-10-19 09:56:50 83 129 40 434 368 25 368 0 40 60</string>
    <string>2016-10-19 09:56:51 84 115 40 345 372 25 372 0 41 60</string>
    <string>2016-10-19 09:56:51 85 96 40 228 377 25 377 0 41 60</string>
    <string>2016-10-19 09:56:52 86 77 40 112 382 25 382 0 42 60</string>
    <string>2016-10-19 09:56:52 87 101 40 262 386 25 386 0 42 60</string>
    <string>2016-10-19 09:56:53 88 111 40 324 391 25 391 0 43 60</string>
    <string>2016-10-19 09:56:53 89 71 40 72 395 25 395 0 43 60</string>
    <string>2016-10-19 09:56:54 90 88 40 178 399 25 399 0 44 60</string>
    <string>2016-10-19 09:56:54 91 69 40 62 404 25 404 0 44 60</string>
    <string>2016-10-19 09:56:55 92 135 40 472 408 25 408 0 45 60</string>
    <string>2016-10-19 09:56:55 93 116 40 356 413 25 413 0 45 60</string>
    <string>2016-10-19 09:56:56 94 60 40 6 417 25 417 0 46 60</string>
    <string>2016-10-19 09:56:56 95 122 40 389 422 25 422 0 46 60</string>
    <string>2016-10-19 09:56:57 96 103 40 273 427 25 427 0 47 60</string>
    <string>2016-10-19 09:56:57 97 127 40 422 431 25 431 0 47 60</string>
    <string>2016-10-19 09:56:58 98 108 40 306 436 25 436 0 48 60</string>
    <string>2016-10-19 09:56:58 99 94 40 217 440 25 440 0 48 60</string>
    <string>2016-10-19 09:56:59 100 76 40 101 445 25 445 0 49 60</string>
    <string>2016-10-19 09:56:59 101 108 40 304 449 25 449 0 49 60</string>
    <string>2016-10-19 09:57:00 102 125 40 410 453 25 453 0 50 60</string>
    <string>2016-10-19 09:57:00 103 127 40 419 457 25 457 0 50 60</string>
    <string>2016-10-19 09:57:01 104 66 40 42 462 25 462 0 51 60</string>
    <string>2016-10-19 09:57:01 105 132 40 452 466 25 466 0 51 60</string>
  </Results>
</ServerData>