<?xml version="1.0"?>
<ServerData xmlns:xsi="http://www.w3.org/2001/XMLSchema-instance" xmlns:xsd="http://www.w3.org/2001/XMLSchema">
  <Name>fjeiwofjio</Name>
  <Password>fejiwo</Password>
  <Doctor>false</Doctor>
  <Messages />
  <Results>
    <string>2016-10-18 10:56:18 1 10 40 2 0 25 0 0 0 60</string>
    <string>2016-10-18 10:56:18 2 64 40 4 4 25 4 0 0 60</string>
    <string>2016-10-18 10:56:19 3 83 40 13 9 25 9 0 1 60</string>
    <string>2016-10-18 10:56:19 4 69 40 7 13 25 13 0 1 60</string>
    <string>2016-10-18 10:56:20 5 130 40 35 18 25 18 0 1 60</string>
    <string>2016-10-18 10:56:20 6 74 40 9 22 25 22 0 2 60</string>
    <string>2016-10-18 10:56:21 7 136 40 38 27 25 27 0 2 60</string>
    <string>2016-10-18 10:56:21 8 117 40 29 32 25 32 0 3 60</string>
    <string>2016-10-18 10:56:22 9 103 40 22 36 25 36 0 3 60</string>
    <string>2016-10-18 10:56:22 10 122 40 32 41 25 41 0 4 60</string>
    <string>2016-10-18 10:56:23 11 108 40 25 45 25 45 0 4 60</string>
    <string>2016-10-18 10:56:23 12 89 40 16 50 25 50 0 5 60</string>
    <string>2016-10-18 10:56:24 13 113 40 27 54 25 54 0 5 60</string>
    <string>2016-10-18 10:56:24 14 95 40 19 59 25 59 0 6 60</string>
    <string>2016-10-18 10:56:25 15 76 40 10 64 25 64 0 6 60</string>
    <string>2016-10-18 10:56:25 16 62 40 4 68 25 68 0 7 60</string>
    <string>2016-10-18 10:56:26 17 81 40 13 73 25 73 0 7 60</string>
    <string>2016-10-18 10:56:26 18 67 40 6 77 25 77 0 8 60</string>
    <string>2016-10-18 10:56:27 19 128 40 34 82 25 82 0 8 60</string>
    <string>2016-10-18 10:56:27 20 72 40 8 86 25 86 0 9 60</string>
    <string>2016-10-18 10:56:28 21 134 40 37 91 25 91 0 9 60</string>
    <string>2016-10-18 10:56:28 22 115 40 28 96 25 96 0 10 60</string>
    <string>2016-10-18 10:56:29 23 101 40 22 100 25 100 0 10 60</string>
    <string>2016-10-18 10:56:29 24 120 40 31 105 25 105 0 11 60</string>
    <string>2016-10-18 10:56:30 25 106 40 24 109 25 109 0 11 60</string>
    <string>2016-10-18 10:56:30 26 88 40 15 114 25 114 0 12 60</string>
    <string>2016-10-18 10:56:31 27 111 40 27 118 25 118 0 12 60</string>
    <string>2016-10-18 10:56:31 28 93 40 18 123 25 123 0 13 60</string>
    <string>2016-10-18 10:56:32 29 74 40 9 128 25 128 0 13 60</string>
    <string>2016-10-18 10:56:32 30 60 40 3 132 25 132 0 14 60</string>
    <string>2016-10-18 10:56:33 31 79 40 12 137 25 137 0 14 60</string>
    <string>2016-10-18 10:56:33 32 65 40 5 141 25 141 0 15 60</string>
    <string>2016-10-18 10:56:34 33 127 40 34 146 25 146 0 15 60</string>
    <string>2016-10-18 10:56:34 34 108 40 25 151 25 151 0 16 60</string>
    <string>2016-10-18 10:56:35 35 132 40 36 155 25 155 0 16 60</string>
    <string>2016-10-18 10:56:35 36 113 40 27 160 25 160 0 17 60</string>
    <string>2016-10-18 10:56:36 37 99 40 21 164 25 164 0 17 60</string>
    <string>2016-10-18 10:56:36 38 119 40 30 169 25 169 0 18 60</string>
    <string>2016-10-18 10:56:37 39 104 40 23 173 25 173 0 18 60</string>
    <string>2016-10-18 10:56:37 40 86 40 15 178 25 178 0 19 60</string>
    <string>2016-10-18 10:56:38 41 67 40 6 183 25 183 0 19 60</string>
    <string>2016-10-18 10:56:38 42 91 40 17 187 25 187 0 20 60</string>
    <string>2016-10-18 10:56:39 43 72 40 8 192 25 192 0 20 60</string>
    <string>2016-10-18 10:56:39 44 138 40 39 196 25 196 0 21 60</string>
    <string>2016-10-18 10:56:40 45 78 40 11 201 25 201 0 21 60</string>
    <string>2016-10-18 10:56:40 46 63 40 4 205 25 205 0 22 60</string>
    <string>2016-10-18 10:56:41 47 125 40 33 210 25 210 0 22 60</string>
    <string>2016-10-18 10:56:41 48 106 40 24 215 25 215 0 23 60</string>
    <string>2016-10-18 10:56:42 49 130 40 35 219 25 219 0 23 60</string>
    <string>2016-10-18 10:56:42 50 111 40 27 224 25 224 0 24 60</string>
    <string>2016-10-18 10:56:43 51 97 40 20 228 25 228 0 24 60</string>
    <string>2016-10-18 10:56:43 52 117 40 29 233 25 233 0 25 60</string>
    <string>2016-10-18 10:56:44 53 103 40 22 237 25 237 0 25 60</string>
    <string>2016-10-18 10:56:44 54 84 40 14 242 25 242 0 26 60</string>
    <string>2016-10-18 10:56:45 55 65 40 5 247 25 247 0 26 60</string>
    <string>2016-10-18 10:56:45 56 89 40 16 251 25 251 0 27 60</string>
    <string>2016-10-18 10:56:46 57 71 40 8 256 25 256 0 27 60</string>
    <string>2016-10-18 10:56:46 58 136 40 38 260 25 260 0 28 60</string>
    <string>2016-10-18 10:56:47 59 76 40 10 265 25 265 0 28 60</string>
    <string>2016-10-18 10:56:47 60 62 40 3 269 25 269 0 29 60</string>
    <string>2016-10-18 10:56:48 61 123 40 32 274 25 274 0 29 60</string>
    <string>2016-10-18 10:56:48 62 104 40 23 279 25 279 0 30 60</string>
    <string>2016-10-18 10:56:49 63 77 40 11 283 25 283 0 30 60</string>
    <string>2016-10-18 10:56:49 64 138 40 39 288 25 288 0 31 60</string>
    <string>2016-10-18 10:56:50 65 82 40 13 292 25 292 0 31 60</string>
    <string>2016-10-18 10:56:50 66 64 40 4 297 25 297 0 32 60</string>
    <string>2016-10-18 10:56:51 67 129 40 35 301 25 301 0 32 60</string>
    <string>2016-10-18 10:56:51 68 69 40 7 306 25 306 0 33 60</string>
    <string>2016-10-18 10:56:52 69 130 40 35 311 25 311 0 33 60</string>
    <string>2016-10-18 10:56:52 70 116 40 29 315 25 315 0 34 60</string>
    <string>2016-10-18 10:56:53 71 97 40 20 320 25 320 0 34 60</string>
    <string>2016-10-18 10:56:53 72 121 40 31 324 25 324 0 35 60</string>
    <string>2016-10-18 10:56:54 73 103 40 22 329 25 329 0 35 60</string>
    <string>2016-10-18 10:56:54 74 88 40 16 333 25 333 0 36 60</string>
    <string>2016-10-18 10:56:55 75 108 40 25 338 25 338 0 36 60</string>
    <string>2016-10-18 10:56:55 76 89 40 16 343 25 343 0 37 60</string>
    <string>2016-10-18 10:56:56 77 75 40 10 347 25 347 0 37 60</string>
    <string>2016-10-18 10:56:56 78 136 40 38 352 25 352 0 38 60</string>
    <string>2016-10-18 10:56:57 79 80 40 12 356 25 356 0 38 60</string>
    <string>2016-10-18 10:56:57 80 62 40 4 361 25 361 0 39 60</string>
    <string>2016-10-18 10:56:58 81 128 40 34 365 25 365 0 39 60</string>
    <string>2016-10-18 10:56:58 82 67 40 6 370 25 370 0 40 60</string>
    <string>2016-10-18 10:56:59 83 128 40 34 375 25 375 0 40 60</string>
    <string>2016-10-18 10:56:59 84 114 40 28 379 25 379 0 41 60</string>
    <string>2016-10-18 10:57:00 85 96 40 19 384 25 384 0 41 60</string>
    <string>2016-10-18 10:57:00 86 120 40 30 388 25 388 0 42 60</string>
    <string>2016-10-18 10:57:01 87 101 40 22 393 25 393 0 42 60</string>
    <string>2016-10-18 10:57:01 88 87 40 15 397 25 397 0 43 60</string>
    <string>2016-10-18 10:57:02 89 106 40 24 402 25 402 0 43 60</string>
    <string>2016-10-18 10:57:02 90 88 40 15 407 25 407 0 44 60</string>
    <string>2016-10-18 10:57:03 91 73 40 9 411 25 411 0 44 60</string>
    <string>2016-10-18 10:57:03 92 135 40 37 416 25 416 0 45 60</string>
    <string>2016-10-18 10:57:04 93 79 40 11 420 25 420 0 45 60</string>
    <string>2016-10-18 10:57:04 94 76 40 10 425 25 425 0 46 60</string>
    <string>2016-10-18 10:57:05 95 61 40 3 429 25 429 0 46 60</string>
    <string>2016-10-18 10:57:05 96 110 40 26 434 25 434 0 47 60</string>
    <string>2016-10-18 10:57:06 97 95 40 19 438 25 438 0 47 60</string>
    <string>2016-10-18 10:57:06 98 77 40 10 443 25 443 0 48 60</string>
    <string>2016-10-18 10:57:07 99 101 40 22 447 25 447 0 48 60</string>
    <string>2016-10-18 10:57:07 100 82 40 13 452 25 452 0 49 60</string>
    <string>2016-10-18 10:57:08 101 63 40 4 457 25 457 0 49 60</string>
    <string>2016-10-18 10:57:08 102 87 40 15 461 25 461 0 50 60</string>
    <string>2016-10-18 10:57:09 103 69 40 7 466 25 466 0 50 60</string>
    <string>2016-10-18 10:57:09 104 134 40 37 470 25 470 0 51 60</string>
    <string>2016-10-18 10:57:10 105 116 40 29 475 25 475 0 51 60</string>
    <string>2016-10-18 10:57:10 106 60 40 3 479 25 479 0 52 60</string>
    <string>2016-10-18 10:57:11 107 121 40 31 484 25 484 0 52 60</string>
    <string>2016-10-18 10:57:11 108 102 40 22 489 25 489 0 53 60</string>
    <string>2016-10-18 10:57:12 109 126 40 33 493 25 493 0 53 60</string>
    <string>2016-10-18 10:57:12 110 108 40 25 498 25 498 0 54 60</string>
    <string>2016-10-18 10:57:13 111 94 40 18 502 25 502 0 54 60</string>
    <string>2016-10-18 10:57:13 112 75 40 10 507 25 507 0 55 60</string>
    <string>2016-10-18 10:57:14 113 99 40 21 511 25 511 0 55 60</string>
    <string>2016-10-18 10:57:14 114 80 40 12 516 25 516 0 56 60</string>
    <string>2016-10-18 10:57:15 115 62 40 3 521 25 521 0 56 60</string>
    <string>2016-10-18 10:57:15 116 86 40 15 525 25 525 0 57 60</string>
    <string>2016-10-18 10:57:16 117 67 40 6 530 25 530 0 57 60</string>
    <string>2016-10-18 10:57:16 118 133 40 36 534 25 534 0 58 60</string>
    <string>2016-10-18 10:57:17 119 114 40 28 539 25 539 0 58 60</string>
    <string>2016-10-18 10:57:17 120 138 40 39 543 25 543 0 59 60</string>
    <string>2016-10-18 10:57:18 121 119 40 30 548 25 548 0 59 60</string>
    <string>2016-10-18 10:57:18 122 101 40 22 553 25 553 1 0 60</string>
    <string>2016-10-18 10:57:19 123 125 40 33 557 25 557 1 0 60</string>
    <string>2016-10-18 10:57:19 124 106 40 24 562 25 562 1 1 60</string>
    <string>2016-10-18 10:57:20 125 92 40 17 566 25 566 1 1 60</string>
    <string>2016-10-18 10:57:20 126 73 40 9 571 25 571 1 2 60</string>
    <string>2016-10-18 10:57:21 127 97 40 20 575 25 575 1 2 60</string>
    <string>2016-10-18 10:57:21 128 78 40 11 580 25 580 1 3 60</string>
    <string>2016-10-18 10:57:22 129 60 40 3 585 25 585 1 3 60</string>
    <string>2016-10-18 10:57:22 130 84 40 14 589 25 589 1 4 60</string>
    <string>2016-10-18 10:57:23 131 65 40 5 594 25 594 1 4 60</string>
    <string>2016-10-18 10:57:23 132 131 40 35 598 25 598 1 5 60</string>
    <string>2016-10-18 10:57:24 133 112 40 27 603 25 603 1 5 60</string>
    <string>2016-10-18 10:57:24 134 136 40 38 607 25 607 1 6 60</string>
    <string>2016-10-18 10:57:25 135 117 40 29 612 25 612 1 6 60</string>
    <string>2016-10-18 10:57:25 136 99 40 21 617 25 617 1 7 60</string>
    <string>2016-10-18 10:57:26 137 123 40 32 621 25 621 1 7 60</string>
    <string>2016-10-18 10:57:26 138 104 40 23 626 25 626 1 8 60</string>
    <string>2016-10-18 10:57:27 139 90 40 17 630 25 630 1 8 60</string>
    <string>2016-10-18 10:57:27 140 71 40 8 635 25 635 1 9 60</string>
    <string>2016-10-18 10:57:28 141 95 40 19 639 25 639 1 9 60</string>
    <string>2016-10-18 10:57:28 142 77 40 10 644 25 644 1 10 60</string>
    <string>2016-10-18 10:57:29 143 138 40 39 649 25 649 1 10 60</string>
    <string>2016-10-18 10:57:29 144 82 40 13 653 25 653 1 11 60</string>
    <string>2016-10-18 10:57:30 145 63 40 4 658 25 658 1 11 60</string>
    <string>2016-10-18 10:57:30 146 129 40 35 662 25 662 1 12 60</string>
    <string>2016-10-18 10:57:31 147 110 40 26 667 25 667 1 12 60</string>
    <string>2016-10-18 10:57:31 148 92 40 17 672 25 672 1 13 60</string>
    <string>2016-10-18 10:57:32 149 116 40 28 676 25 676 1 13 60</string>
    <string>2016-10-18 10:57:32 150 97 40 20 681 25 681 1 14 60</string>
    <string>2016-10-18 10:57:33 151 121 40 31 685 25 685 1 14 60</string>
    <string>2016-10-18 10:57:33 152 102 40 22 690 25 690 1 15 60</string>
    <string>2016-10-18 10:57:34 153 88 40 16 694 25 694 1 15 60</string>
    <string>2016-10-18 10:57:34 154 69 40 7 699 25 699 1 16 60</string>
    <string>2016-10-18 10:57:35 155 131 40 35 704 25 704 1 16 60</string>
    <string>2016-10-18 10:57:35 156 75 40 10 708 25 708 1 17 60</string>
    <string>2016-10-18 10:57:36 157 136 40 38 713 25 713 1 17 60</string>
    <string>2016-10-18 10:57:36 158 80 40 12 717 25 717 1 18 60</string>
    <string>2016-10-18 10:57:37 159 61 40 3 722 25 722 1 18 60</string>
    <string>2016-10-18 10:57:37 160 127 40 34 726 25 726 1 19 60</string>
    <string>2016-10-18 10:57:38 161 109 40 25 731 25 731 1 19 60</string>
    <string>2016-10-18 10:57:38 162 90 40 17 736 25 736 1 20 60</string>
    <string>2016-10-18 10:57:39 163 114 40 28 740 25 740 1 20 60</string>
    <string>2016-10-18 10:57:39 164 95 40 19 745 25 745 1 21 60</string>
    <string>2016-10-18 10:57:40 165 119 40 30 749 25 749 1 21 60</string>
    <string>2016-10-18 10:57:40 166 100 40 21 754 25 754 1 22 60</string>
    <string>2016-10-18 10:57:41 167 86 40 15 758 25 758 1 22 60</string>
    <string>2016-10-18 10:57:41 168 68 40 6 763 25 763 1 23 60</string>
    <string>2016-10-18 10:57:42 169 129 40 35 768 25 768 1 23 60</string>
    <string>2016-10-18 10:57:42 170 102 40 22 772 25 772 1 24 60</string>
    <string>2016-10-18 10:57:43 171 83 40 13 777 25 777 1 24 60</string>
    <string>2016-10-18 10:57:43 172 107 40 24 781 25 781 1 25 60</string>
    <string>2016-10-18 10:57:44 173 88 40 16 786 25 786 1 25 60</string>
    <string>2016-10-18 10:57:44 174 112 40 27 790 25 790 1 26 60</string>
    <string>2016-10-18 10:57:45 175 94 40 18 795 25 795 1 26 60</string>
    <string>2016-10-18 10:57:45 176 79 40 12 799 25 799 1 27 60</string>
    <string>2016-10-18 10:57:46 177 61 40 3 804 25 804 1 27 60</string>
    <string>2016-10-18 10:57:46 178 122 40 31 809 25 809 1 28 60</string>
    <string>2016-10-18 10:57:47 179 66 40 6 813 25 813 1 28 60</string>
    <string>2016-10-18 10:57:47 180 127 40 34 818 25 818 1 29 60</string>
    <string>2016-10-18 10:57:48 181 71 40 8 822 25 822 1 29 60</string>
    <string>2016-10-18 10:57:48 182 133 40 36 827 25 827 1 30 60</string>
    <string>2016-10-18 10:57:49 183 118 40 30 831 25 831 1 30 60</string>
    <string>2016-10-18 10:57:49 184 100 40 21 836 25 836 1 31 60</string>
    <string>2016-10-18 10:57:50 185 81 40 13 841 25 841 1 31 60</string>
    <string>2016-10-18 10:57:50 186 105 40 24 845 25 845 1 32 60</string>
    <string>2016-10-18 10:57:51 187 86 40 15 850 25 850 1 32 60</string>
    <string>2016-10-18 10:57:51 188 110 40 26 854 25 854 1 33 60</string>
    <string>2016-10-18 10:57:52 189 92 40 17 859 25 859 1 33 60</string>
    <string>2016-10-18 10:57:52 190 78 40 11 863 25 863 1 34 60</string>
    <string>2016-10-18 10:57:53 191 139 40 39 868 25 868 1 34 60</string>
    <string>2016-10-18 10:57:53 192 120 40 31 873 25 873 1 35 60</string>
    <string>2016-10-18 10:57:54 193 64 40 5 877 25 877 1 35 60</string>
    <string>2016-10-18 10:57:54 194 126 40 33 882 25 882 1 36 60</string>
    <string>2016-10-18 10:57:55 195 70 40 7 886 25 886 1 36 60</string>
    <string>2016-10-18 10:57:55 196 131 40 36 891 25 891 1 37 60</string>
    <string>2016-10-18 10:57:56 197 112 40 27 896 25 896 1 37 60</string>
    <string>2016-10-18 10:57:56 198 98 40 20 900 25 900 1 38 60</string>
    <string>2016-10-18 10:57:57 199 79 40 12 905 25 905 1 38 60</string>
    <string>2016-10-18 10:57:57 200 103 40 23 909 25 909 1 39 60</string>
    <string>2016-10-18 10:57:58 201 85 40 14 914 25 914 1 39 60</string>
    <string>2016-10-18 10:57:58 202 109 40 25 918 25 918 1 40 60</string>
    <string>2016-10-18 10:57:59 203 90 40 17 923 25 923 1 40 60</string>
    <string>2016-10-18 10:57:59 204 71 40 8 928 25 928 1 41 60</string>
    <string>2016-10-18 10:58:00 205 137 40 38 932 25 932 1 41 60</string>
    <string>2016-10-18 10:58:00 206 118 40 30 937 25 937 1 42 60</string>
    <string>2016-10-18 10:58:01 207 62 40 4 941 25 941 1 42 60</string>
    <string>2016-10-18 10:58:01 208 124 40 32 946 25 946 1 43 60</string>
    <string>2016-10-18 10:58:02 209 68 40 6 950 25 950 1 43 60</string>
    <string>2016-10-18 10:58:02 210 129 40 35 955 25 955 1 44 60</string>
    <string>2016-10-18 10:58:03 211 110 40 26 960 25 960 1 44 60</string>
    <string>2016-10-18 10:58:03 212 96 40 19 964 25 964 1 45 60</string>
    <string>2016-10-18 10:58:04 213 77 40 11 969 25 969 1 45 60</string>
    <string>2016-10-18 10:58:04 214 101 40 22 973 25 973 1 46 60</string>
    <string>2016-10-18 10:58:05 215 83 40 13 978 25 978 1 46 60</string>
    <string>2016-10-18 10:58:05 216 107 40 24 982 25 982 1 47 60</string>
    <string>2016-10-18 10:58:06 217 88 40 16 987 25 987 1 47 60</string>
    <string>2016-10-18 10:58:06 218 69 40 7 992 25 992 1 48 60</string>
    <string>2016-10-18 10:58:07 219 135 40 38 996 25 996 1 48 60</string>
    <string>2016-10-18 10:58:07 220 117 40 29 1001 25 1001 1 49 60</string>
    <string>2016-10-18 10:58:08 221 89 40 16 1005 25 1005 1 49 60</string>
    <string>2016-10-18 10:58:08 222 71 40 8 1010 25 1010 1 50 60</string>
    <string>2016-10-18 10:58:09 223 123 40 32 1014 25 1014 1 50 60</string>
    <string>2016-10-18 10:58:09 224 105 40 23 1019 25 1019 1 51 60</string>
    <string>2016-10-18 10:58:10 225 129 40 34 1023 25 1023 1 51 60</string>
    <string>2016-10-18 10:58:10 226 110 40 26 1028 25 1028 1 52 60</string>
    <string>2016-10-18 10:58:11 227 91 40 17 1033 25 1033 1 52 60</string>
    <string>2016-10-18 10:58:11 228 115 40 28 1037 25 1037 1 53 60</string>
    <string>2016-10-18 10:58:12 229 97 40 20 1042 25 1042 1 53 60</string>
    <string>2016-10-18 10:58:12 230 82 40 13 1046 25 1046 1 54 60</string>
    <string>2016-10-18 10:58:13 231 64 40 4 1051 25 1051 1 54 60</string>
    <string>2016-10-18 10:58:13 232 83 40 13 1056 25 1056 1 55 60</string>
    <string>2016-10-18 10:58:14 233 69 40 7 1060 25 1060 1 55 60</string>
    <string>2016-10-18 10:58:14 234 130 40 35 1065 25 1065 1 56 60</string>
    <string>2016-10-18 10:58:15 235 74 40 9 1069 25 1069 1 56 60</string>
    <string>2016-10-18 10:58:15 236 136 40 38 1074 25 1074 1 57 60</string>
    <string>2016-10-18 10:58:16 237 121 40 31 1078 25 1078 1 57 60</string>
    <string>2016-10-18 10:58:16 238 103 40 23 1083 25 1083 1 58 60</string>
    <string>2016-10-18 10:58:17 239 122 40 32 1088 25 1088 1 58 60</string>
    <string>2016-10-18 10:58:17 240 108 40 25 1092 25 1092 1 59 60</string>
    <string>2016-10-18 10:58:18 241 89 40 16 1097 25 1097 1 59 60</string>
    <string>2016-10-18 10:58:18 242 113 40 27 1101 25 1101 2 0 60</string>
    <string>2016-10-18 10:58:19 243 95 40 19 1106 25 1106 2 0 60</string>
    <string>2016-10-18 10:58:19 244 81 40 12 1110 25 1110 2 0 60</string>
    <string>2016-10-18 10:58:20 245 62 40 4 1115 25 1115 2 1 60</string>
    <string>2016-10-18 10:58:20 246 81 40 13 1120 25 1120 2 1 60</string>
    <string>2016-10-18 10:58:21 247 67 40 6 1124 25 1124 2 2 60</string>
    <string>2016-10-18 10:58:21 248 129 40 34 1129 25 1129 2 2 60</string>
    <string>2016-10-18 10:58:22 249 73 40 9 1133 25 1133 2 3 60</string>
    <string>2016-10-18 10:58:22 250 134 40 37 1138 25 1138 2 3 60</string>
  </Results>
</ServerData>