<?xml version="1.0"?>
<ServerData xmlns:xsi="http://www.w3.org/2001/XMLSchema-instance" xmlns:xsd="http://www.w3.org/2001/XMLSchema">
  <Name>fjeiwoajfoiwjafoijwafjoiewjf</Name>
  <Password>jfoi</Password>
  <Doctor>false</Doctor>
  <Messages />
  <Results>
    <string>2016-10-18 02:19:56 1 0 0 0 0 30 0 0 0 0</string>
    <string>2016-10-18 02:19:57 2 0 0 0 0 30 0 0 0 0</string>
    <string>2016-10-18 02:19:57 3 0 0 0 0 30 0 0 0 0</string>
    <string>2016-10-18 02:19:58 4 0 0 0 0 30 0 0 0 0</string>
    <string>2016-10-18 02:19:58 5 0 0 0 0 30 0 0 0 0</string>
    <string>2016-10-18 02:19:59 6 0 0 0 0 30 0 0 0 0</string>
    <string>2016-10-18 02:19:59 7 0 0 0 0 30 0 0 0 0</string>
    <string>2016-10-18 02:20:00 8 0 0 0 0 30 0 0 0 0</string>
    <string>2016-10-18 02:20:00 9 0 0 0 0 30 0 0 0 0</string>
    <string>2016-10-18 02:20:01 10 0 0 0 0 30 0 0 0 0</string>
    <string>2016-10-18 02:20:01 11 0 0 0 0 30 0 0 0 0</string>
    <string>2016-10-18 02:20:02 12 0 0 0 0 30 0 0 0 0</string>
    <string>2016-10-18 02:20:02 13 0 0 0 0 30 0 0 0 0</string>
    <string>2016-10-18 02:20:03 14 0 0 0 0 30 0 0 0 0</string>
    <string>2016-10-18 02:20:03 15 0 54 192 0 30 0 0 0 3</string>
    <string>2016-10-18 02:20:04 16 0 54 192 0 30 0 0 0 18</string>
    <string>2016-10-18 02:20:04 17 0 54 192 0 30 0 0 1 30</string>
    <string>2016-10-18 02:20:05 18 0 54 192 0 30 0 0 1 30</string>
    <string>2016-10-18 02:20:05 19 0 48 170 0 30 0 0 2 30</string>
    <string>2016-10-18 02:20:06 20 0 48 170 0 30 0 0 2 30</string>
    <string>2016-10-18 02:20:06 20 0 48 170 0 30 0 0 2 30</string>
    <string>2016-10-18 02:20:07 20 0 48 170 0 30 0 0 2 30</string>
    <string>2016-10-18 02:20:07 20 0 48 170 0 30 0 0 2 30</string>
    <string>2016-10-18 02:20:08 20 0 48 170 0 30 0 0 2 30</string>
    <string>2016-10-18 02:20:08 20 0 48 170 0 30 0 0 2 30</string>
    <string>2016-10-18 02:20:09 20 0 48 170 0 30 0 0 2 30</string>
    <string>2016-10-18 02:20:09 20 0 48 170 0 30 0 0 2 30</string>
    <string>2016-10-18 02:20:10 20 0 48 170 0 30 0 0 2 30</string>
    <string>2016-10-18 02:20:10 20 0 48 170 0 30 0 0 2 30</string>
    <string>2016-10-18 02:20:11 20 0 48 170 0 30 0 0 2 30</string>
    <string>2016-10-18 02:20:11 20 0 48 170 0 30 0 0 2 30</string>
    <string>2016-10-18 02:20:12 20 0 48 170 0 30 0 0 2 30</string>
    <string>2016-10-18 02:20:12 20 0 48 170 0 30 0 0 2 30</string>
    <string>2016-10-18 02:20:13 20 0 48 170 0 30 0 0 2 30</string>
    <string>2016-10-18 02:20:13 20 0 48 170 0 30 0 0 2 30</string>
    <string>2016-10-18 02:20:14 20 0 48 170 0 30 0 0 2 30</string>
    <string>2016-10-18 02:20:14 20 0 48 170 0 30 0 0 2 30</string>
    <string>2016-10-18 02:20:15 20 0 48 170 0 30 0 0 2 30</string>
    <string>2016-10-18 02:20:15 20 0 48 170 0 30 0 0 2 30</string>
    <string>2016-10-18 02:20:16 20 0 48 170 0 30 0 0 2 30</string>
    <string>2016-10-18 02:20:16 20 0 48 170 0 30 0 0 2 30</string>
    <string>2016-10-18 02:20:17 20 0 48 170 0 30 0 0 2 30</string>
    <string>2016-10-18 02:20:17 20 0 48 170 0 30 0 0 2 30</string>
    <string>2016-10-18 02:20:18 20 0 48 170 0 30 0 0 2 30</string>
    <string>2016-10-18 02:20:18 20 0 48 170 0 30 0 0 2 30</string>
    <string>2016-10-18 02:20:19 20 0 48 170 0 30 0 0 2 30</string>
    <string>2016-10-18 02:20:19 20 0 48 170 0 30 0 0 2 30</string>
    <string>2016-10-18 02:20:20 20 0 48 170 0 30 0 0 2 30</string>
    <string>2016-10-18 02:20:20 20 0 48 170 0 30 0 0 2 30</string>
    <string>2016-10-18 02:20:21 20 0 48 170 0 30 0 0 2 30</string>
    <string>2016-10-18 02:20:21 20 0 48 170 0 30 0 0 2 30</string>
    <string>2016-10-18 02:20:22 20 0 48 170 0 30 0 0 2 30</string>
    <string>2016-10-18 02:20:22 20 0 48 170 0 30 0 0 2 30</string>
    <string>2016-10-18 02:20:23 20 0 48 170 0 30 0 0 2 30</string>
    <string>2016-10-18 02:20:23 20 0 48 170 0 30 0 0 2 30</string>
    <string>2016-10-18 02:20:24 20 0 48 170 0 30 0 0 2 30</string>
    <string>2016-10-18 02:20:24 20 0 48 170 0 30 0 0 2 30</string>
    <string>2016-10-18 02:20:25 20 0 48 170 0 30 0 0 2 30</string>
    <string>2016-10-18 02:20:25 20 0 48 170 0 30 0 0 2 30</string>
    <string>2016-10-18 02:20:26 20 0 48 170 0 30 0 0 2 30</string>
    <string>2016-10-18 02:20:26 20 0 48 170 0 30 0 0 2 30</string>
    <string>2016-10-18 02:20:27 20 0 48 170 0 30 0 0 2 30</string>
    <string>2016-10-18 02:20:27 20 0 48 170 0 30 0 0 2 30</string>
    <string>2016-10-18 02:20:28 20 0 48 170 0 30 0 0 2 30</string>
    <string>2016-10-18 02:20:28 20 0 48 170 0 30 0 0 2 30</string>
    <string>2016-10-18 02:20:29 20 0 48 170 0 30 0 0 2 30</string>
    <string>2016-10-18 02:20:29 20 0 48 170 0 30 0 0 2 30</string>
    <string>2016-10-18 02:20:30 20 0 48 170 0 30 0 0 2 30</string>
    <string>2016-10-18 02:20:30 20 0 48 170 0 30 0 0 2 30</string>
    <string>2016-10-18 02:20:31 20 0 48 170 0 30 0 0 2 30</string>
    <string>2016-10-18 02:20:31 20 0 48 170 0 30 0 0 2 30</string>
    <string>2016-10-18 02:20:32 20 0 48 170 0 30 0 0 2 30</string>
    <string>2016-10-18 02:20:32 20 0 48 170 0 30 0 0 2 30</string>
    <string>2016-10-18 02:20:33 20 0 48 170 0 30 0 0 2 30</string>
    <string>2016-10-18 02:20:33 20 0 48 170 0 30 0 0 2 30</string>
    <string>2016-10-18 02:20:34 20 0 48 170 0 30 0 0 2 30</string>
    <string>2016-10-18 02:20:34 20 0 48 170 0 30 0 0 2 30</string>
    <string>2016-10-18 02:20:35 20 0 48 170 0 30 0 0 2 30</string>
    <string>2016-10-18 02:20:35 20 0 48 170 0 30 0 0 2 30</string>
    <string>2016-10-18 02:20:36 20 0 48 170 0 30 0 0 2 30</string>
    <string>2016-10-18 02:20:36 20 0 48 170 0 30 0 0 2 30</string>
    <string>2016-10-18 02:20:37 20 0 48 170 0 30 0 0 2 30</string>
    <string>2016-10-18 02:20:37 20 0 48 170 0 30 0 0 2 30</string>
    <string>2016-10-18 02:20:38 20 0 48 170 0 30 0 0 2 30</string>
    <string>2016-10-18 02:20:38 20 0 48 170 0 30 0 0 2 30</string>
    <string>2016-10-18 02:20:39 20 0 48 170 0 30 0 0 2 30</string>
    <string>2016-10-18 02:20:39 20 0 48 170 0 30 0 0 2 30</string>
    <string>2016-10-18 02:20:40 20 0 48 170 0 30 0 0 2 30</string>
    <string>2016-10-18 02:20:40 20 0 48 170 0 30 0 0 2 30</string>
    <string>2016-10-18 02:20:41 20 0 48 170 0 30 0 0 2 30</string>
    <string>2016-10-18 02:20:41 20 0 48 170 0 30 0 0 2 30</string>
    <string>2016-10-18 02:20:42 20 0 48 170 0 30 0 0 2 30</string>
    <string>2016-10-18 02:20:42 20 0 48 170 0 30 0 0 2 30</string>
    <string>2016-10-18 02:20:43 20 0 48 170 0 30 0 0 2 30</string>
    <string>2016-10-18 02:20:43 20 0 48 170 0 30 0 0 2 30</string>
    <string>2016-10-18 02:20:44 20 0 48 170 0 30 0 0 2 30</string>
    <string>2016-10-18 02:20:44 20 0 48 170 0 30 0 0 2 30</string>
    <string>2016-10-18 02:20:45 20 0 48 170 0 30 0 0 2 30</string>
    <string>2016-10-18 02:20:45 20 0 48 170 0 30 0 0 2 30</string>
    <string>2016-10-18 02:20:46 20 0 48 170 0 30 0 0 2 30</string>
    <string>2016-10-18 02:20:46 20 0 48 170 0 30 0 0 2 30</string>
    <string>2016-10-18 02:20:47 20 0 48 170 0 30 0 0 2 30</string>
    <string>2016-10-18 02:20:47 20 0 48 170 0 30 0 0 2 30</string>
    <string>2016-10-18 02:20:48 20 0 48 170 0 30 0 0 2 30</string>
    <string>2016-10-18 02:20:48 20 0 48 170 0 30 0 0 2 30</string>
    <string>2016-10-18 02:20:49 20 0 48 170 0 30 0 0 2 30</string>
    <string>2016-10-18 02:20:49 20 0 48 170 0 30 0 0 2 30</string>
    <string>2016-10-18 02:20:50 20 0 48 170 0 30 0 0 2 30</string>
    <string>2016-10-18 02:20:50 20 0 48 170 0 30 0 0 2 30</string>
    <string>2016-10-18 02:20:51 20 0 48 170 0 30 0 0 2 30</string>
    <string>2016-10-18 02:20:51 20 0 48 170 0 30 0 0 2 30</string>
    <string>2016-10-18 02:20:52 20 0 48 170 0 30 0 0 2 30</string>
  </Results>
</ServerData>