<?xml version="1.0"?>
<ServerData xmlns:xsi="http://www.w3.org/2001/XMLSchema-instance" xmlns:xsd="http://www.w3.org/2001/XMLSchema">
  <Name>fjeiawofjoiwa</Name>
  <Password>jfieow</Password>
  <Doctor>false</Doctor>
  <Messages />
  <Results>
    <string>2016-10-18 01:01:11 1 10 40 2 0 25 0 0 0 60</string>
    <string>2016-10-18 01:01:11 2 70 40 7 4 25 4 0 0 60</string>
    <string>2016-10-18 01:01:12 3 131 40 36 9 25 9 0 1 60</string>
    <string>2016-10-18 01:01:12 4 75 40 10 13 25 13 0 1 60</string>
    <string>2016-10-18 01:01:13 5 136 40 38 18 25 18 0 2 60</string>
    <string>2016-10-18 01:01:13 6 118 40 29 23 25 23 0 2 60</string>
    <string>2016-10-18 01:01:14 7 62 40 3 27 25 27 0 3 60</string>
    <string>2016-10-18 01:01:14 8 123 40 32 32 25 32 0 3 60</string>
    <string>2016-10-18 01:01:15 9 109 40 25 36 25 36 0 3 60</string>
    <string>2016-10-18 01:01:15 10 90 40 17 41 25 41 0 4 60</string>
    <string>2016-10-18 01:01:16 11 114 40 28 45 25 45 0 4 60</string>
    <string>2016-10-18 01:01:16 12 95 40 19 50 25 50 0 5 60</string>
    <string>2016-10-18 01:01:17 13 77 40 10 55 25 55 0 5 60</string>
    <string>2016-10-18 01:01:17 14 101 40 22 59 25 59 0 6 60</string>
    <string>2016-10-18 01:01:18 15 82 40 13 64 25 64 0 6 60</string>
    <string>2016-10-18 01:01:18 16 68 40 6 68 25 68 0 7 60</string>
    <string>2016-10-18 01:01:19 17 129 40 35 73 25 73 0 7 60</string>
    <string>2016-10-18 01:01:19 18 73 40 9 77 25 77 0 8 60</string>
    <string>2016-10-18 01:01:20 19 134 40 37 82 25 82 0 8 60</string>
    <string>2016-10-18 01:01:20 20 116 40 28 87 25 87 0 9 60</string>
    <string>2016-10-18 01:01:21 21 60 40 3 91 25 91 0 9 60</string>
    <string>2016-10-18 01:01:21 22 121 40 31 96 25 96 0 10 60</string>
    <string>2016-10-18 01:01:22 23 107 40 24 100 25 100 0 10 60</string>
    <string>2016-10-18 01:01:22 24 88 40 16 105 25 105 0 11 60</string>
    <string>2016-10-18 01:01:23 25 69 40 7 110 25 110 0 11 60</string>
    <string>2016-10-18 01:01:23 26 93 40 18 114 25 114 0 12 60</string>
    <string>2016-10-18 01:01:24 27 75 40 10 119 25 119 0 12 60</string>
    <string>2016-10-18 01:01:24 28 99 40 21 123 25 123 0 13 60</string>
    <string>2016-10-18 01:01:25 29 80 40 12 128 25 128 0 13 60</string>
    <string>2016-10-18 01:01:25 30 66 40 5 132 25 132 0 14 60</string>
    <string>2016-10-18 01:01:26 31 127 40 34 137 25 137 0 14 60</string>
    <string>2016-10-18 01:01:26 32 109 40 25 142 25 142 0 15 60</string>
    <string>2016-10-18 01:01:27 33 133 40 36 146 25 146 0 15 60</string>
    <string>2016-10-18 01:01:27 34 114 40 28 151 25 151 0 16 60</string>
    <string>2016-10-18 01:01:28 35 138 40 39 155 25 155 0 16 60</string>
    <string>2016-10-18 01:01:28 36 119 40 30 160 25 160 0 17 60</string>
    <string>2016-10-18 01:01:29 37 105 40 24 164 25 164 0 17 60</string>
    <string>2016-10-18 01:01:29 38 86 40 15 169 25 169 0 18 60</string>
    <string>2016-10-18 01:01:30 39 68 40 6 174 25 174 0 18 60</string>
    <string>2016-10-18 01:01:30 40 92 40 17 178 25 178 0 19 60</string>
    <string>2016-10-18 01:01:31 41 73 40 9 183 25 183 0 19 60</string>
    <string>2016-10-18 01:01:31 42 97 40 20 187 25 187 0 20 60</string>
    <string>2016-10-18 01:01:32 43 78 40 11 192 25 192 0 20 60</string>
    <string>2016-10-18 01:01:32 44 64 40 5 196 25 196 0 21 60</string>
    <string>2016-10-18 01:01:33 45 125 40 33 201 25 201 0 21 60</string>
    <string>2016-10-18 01:01:33 46 107 40 24 206 25 206 0 22 60</string>
    <string>2016-10-18 01:01:34 47 131 40 35 210 25 210 0 22 60</string>
    <string>2016-10-18 01:01:34 48 112 40 27 215 25 215 0 23 60</string>
    <string>2016-10-18 01:01:35 49 136 40 38 219 25 219 0 23 60</string>
    <string>2016-10-18 01:01:35 50 117 40 29 224 25 224 0 24 60</string>
    <string>2016-10-18 01:01:36 51 103 40 23 228 25 228 0 24 60</string>
    <string>2016-10-18 01:01:36 52 84 40 14 233 25 233 0 25 60</string>
    <string>2016-10-18 01:01:37 53 66 40 5 238 25 238 0 25 60</string>
    <string>2016-10-18 01:01:37 54 90 40 17 242 25 242 0 26 60</string>
    <string>2016-10-18 01:01:38 55 71 40 8 247 25 247 0 26 60</string>
    <string>2016-10-18 01:01:38 56 95 40 19 251 25 251 0 27 60</string>
    <string>2016-10-18 01:01:39 57 76 40 10 256 25 256 0 27 60</string>
    <string>2016-10-18 01:01:39 58 62 40 4 260 25 260 0 28 60</string>
    <string>2016-10-18 01:01:40 59 124 40 32 265 25 265 0 28 60</string>
    <string>2016-10-18 01:01:40 60 105 40 23 270 25 270 0 29 60</string>
    <string>2016-10-18 01:01:41 61 129 40 35 274 25 274 0 29 60</string>
    <string>2016-10-18 01:01:41 62 110 40 26 279 25 279 0 30 60</string>
    <string>2016-10-18 01:01:42 63 134 40 37 283 25 283 0 30 60</string>
    <string>2016-10-18 01:01:42 64 116 40 28 288 25 288 0 31 60</string>
    <string>2016-10-18 01:01:43 65 97 40 20 293 25 293 0 31 60</string>
    <string>2016-10-18 01:01:43 66 83 40 13 297 25 297 0 32 60</string>
    <string>2016-10-18 01:01:44 67 64 40 5 302 25 302 0 32 60</string>
    <string>2016-10-18 01:01:44 68 88 40 16 306 25 306 0 33 60</string>
    <string>2016-10-18 01:01:45 69 69 40 7 311 25 311 0 33 60</string>
    <string>2016-10-18 01:01:45 70 93 40 18 315 25 315 0 34 60</string>
    <string>2016-10-18 01:01:46 71 75 40 9 320 25 320 0 34 60</string>
    <string>2016-10-18 01:01:46 72 136 40 38 325 25 325 0 35 60</string>
    <string>2016-10-18 01:01:47 73 122 40 31 329 25 329 0 35 60</string>
    <string>2016-10-18 01:01:47 74 103 40 23 334 25 334 0 36 60</string>
    <string>2016-10-18 01:01:48 75 127 40 34 338 25 338 0 36 60</string>
    <string>2016-10-18 01:01:48 76 108 40 25 343 25 343 0 37 60</string>
    <string>2016-10-18 01:01:49 77 132 40 36 347 25 347 0 37 60</string>
    <string>2016-10-18 01:01:49 78 114 40 28 352 25 352 0 38 60</string>
    <string>2016-10-18 01:01:50 79 95 40 19 357 25 357 0 38 60</string>
    <string>2016-10-18 01:01:50 80 81 40 12 361 25 361 0 39 60</string>
    <string>2016-10-18 01:01:51 81 62 40 4 366 25 366 0 39 60</string>
    <string>2016-10-18 01:01:51 82 86 40 15 370 25 370 0 40 60</string>
    <string>2016-10-18 01:01:52 83 67 40 6 375 25 375 0 40 60</string>
    <string>2016-10-18 01:01:52 84 91 40 17 379 25 379 0 41 60</string>
    <string>2016-10-18 01:01:53 85 73 40 9 384 25 384 0 41 60</string>
    <string>2016-10-18 01:01:53 86 134 40 37 389 25 389 0 42 60</string>
    <string>2016-10-18 01:01:54 87 120 40 30 393 25 393 0 42 60</string>
    <string>2016-10-18 01:01:54 88 101 40 22 398 25 398 0 43 60</string>
    <string>2016-10-18 01:01:55 89 125 40 33 402 25 402 0 43 60</string>
    <string>2016-10-18 01:01:55 90 107 40 24 407 25 407 0 44 60</string>
    <string>2016-10-18 01:01:56 91 131 40 35 411 25 411 0 44 60</string>
    <string>2016-10-18 01:01:56 92 112 40 27 416 25 416 0 45 60</string>
    <string>2016-10-18 01:01:57 93 93 40 18 421 25 421 0 45 60</string>
    <string>2016-10-18 01:01:57 94 79 40 12 425 25 425 0 46 60</string>
    <string>2016-10-18 01:01:58 95 60 40 3 430 25 430 0 46 60</string>
    <string>2016-10-18 01:01:58 96 84 40 14 434 25 434 0 47 60</string>
    <string>2016-10-18 01:01:59 97 66 40 5 439 25 439 0 47 60</string>
    <string>2016-10-18 01:01:59 98 90 40 16 443 25 443 0 48 60</string>
    <string>2016-10-18 01:02:00 99 71 40 8 448 25 448 0 48 60</string>
    <string>2016-10-18 01:02:00 100 132 40 36 453 25 453 0 49 60</string>
    <string>2016-10-18 01:02:01 101 118 40 30 457 25 457 0 49 60</string>
    <string>2016-10-18 01:02:01 102 99 40 21 462 25 462 0 50 60</string>
    <string>2016-10-18 01:02:02 103 123 40 32 466 25 466 0 50 60</string>
    <string>2016-10-18 01:02:02 104 105 40 23 471 25 471 0 51 60</string>
    <string>2016-10-18 01:02:03 105 86 40 15 476 25 476 0 51 60</string>
    <string>2016-10-18 01:02:03 106 123 40 32 480 25 480 0 52 60</string>
    <string>2016-10-18 01:02:04 107 104 40 23 485 25 485 0 52 60</string>
    <string>2016-10-18 01:02:04 108 137 40 38 490 25 490 0 53 60</string>
    <string>2016-10-18 01:02:05 109 81 40 12 494 25 494 0 53 60</string>
    <string>2016-10-18 01:02:05 110 62 40 4 499 25 499 0 54 60</string>
    <string>2016-10-18 01:02:06 111 128 40 34 503 25 503 0 54 60</string>
    <string>2016-10-18 01:02:06 112 110 40 26 508 25 508 0 55 60</string>
    <string>2016-10-18 01:02:07 113 134 40 37 512 25 512 0 55 60</string>
    <string>2016-10-18 01:02:07 114 115 40 28 517 25 517 0 56 60</string>
    <string>2016-10-18 01:02:08 115 96 40 19 522 25 522 0 56 60</string>
    <string>2016-10-18 01:02:08 116 120 40 31 526 25 526 0 57 60</string>
    <string>2016-10-18 01:02:09 117 102 40 22 531 25 531 0 57 60</string>
    <string>2016-10-18 01:02:09 118 87 40 15 535 25 535 0 58 60</string>
    <string>2016-10-18 01:02:10 119 69 40 7 540 25 540 0 58 60</string>
    <string>2016-10-18 01:02:10 120 93 40 18 544 25 544 0 59 60</string>
    <string>2016-10-18 01:02:11 121 74 40 9 549 25 549 0 59 60</string>
    <string>2016-10-18 01:02:11 122 135 40 38 554 25 554 1 0 60</string>
    <string>2016-10-18 01:02:12 123 79 40 12 558 25 558 1 0 60</string>
    <string>2016-10-18 01:02:12 124 61 40 3 563 25 563 1 1 60</string>
    <string>2016-10-18 01:02:13 125 126 40 33 567 25 567 1 1 60</string>
    <string>2016-10-18 01:02:13 126 108 40 25 572 25 572 1 2 60</string>
    <string>2016-10-18 01:02:14 127 132 40 36 576 25 576 1 2 60</string>
    <string>2016-10-18 01:02:14 128 113 40 27 581 25 581 1 3 60</string>
    <string>2016-10-18 01:02:15 129 81 40 13 586 25 586 1 3 60</string>
    <string>2016-10-18 01:02:15 130 67 40 6 590 25 590 1 4 60</string>
    <string>2016-10-18 01:02:16 131 128 40 34 595 25 595 1 4 60</string>
    <string>2016-10-18 01:02:16 132 72 40 8 599 25 599 1 5 60</string>
    <string>2016-10-18 01:02:17 133 134 40 37 604 25 604 1 5 60</string>
    <string>2016-10-18 01:02:17 134 120 40 30 608 25 608 1 6 60</string>
    <string>2016-10-18 01:02:18 135 101 40 22 613 25 613 1 6 60</string>
    <string>2016-10-18 01:02:18 136 120 40 31 618 25 618 1 7 60</string>
    <string>2016-10-18 01:02:19 137 106 40 24 622 25 622 1 7 60</string>
    <string>2016-10-18 01:02:19 138 87 40 15 627 25 627 1 8 60</string>
    <string>2016-10-18 01:02:20 139 111 40 27 631 25 631 1 8 60</string>
    <string>2016-10-18 01:02:20 140 93 40 18 636 25 636 1 9 60</string>
    <string>2016-10-18 01:02:21 141 79 40 11 640 25 640 1 9 60</string>
    <string>2016-10-18 01:02:21 142 60 40 3 645 25 645 1 10 60</string>
    <string>2016-10-18 01:02:22 143 79 40 12 650 25 650 1 10 60</string>
    <string>2016-10-18 01:02:22 144 65 40 5 654 25 654 1 11 60</string>
    <string>2016-10-18 01:02:23 145 127 40 34 659 25 659 1 11 60</string>
    <string>2016-10-18 01:02:23 146 71 40 8 663 25 663 1 12 60</string>
    <string>2016-10-18 01:02:24 147 132 40 36 668 25 668 1 12 60</string>
    <string>2016-10-18 01:02:24 148 118 40 29 672 25 672 1 13 60</string>
    <string>2016-10-18 01:02:25 149 99 40 21 677 25 677 1 13 60</string>
    <string>2016-10-18 01:02:25 150 119 40 30 682 25 682 1 14 60</string>
    <string>2016-10-18 01:02:26 151 104 40 23 686 25 686 1 14 60</string>
    <string>2016-10-18 01:02:26 152 86 40 15 691 25 691 1 15 60</string>
    <string>2016-10-18 01:02:27 153 110 40 26 695 25 695 1 15 60</string>
    <string>2016-10-18 01:02:27 154 91 40 17 700 25 700 1 16 60</string>
    <string>2016-10-18 01:02:28 155 72 40 8 705 25 705 1 16 60</string>
    <string>2016-10-18 01:02:28 156 138 40 39 709 25 709 1 17 60</string>
    <string>2016-10-18 01:02:29 157 78 40 11 714 25 714 1 17 60</string>
    <string>2016-10-18 01:02:29 158 63 40 4 718 25 718 1 18 60</string>
    <string>2016-10-18 01:02:30 159 125 40 33 723 25 723 1 18 60</string>
    <string>2016-10-18 01:02:30 160 69 40 7 727 25 727 1 19 60</string>
    <string>2016-10-18 01:02:31 161 130 40 35 732 25 732 1 19 60</string>
    <string>2016-10-18 01:02:31 162 111 40 27 737 25 737 1 20 60</string>
    <string>2016-10-18 01:02:32 163 97 40 20 741 25 741 1 20 60</string>
    <string>2016-10-18 01:02:32 164 117 40 29 746 25 746 1 21 60</string>
    <string>2016-10-18 01:02:33 165 103 40 22 750 25 750 1 21 60</string>
    <string>2016-10-18 01:02:33 166 84 40 14 755 25 755 1 22 60</string>
    <string>2016-10-18 01:02:34 167 108 40 25 759 25 759 1 22 60</string>
    <string>2016-10-18 01:02:34 168 89 40 16 764 25 764 1 23 60</string>
    <string>2016-10-18 01:02:35 169 71 40 8 769 25 769 1 23 60</string>
    <string>2016-10-18 01:02:35 170 136 40 38 773 25 773 1 24 60</string>
    <string>2016-10-18 01:02:36 171 76 40 10 778 25 778 1 24 60</string>
    <string>2016-10-18 01:02:36 172 62 40 3 782 25 782 1 25 60</string>
    <string>2016-10-18 01:02:37 173 123 40 32 787 25 787 1 25 60</string>
    <string>2016-10-18 01:02:37 174 67 40 6 791 25 791 1 26 60</string>
    <string>2016-10-18 01:02:38 175 128 40 34 796 25 796 1 26 60</string>
    <string>2016-10-18 01:02:38 176 110 40 26 801 25 801 1 27 60</string>
    <string>2016-10-18 01:02:39 177 95 40 19 805 25 805 1 27 60</string>
    <string>2016-10-18 01:02:39 178 115 40 28 810 25 810 1 28 60</string>
    <string>2016-10-18 01:02:40 179 101 40 22 814 25 814 1 28 60</string>
    <string>2016-10-18 01:02:40 180 82 40 13 819 25 819 1 29 60</string>
    <string>2016-10-18 01:02:41 181 106 40 24 823 25 823 1 29 60</string>
    <string>2016-10-18 01:02:41 182 87 40 15 828 25 828 1 30 60</string>
    <string>2016-10-18 01:02:42 183 69 40 7 833 25 833 1 30 60</string>
    <string>2016-10-18 01:02:42 184 134 40 37 837 25 837 1 31 60</string>
    <string>2016-10-18 01:02:43 185 74 40 9 842 25 842 1 31 60</string>
    <string>2016-10-18 01:02:43 186 60 40 3 846 25 846 1 32 60</string>
    <string>2016-10-18 01:02:44 187 121 40 31 851 25 851 1 32 60</string>
    <string>2016-10-18 01:02:44 188 65 40 5 855 25 855 1 33 60</string>
    <string>2016-10-18 01:02:45 189 126 40 33 860 25 860 1 33 60</string>
    <string>2016-10-18 01:02:45 190 108 40 25 865 25 865 1 34 60</string>
    <string>2016-10-18 01:02:46 191 94 40 18 869 25 869 1 34 60</string>
    <string>2016-10-18 01:02:46 192 113 40 27 874 25 874 1 35 60</string>
    <string>2016-10-18 01:02:47 193 99 40 21 878 25 878 1 35 60</string>
    <string>2016-10-18 01:02:47 194 80 40 12 883 25 883 1 36 60</string>
  </Results>
</ServerData>