<?xml version="1.0"?>
<ServerData xmlns:xsi="http://www.w3.org/2001/XMLSchema-instance" xmlns:xsd="http://www.w3.org/2001/XMLSchema">
  <Name>fjeiowafqjfieow</Name>
  <Password>fjeio</Password>
  <Doctor>false</Doctor>
  <Messages />
  <Results>
    <string>2016-10-18 09:19:13 1 10 40 2 0 25 0 0 0 60</string>
    <string>2016-10-18 09:19:14 2 85 40 14 4 25 4 0 0 60</string>
    <string>2016-10-18 09:19:14 3 67 40 6 9 25 9 0 1 60</string>
    <string>2016-10-18 09:19:15 4 133 40 36 13 25 13 0 1 60</string>
    <string>2016-10-18 09:19:15 5 114 40 28 18 25 18 0 1 60</string>
    <string>2016-10-18 09:19:16 6 138 40 39 22 25 22 0 2 60</string>
    <string>2016-10-18 09:19:16 7 119 40 30 27 25 27 0 2 60</string>
    <string>2016-10-18 09:19:17 8 101 40 21 32 25 32 0 3 60</string>
    <string>2016-10-18 09:19:17 9 125 40 33 36 25 36 0 3 60</string>
    <string>2016-10-18 09:19:18 10 106 40 24 41 25 41 0 4 60</string>
    <string>2016-10-18 09:19:18 11 92 40 17 45 25 45 0 4 60</string>
    <string>2016-10-18 09:19:19 12 73 40 9 50 25 50 0 5 60</string>
    <string>2016-10-18 09:19:19 13 97 40 20 54 25 54 0 5 60</string>
    <string>2016-10-18 09:19:20 14 78 40 11 59 25 59 0 6 60</string>
    <string>2016-10-18 09:19:20 15 60 40 3 64 25 64 0 6 60</string>
    <string>2016-10-18 09:19:21 16 84 40 14 68 25 68 0 7 60</string>
    <string>2016-10-18 09:19:21 17 65 40 5 73 25 73 0 7 60</string>
    <string>2016-10-18 09:19:22 18 131 40 35 77 25 77 0 8 60</string>
    <string>2016-10-18 09:19:22 19 112 40 27 82 25 82 0 8 60</string>
    <string>2016-10-18 09:19:23 20 93 40 18 87 25 87 0 9 60</string>
    <string>2016-10-18 09:19:23 21 117 40 29 91 25 91 0 9 60</string>
    <string>2016-10-18 09:19:28 23 127 40 34 99 25 99 0 10 60</string>
    <string>2016-10-18 09:19:28 24 113 40 27 104 25 104 0 11 60</string>
    <string>2016-10-18 09:19:29 25 133 40 36 109 25 109 0 11 60</string>
    <string>2016-10-18 09:19:29 26 119 40 30 113 25 113 0 12 60</string>
    <string>2016-10-18 09:19:30 27 100 40 21 118 25 118 0 12 60</string>
    <string>2016-10-18 09:19:30 28 124 40 32 122 25 122 0 13 60</string>
    <string>2016-10-18 09:19:31 29 105 40 24 127 25 127 0 13 60</string>
    <string>2016-10-18 09:19:31 30 91 40 17 131 25 131 0 14 60</string>
    <string>2016-10-18 09:19:32 31 72 40 8 136 25 136 0 14 60</string>
    <string>2016-10-18 09:19:32 32 92 40 17 141 25 141 0 15 60</string>
    <string>2016-10-18 09:19:33 33 78 40 11 145 25 145 0 15 60</string>
    <string>2016-10-18 09:19:33 34 139 40 39 150 25 150 0 16 60</string>
    <string>2016-10-18 09:19:34 35 83 40 13 154 25 154 0 16 60</string>
    <string>2016-10-18 09:19:34 36 64 40 5 159 25 159 0 17 60</string>
    <string>2016-10-18 09:19:35 37 126 40 33 164 25 164 0 17 60</string>
    <string>2016-10-18 09:19:35 38 111 40 27 168 25 168 0 18 60</string>
    <string>2016-10-18 09:19:36 39 131 40 36 173 25 173 0 18 60</string>
    <string>2016-10-18 09:19:36 40 117 40 29 177 25 177 0 19 60</string>
    <string>2016-10-18 09:19:37 41 98 40 20 182 25 182 0 19 60</string>
    <string>2016-10-18 09:19:37 42 122 40 31 186 25 186 0 20 60</string>
    <string>2016-10-18 09:19:38 43 103 40 23 191 25 191 0 20 60</string>
    <string>2016-10-18 09:19:38 44 85 40 14 196 25 196 0 21 60</string>
    <string>2016-10-18 09:19:39 45 71 40 8 200 25 200 0 21 60</string>
    <string>2016-10-18 09:19:39 46 90 40 17 205 25 205 0 22 60</string>
    <string>2016-10-18 09:19:40 47 76 40 10 209 25 209 0 22 60</string>
    <string>2016-10-18 09:19:40 48 137 40 38 214 25 214 0 23 60</string>
    <string>2016-10-18 09:19:41 49 81 40 13 218 25 218 0 23 60</string>
    <string>2016-10-18 09:19:41 50 63 40 4 223 25 223 0 24 60</string>
    <string>2016-10-18 09:19:42 51 124 40 32 228 25 228 0 24 60</string>
    <string>2016-10-18 09:19:42 52 110 40 26 232 25 232 0 25 60</string>
    <string>2016-10-18 09:19:43 53 129 40 35 237 25 237 0 25 60</string>
    <string>2016-10-18 09:19:43 54 86 40 15 241 25 241 0 26 60</string>
    <string>2016-10-18 09:19:44 55 68 40 6 246 25 246 0 26 60</string>
    <string>2016-10-18 09:19:44 56 129 40 35 251 25 251 0 27 60</string>
    <string>2016-10-18 09:19:45 57 115 40 28 255 25 255 0 27 60</string>
    <string>2016-10-18 09:19:45 58 134 40 37 260 25 260 0 28 60</string>
    <string>2016-10-18 09:19:46 59 120 40 30 264 25 264 0 28 60</string>
    <string>2016-10-18 09:19:46 60 101 40 22 269 25 269 0 29 60</string>
    <string>2016-10-18 09:19:47 61 125 40 33 273 25 273 0 29 60</string>
    <string>2016-10-18 09:19:47 62 107 40 24 278 25 278 0 30 60</string>
    <string>2016-10-18 09:19:48 63 88 40 16 283 25 283 0 30 60</string>
    <string>2016-10-18 09:19:48 64 74 40 9 287 25 287 0 31 60</string>
    <string>2016-10-18 09:19:49 65 93 40 18 292 25 292 0 31 60</string>
    <string>2016-10-18 09:19:49 66 79 40 12 296 25 296 0 32 60</string>
    <string>2016-10-18 09:19:50 67 60 40 3 301 25 301 0 32 60</string>
    <string>2016-10-18 09:19:50 68 84 40 14 305 25 305 0 33 60</string>
    <string>2016-10-18 09:19:51 69 66 40 5 310 25 310 0 33 60</string>
    <string>2016-10-18 09:19:51 70 127 40 34 315 25 315 0 34 60</string>
    <string>2016-10-18 09:19:52 71 113 40 27 319 25 319 0 34 60</string>
    <string>2016-10-18 09:19:52 72 132 40 36 324 25 324 0 35 60</string>
    <string>2016-10-18 09:19:53 73 118 40 30 328 25 328 0 35 60</string>
    <string>2016-10-18 09:19:53 74 100 40 21 333 25 333 0 36 60</string>
    <string>2016-10-18 09:19:54 75 124 40 32 337 25 337 0 36 60</string>
    <string>2016-10-18 09:19:54 76 105 40 23 342 25 342 0 37 60</string>
    <string>2016-10-18 09:19:55 77 86 40 15 347 25 347 0 37 60</string>
    <string>2016-10-18 09:19:55 78 72 40 8 351 25 351 0 38 60</string>
    <string>2016-10-18 09:19:56 79 92 40 17 356 25 356 0 38 60</string>
    <string>2016-10-18 09:19:56 80 77 40 11 360 25 360 0 39 60</string>
    <string>2016-10-18 09:19:57 81 139 40 39 365 25 365 0 39 60</string>
    <string>2016-10-18 09:19:57 82 83 40 13 369 25 369 0 40 60</string>
    <string>2016-10-18 09:19:58 83 64 40 5 374 25 374 0 40 60</string>
    <string>2016-10-18 09:19:58 84 125 40 33 379 25 379 0 41 60</string>
    <string>2016-10-18 09:19:59 85 111 40 26 383 25 383 0 41 60</string>
    <string>2016-10-18 09:19:59 86 131 40 35 388 25 388 0 42 60</string>
    <string>2016-10-18 09:20:00 87 116 40 29 392 25 392 0 42 60</string>
    <string>2016-10-18 09:20:00 88 98 40 20 397 25 397 0 43 60</string>
    <string>2016-10-18 09:20:01 89 122 40 31 401 25 401 0 43 60</string>
    <string>2016-10-18 09:20:01 90 103 40 23 406 25 406 0 44 60</string>
    <string>2016-10-18 09:20:02 91 84 40 14 411 25 411 0 44 60</string>
    <string>2016-10-18 09:20:02 92 70 40 7 415 25 415 0 45 60</string>
    <string>2016-10-18 09:20:03 93 90 40 16 420 25 420 0 45 60</string>
    <string>2016-10-18 09:20:03 94 75 40 10 424 25 424 0 46 60</string>
    <string>2016-10-18 09:20:04 95 137 40 38 429 25 429 0 46 60</string>
    <string>2016-10-18 09:20:04 96 118 40 30 434 25 434 0 47 60</string>
    <string>2016-10-18 09:20:05 97 62 40 4 438 25 438 0 47 60</string>
    <string>2016-10-18 09:20:05 98 123 40 32 443 25 443 0 48 60</string>
    <string>2016-10-18 09:20:06 99 109 40 26 447 25 447 0 48 60</string>
    <string>2016-10-18 09:20:06 100 129 40 35 452 25 452 0 49 60</string>
    <string>2016-10-18 09:20:07 101 115 40 28 456 25 456 0 49 60</string>
    <string>2016-10-18 09:20:07 102 96 40 19 461 25 461 0 50 60</string>
    <string>2016-10-18 09:20:08 103 77 40 11 466 25 466 0 50 60</string>
    <string>2016-10-18 09:20:08 104 101 40 22 470 25 470 0 51 60</string>
    <string>2016-10-18 09:20:09 105 83 40 13 475 25 475 0 51 60</string>
    <string>2016-10-18 09:20:09 106 120 40 30 479 25 479 0 52 60</string>
    <string>2016-10-18 09:20:10 107 101 40 22 484 25 484 0 52 60</string>
    <string>2016-10-18 09:20:10 108 82 40 13 489 25 489 0 53 60</string>
    <string>2016-10-18 09:20:11 109 106 40 24 493 25 493 0 53 60</string>
    <string>2016-10-18 09:20:11 110 88 40 15 498 25 498 0 54 60</string>
    <string>2016-10-18 09:20:12 111 73 40 9 502 25 502 0 54 60</string>
    <string>2016-10-18 09:20:12 112 93 40 18 507 25 507 0 55 60</string>
    <string>2016-10-18 09:20:13 113 79 40 11 511 25 511 0 55 60</string>
    <string>2016-10-18 09:20:13 114 60 40 3 516 25 516 0 56 60</string>
    <string>2016-10-18 09:20:14 115 121 40 31 521 25 521 0 56 60</string>
    <string>2016-10-18 09:20:14 116 65 40 5 525 25 525 0 57 60</string>
    <string>2016-10-18 09:20:15 117 127 40 34 530 25 530 0 57 60</string>
    <string>2016-10-18 09:20:15 118 112 40 27 534 25 534 0 58 60</string>
    <string>2016-10-18 09:20:16 119 132 40 36 539 25 539 0 58 60</string>
    <string>2016-10-18 09:20:16 120 118 40 29 543 25 543 0 59 60</string>
    <string>2016-10-18 09:20:17 121 99 40 21 548 25 548 0 59 60</string>
    <string>2016-10-18 09:20:17 122 80 40 12 553 25 553 1 0 60</string>
    <string>2016-10-18 09:20:18 123 104 40 23 557 25 557 1 0 60</string>
    <string>2016-10-18 09:20:18 124 86 40 15 562 25 562 1 1 60</string>
    <string>2016-10-18 09:20:19 125 72 40 8 566 25 566 1 1 60</string>
    <string>2016-10-18 09:20:19 126 91 40 17 571 25 571 1 2 60</string>
    <string>2016-10-18 09:20:20 127 72 40 8 576 25 576 1 2 60</string>
    <string>2016-10-18 09:20:20 128 138 40 39 580 25 580 1 3 60</string>
    <string>2016-10-18 09:20:21 129 120 40 30 585 25 585 1 3 60</string>
    <string>2016-10-18 09:20:21 130 64 40 4 589 25 589 1 4 60</string>
    <string>2016-10-18 09:20:22 131 125 40 33 594 25 594 1 4 60</string>
    <string>2016-10-18 09:20:22 132 111 40 26 598 25 598 1 5 60</string>
    <string>2016-10-18 09:20:23 133 130 40 35 603 25 603 1 5 60</string>
    <string>2016-10-18 09:20:23 134 112 40 27 608 25 608 1 6 60</string>
    <string>2016-10-18 09:20:24 135 97 40 20 612 25 612 1 6 60</string>
    <string>2016-10-18 09:20:24 136 79 40 11 617 25 617 1 7 60</string>
    <string>2016-10-18 09:20:25 137 103 40 22 621 25 621 1 7 60</string>
    <string>2016-10-18 09:20:25 138 84 40 14 626 25 626 1 8 60</string>
    <string>2016-10-18 09:20:26 139 70 40 7 630 25 630 1 8 60</string>
    <string>2016-10-18 09:20:26 140 89 40 16 635 25 635 1 9 60</string>
    <string>2016-10-18 09:20:27 141 71 40 8 640 25 640 1 9 60</string>
    <string>2016-10-18 09:20:27 142 136 40 38 644 25 644 1 10 60</string>
    <string>2016-10-18 09:20:28 143 118 40 29 649 25 649 1 10 60</string>
    <string>2016-10-18 09:20:28 144 62 40 4 653 25 653 1 11 60</string>
    <string>2016-10-18 09:20:29 145 123 40 32 658 25 658 1 11 60</string>
    <string>2016-10-18 09:20:29 146 109 40 25 662 25 662 1 12 60</string>
    <string>2016-10-18 09:20:30 147 128 40 34 667 25 667 1 12 60</string>
    <string>2016-10-18 09:20:30 148 110 40 26 672 25 672 1 13 60</string>
    <string>2016-10-18 09:20:31 149 95 40 19 676 25 676 1 13 60</string>
    <string>2016-10-18 09:20:31 150 77 40 11 681 25 681 1 14 60</string>
    <string>2016-10-18 09:20:32 151 101 40 22 685 25 685 1 14 60</string>
    <string>2016-10-18 09:20:32 152 82 40 13 690 25 690 1 15 60</string>
    <string>2016-10-18 09:20:33 153 68 40 6 694 25 694 1 15 60</string>
    <string>2016-10-18 09:20:33 154 87 40 15 699 25 699 1 16 60</string>
    <string>2016-10-18 09:20:34 154 87 40 15 699 25 699 1 16 60</string>
    <string>2016-10-18 09:20:34 155 89 40 16 702 25 702 1 16 60</string>
    <string>2016-10-18 09:20:35 156 99 40 21 707 25 707 1 17 60</string>
    <string>2016-10-18 09:20:35 157 80 40 12 712 25 712 1 17 60</string>
    <string>2016-10-18 09:20:36 158 66 40 5 716 25 716 1 18 60</string>
    <string>2016-10-18 09:20:36 159 85 40 14 721 25 721 1 19 60</string>
    <string>2016-10-18 09:20:37 160 71 40 8 725 25 725 1 19 60</string>
    <string>2016-10-18 09:20:37 161 132 40 36 730 25 730 1 19 60</string>
    <string>2016-10-18 09:20:38 162 114 40 28 735 25 735 1 20 60</string>
    <string>2016-10-18 09:20:38 163 138 40 39 739 25 739 1 20 60</string>
    <string>2016-10-18 09:20:39 164 119 40 30 744 25 744 1 21 60</string>
    <string>2016-10-18 09:20:39 165 105 40 23 748 25 748 1 21 60</string>
    <string>2016-10-18 09:20:40 166 124 40 33 753 25 753 1 22 60</string>
    <string>2016-10-18 09:20:40 167 106 40 24 758 25 758 1 22 60</string>
    <string>2016-10-18 09:20:41 168 91 40 17 762 25 762 1 23 60</string>
    <string>2016-10-18 09:20:41 169 73 40 9 767 25 767 1 23 60</string>
    <string>2016-10-18 09:20:42 170 97 40 20 771 25 771 1 24 60</string>
    <string>2016-10-18 09:20:42 171 78 40 11 776 25 776 1 24 60</string>
    <string>2016-10-18 09:20:43 172 64 40 5 780 25 780 1 25 60</string>
    <string>2016-10-18 09:20:43 173 83 40 14 785 25 785 1 25 60</string>
    <string>2016-10-18 09:20:44 174 65 40 5 790 25 790 1 26 60</string>
    <string>2016-10-18 09:20:44 175 131 40 35 794 25 794 1 26 60</string>
    <string>2016-10-18 09:20:45 176 112 40 27 799 25 799 1 27 60</string>
    <string>2016-10-18 09:20:45 177 136 40 38 803 25 803 1 27 60</string>
    <string>2016-10-18 09:20:46 178 117 40 29 808 25 808 1 28 60</string>
    <string>2016-10-18 09:20:46 179 103 40 23 812 25 812 1 28 60</string>
    <string>2016-10-18 09:20:47 180 123 40 32 817 25 817 1 29 60</string>
    <string>2016-10-18 09:20:47 181 104 40 23 822 25 822 1 29 60</string>
    <string>2016-10-18 09:20:48 182 90 40 16 826 25 826 1 30 60</string>
    <string>2016-10-18 09:20:48 183 71 40 8 831 25 831 1 30 60</string>
    <string>2016-10-18 09:20:49 184 95 40 19 835 25 835 1 31 60</string>
    <string>2016-10-18 09:20:49 185 76 40 10 840 25 840 1 31 60</string>
    <string>2016-10-18 09:20:50 186 62 40 4 844 25 844 1 32 60</string>
    <string>2016-10-18 09:20:50 187 82 40 13 849 25 849 1 32 60</string>
    <string>2016-10-18 09:20:51 188 63 40 4 854 25 854 1 33 60</string>
    <string>2016-10-18 09:20:51 189 129 40 35 858 25 858 1 33 60</string>
    <string>2016-10-18 09:20:52 190 81 40 13 863 25 863 1 34 60</string>
    <string>2016-10-18 09:20:52 191 67 40 6 867 25 867 1 34 60</string>
    <string>2016-10-18 09:20:53 192 87 40 15 872 25 872 1 35 60</string>
    <string>2016-10-18 09:20:53 193 68 40 6 877 25 877 1 35 60</string>
    <string>2016-10-18 09:20:54 194 134 40 37 881 25 881 1 36 60</string>
    <string>2016-10-18 09:20:54 195 115 40 28 886 25 886 1 36 60</string>
    <string>2016-10-18 09:20:55 196 139 40 39 890 25 890 1 37 60</string>
    <string>2016-10-18 09:20:55 197 120 40 31 895 25 895 1 37 60</string>
    <string>2016-10-18 09:20:56 198 102 40 22 900 25 900 1 38 60</string>
    <string>2016-10-18 09:20:56 199 126 40 33 904 25 904 1 38 60</string>
    <string>2016-10-18 09:20:57 200 107 40 25 909 25 909 1 39 60</string>
    <string>2016-10-18 09:20:57 201 93 40 18 913 25 913 1 39 60</string>
    <string>2016-10-18 09:20:58 202 74 40 9 918 25 918 1 40 60</string>
    <string>2016-10-18 09:20:58 203 98 40 20 922 25 922 1 40 60</string>
    <string>2016-10-18 09:20:59 204 80 40 12 927 25 927 1 41 60</string>
    <string>2016-10-18 09:20:59 205 61 40 3 932 25 932 1 41 60</string>
    <string>2016-10-18 09:21:00 206 114 40 28 936 25 936 1 42 60</string>
    <string>2016-10-18 09:21:00 207 111 40 26 941 25 941 1 42 60</string>
    <string>2016-10-18 09:21:01 208 68 40 6 945 25 945 1 43 60</string>
    <string>2016-10-18 09:21:01 209 129 40 35 950 25 950 1 43 60</string>
    <string>2016-10-18 09:21:02 210 102 40 22 954 25 954 1 44 60</string>
    <string>2016-10-18 09:21:02 211 83 40 13 959 25 959 1 44 60</string>
    <string>2016-10-18 09:21:03 212 107 40 24 963 25 963 1 45 60</string>
    <string>2016-10-18 09:21:03 213 88 40 16 968 25 968 1 45 60</string>
    <string>2016-10-18 09:21:04 214 74 40 9 972 25 972 1 46 60</string>
    <string>2016-10-18 09:21:04 215 135 40 38 977 25 977 1 46 60</string>
    <string>2016-10-18 09:21:05 216 117 40 29 982 25 982 1 47 60</string>
    <string>2016-10-18 09:21:05 217 61 40 3 986 25 986 1 47 60</string>
    <string>2016-10-18 09:21:06 218 122 40 31 991 25 991 1 48 60</string>
    <string>2016-10-18 09:21:06 219 66 40 6 995 25 995 1 48 60</string>
    <string>2016-10-18 09:21:07 220 127 40 34 1000 25 1000 1 49 60</string>
    <string>2016-10-18 09:21:07 221 113 40 27 1004 25 1004 1 49 60</string>
    <string>2016-10-18 09:21:08 222 94 40 19 1009 25 1009 1 50 60</string>
    <string>2016-10-18 09:21:08 223 76 40 10 1014 25 1014 1 50 60</string>
    <string>2016-10-18 09:21:09 224 100 40 21 1018 25 1018 1 51 60</string>
    <string>2016-10-18 09:21:09 225 81 40 13 1023 25 1023 1 51 60</string>
    <string>2016-10-18 09:21:10 226 105 40 24 1027 25 1027 1 52 60</string>
    <string>2016-10-18 09:21:10 227 86 40 15 1032 25 1032 1 52 60</string>
    <string>2016-10-18 09:21:11 228 68 40 6 1037 25 1037 1 53 60</string>
    <string>2016-10-18 09:21:11 229 134 40 37 1041 25 1041 1 53 60</string>
    <string>2016-10-18 09:21:12 230 115 40 28 1046 25 1046 1 54 60</string>
    <string>2016-10-18 09:21:12 231 139 40 39 1050 25 1050 1 54 60</string>
    <string>2016-10-18 09:21:13 232 120 40 31 1055 25 1055 1 55 60</string>
    <string>2016-10-18 09:21:13 233 64 40 5 1059 25 1059 1 55 60</string>
    <string>2016-10-18 09:21:14 234 126 40 33 1064 25 1064 1 56 60</string>
    <string>2016-10-18 09:21:14 235 107 40 24 1069 25 1069 1 56 60</string>
    <string>2016-10-18 09:21:15 236 93 40 18 1073 25 1073 1 57 60</string>
    <string>2016-10-18 09:21:15 237 74 40 9 1078 25 1078 1 57 60</string>
    <string>2016-10-18 09:21:16 238 98 40 20 1082 25 1082 1 58 60</string>
    <string>2016-10-18 09:21:16 239 79 40 12 1087 25 1087 1 58 60</string>
    <string>2016-10-18 09:21:17 240 103 40 23 1091 25 1091 1 59 60</string>
    <string>2016-10-18 09:21:17 241 85 40 14 1096 25 1096 1 59 60</string>
    <string>2016-10-18 09:21:18 242 66 40 5 1101 25 1101 2 0 60</string>
    <string>2016-10-18 09:21:18 243 132 40 36 1105 25 1105 2 0 60</string>
    <string>2016-10-18 09:21:19 244 113 40 27 1110 25 1110 2 1 60</string>
    <string>2016-10-18 09:21:19 245 137 40 38 1114 25 1114 2 1 60</string>
    <string>2016-10-18 09:21:20 246 118 40 30 1119 25 1119 2 2 60</string>
    <string>2016-10-18 09:21:20 247 62 40 4 1123 25 1123 2 2 60</string>
  </Results>
</ServerData>