<?xml version="1.0"?>
<ServerData xmlns:xsi="http://www.w3.org/2001/XMLSchema-instance" xmlns:xsd="http://www.w3.org/2001/XMLSchema">
  <Name>fjeiwfj</Name>
  <Password>jfeiwo</Password>
  <Doctor>false</Doctor>
  <Messages />
  <Results>
    <string>2016-10-18 09:21:38 1 10 40 2 0 25 0 0 0 60</string>
    <string>2016-10-18 09:21:38 2 94 40 18 4 25 4 0 0 60</string>
    <string>2016-10-18 09:21:39 3 75 40 10 9 25 9 0 0 60</string>
    <string>2016-10-18 09:21:39 4 61 40 3 13 25 13 0 1 60</string>
    <string>2016-10-18 09:21:40 5 122 40 31 18 25 18 0 1 60</string>
    <string>2016-10-18 09:21:40 6 66 40 6 22 25 22 0 2 60</string>
    <string>2016-10-18 09:21:41 7 127 40 34 27 25 27 0 2 60</string>
    <string>2016-10-18 09:21:41 8 109 40 25 32 25 32 0 3 60</string>
    <string>2016-10-18 09:21:42 9 133 40 36 36 25 36 0 3 60</string>
    <string>2016-10-18 09:21:42 10 114 40 28 41 25 41 0 4 60</string>
    <string>2016-10-18 09:21:43 11 100 40 21 45 25 45 0 4 60</string>
    <string>2016-10-18 09:21:43 12 81 40 13 50 25 50 0 5 60</string>
    <string>2016-10-18 09:21:44 13 105 40 24 54 25 54 0 5 60</string>
    <string>2016-10-18 09:21:44 14 86 40 15 59 25 59 0 6 60</string>
    <string>2016-10-18 09:21:45 15 68 40 6 64 25 64 0 6 60</string>
    <string>2016-10-18 09:21:45 16 92 40 17 68 25 68 0 7 60</string>
    <string>2016-10-18 09:21:46 17 73 40 9 73 25 73 0 7 60</string>
    <string>2016-10-18 09:21:46 18 139 40 39 77 25 77 0 8 60</string>
    <string>2016-10-18 09:21:47 19 120 40 31 82 25 82 0 8 60</string>
    <string>2016-10-18 09:21:47 20 60 40 3 87 25 87 0 9 60</string>
    <string>2016-10-18 09:21:48 21 126 40 33 91 25 91 0 9 60</string>
    <string>2016-10-18 09:21:48 22 107 40 24 96 25 96 0 10 60</string>
    <string>2016-10-18 09:21:49 23 131 40 36 100 25 100 0 10 60</string>
    <string>2016-10-18 09:21:49 24 112 40 27 105 25 105 0 11 60</string>
    <string>2016-10-18 09:21:50 25 98 40 20 109 25 109 0 11 60</string>
    <string>2016-10-18 09:21:50 26 79 40 12 114 25 114 0 12 60</string>
    <string>2016-10-18 09:21:51 27 99 40 21 119 25 119 0 12 60</string>
    <string>2016-10-18 09:21:51 28 85 40 14 123 25 123 0 13 60</string>
    <string>2016-10-18 09:21:52 29 66 40 6 128 25 128 0 13 60</string>
    <string>2016-10-18 09:21:52 30 90 40 17 132 25 132 0 14 60</string>
    <string>2016-10-18 09:21:53 31 71 40 8 137 25 137 0 14 60</string>
    <string>2016-10-18 09:21:53 32 137 40 38 141 25 141 0 15 60</string>
    <string>2016-10-18 09:21:54 33 118 40 30 146 25 146 0 15 60</string>
    <string>2016-10-18 09:21:54 34 138 40 39 151 25 151 0 16 60</string>
    <string>2016-10-18 09:21:55 35 124 40 32 155 25 155 0 16 60</string>
    <string>2016-10-18 09:21:55 36 105 40 24 160 25 160 0 17 60</string>
    <string>2016-10-18 09:21:56 37 129 40 35 164 25 164 0 17 60</string>
    <string>2016-10-18 09:21:56 38 110 40 26 169 25 169 0 18 60</string>
    <string>2016-10-18 09:21:57 39 96 40 19 173 25 173 0 18 60</string>
    <string>2016-10-18 09:21:57 40 78 40 11 178 25 178 0 19 60</string>
    <string>2016-10-18 09:21:58 41 97 40 20 183 25 183 0 19 60</string>
    <string>2016-10-18 09:21:58 42 83 40 13 187 25 187 0 20 60</string>
    <string>2016-10-18 09:21:59 43 64 40 5 192 25 192 0 20 60</string>
    <string>2016-10-18 09:21:59 44 88 40 16 196 25 196 0 21 60</string>
    <string>2016-10-18 09:22:00 45 69 40 7 201 25 201 0 21 60</string>
    <string>2016-10-18 09:22:00 46 135 40 38 205 25 205 0 22 60</string>
    <string>2016-10-18 09:22:01 47 117 40 29 210 25 210 0 22 60</string>
    <string>2016-10-18 09:22:01 48 136 40 38 215 25 215 0 23 60</string>
    <string>2016-10-18 09:22:02 49 122 40 31 219 25 219 0 23 60</string>
    <string>2016-10-18 09:22:02 50 103 40 23 224 25 224 0 24 60</string>
    <string>2016-10-18 09:22:03 51 127 40 34 228 25 228 0 24 60</string>
    <string>2016-10-18 09:22:03 52 109 40 25 233 25 233 0 25 60</string>
    <string>2016-10-18 09:22:04 53 94 40 19 237 25 237 0 25 60</string>
    <string>2016-10-18 09:22:04 54 76 40 10 242 25 242 0 26 60</string>
    <string>2016-10-18 09:22:05 55 95 40 19 247 25 247 0 26 60</string>
    <string>2016-10-18 09:22:05 56 81 40 12 251 25 251 0 27 60</string>
    <string>2016-10-18 09:22:06 57 62 40 4 256 25 256 0 27 60</string>
    <string>2016-10-18 09:22:06 58 86 40 15 260 25 260 0 28 60</string>
    <string>2016-10-18 09:22:07 59 68 40 6 265 25 265 0 28 60</string>
    <string>2016-10-18 09:22:07 60 129 40 35 270 25 270 0 29 60</string>
    <string>2016-10-18 09:22:08 61 115 40 28 274 25 274 0 29 60</string>
    <string>2016-10-18 09:22:08 62 134 40 37 279 25 279 0 30 60</string>
    <string>2016-10-18 09:22:09 63 120 40 31 283 25 283 0 30 60</string>
    <string>2016-10-18 09:22:09 64 101 40 22 288 25 288 0 31 60</string>
    <string>2016-10-18 09:22:10 65 125 40 33 292 25 292 0 31 60</string>
    <string>2016-10-18 09:22:10 66 107 40 24 297 25 297 0 32 60</string>
    <string>2016-10-18 09:22:11 67 88 40 16 302 25 302 0 32 60</string>
    <string>2016-10-18 09:22:11 68 74 40 9 306 25 306 0 33 60</string>
    <string>2016-10-18 09:22:12 69 93 40 18 311 25 311 0 33 60</string>
    <string>2016-10-18 09:22:12 70 79 40 12 315 25 315 0 34 60</string>
    <string>2016-10-18 09:22:13 71 61 40 3 320 25 320 0 34 60</string>
    <string>2016-10-18 09:22:13 72 85 40 14 324 25 324 0 35 60</string>
    <string>2016-10-18 09:22:14 73 66 40 5 329 25 329 0 35 60</string>
    <string>2016-10-18 09:22:14 74 127 40 34 334 25 334 0 36 60</string>
    <string>2016-10-18 09:22:15 75 113 40 27 338 25 338 0 36 60</string>
    <string>2016-10-18 09:22:15 76 133 40 36 343 25 343 0 37 60</string>
    <string>2016-10-18 09:22:16 77 118 40 30 347 25 347 0 37 60</string>
    <string>2016-10-18 09:22:16 78 100 40 21 352 25 352 0 38 60</string>
    <string>2016-10-18 09:22:17 79 124 40 32 356 25 356 0 38 60</string>
    <string>2016-10-18 09:22:17 80 105 40 24 361 25 361 0 39 60</string>
    <string>2016-10-18 09:22:18 81 86 40 15 366 25 366 0 39 60</string>
    <string>2016-10-18 09:22:18 82 72 40 8 370 25 370 0 40 60</string>
    <string>2016-10-18 09:22:19 83 92 40 17 375 25 375 0 40 60</string>
    <string>2016-10-18 09:22:19 84 77 40 11 379 25 379 0 41 60</string>
    <string>2016-10-18 09:22:20 85 139 40 39 384 25 384 0 41 60</string>
    <string>2016-10-18 09:22:20 86 120 40 30 389 25 389 0 42 60</string>
    <string>2016-10-18 09:22:21 87 64 40 5 393 25 393 0 42 60</string>
    <string>2016-10-18 09:22:21 88 125 40 33 398 25 398 0 43 60</string>
    <string>2016-10-18 09:22:22 89 111 40 26 402 25 402 0 43 60</string>
    <string>2016-10-18 09:22:22 90 131 40 35 407 25 407 0 44 60</string>
    <string>2016-10-18 09:22:23 91 116 40 29 411 25 411 0 44 60</string>
    <string>2016-10-18 09:22:23 92 98 40 20 416 25 416 0 45 60</string>
    <string>2016-10-18 09:22:24 93 79 40 12 421 25 421 0 45 60</string>
    <string>2016-10-18 09:22:24 94 103 40 23 425 25 425 0 46 60</string>
    <string>2016-10-18 09:22:25 95 84 40 14 430 25 430 0 46 60</string>
    <string>2016-10-18 09:22:25 96 70 40 7 434 25 434 0 47 60</string>
    <string>2016-10-18 09:22:26 97 90 40 16 439 25 439 0 47 60</string>
    <string>2016-10-18 09:22:26 98 76 40 10 443 25 443 0 48 60</string>
    <string>2016-10-18 09:22:27 99 137 40 38 448 25 448 0 48 60</string>
    <string>2016-10-18 09:22:27 100 118 40 30 453 25 453 0 49 60</string>
    <string>2016-10-18 09:22:28 101 62 40 4 457 25 457 0 49 60</string>
    <string>2016-10-18 09:22:28 102 124 40 32 462 25 462 0 50 60</string>
    <string>2016-10-18 09:22:29 103 109 40 26 466 25 466 0 50 60</string>
    <string>2016-10-18 09:22:29 104 129 40 35 471 25 471 0 51 60</string>
    <string>2016-10-18 09:22:30 105 115 40 28 475 25 475 0 51 60</string>
    <string>2016-10-18 09:22:30 106 96 40 19 480 25 480 0 52 60</string>
    <string>2016-10-18 09:22:31 107 77 40 11 485 25 485 0 52 60</string>
    <string>2016-10-18 09:22:31 108 101 40 22 489 25 489 0 53 60</string>
    <string>2016-10-18 09:22:32 109 83 40 13 494 25 494 0 53 60</string>
    <string>2016-10-18 09:22:32 110 68 40 7 498 25 498 0 54 60</string>
    <string>2016-10-18 09:22:33 111 88 40 16 503 25 503 0 54 60</string>
    <string>2016-10-18 09:22:33 112 69 40 7 508 25 508 0 55 60</string>
    <string>2016-10-18 09:22:34 113 135 40 37 512 25 512 0 55 60</string>
    <string>2016-10-18 09:22:34 114 116 40 29 517 25 517 0 56 60</string>
    <string>2016-10-18 09:22:35 115 60 40 3 521 25 521 0 56 60</string>
    <string>2016-10-18 09:22:35 116 122 40 31 526 25 526 0 57 60</string>
    <string>2016-10-18 09:22:36 117 107 40 25 530 25 530 0 57 60</string>
    <string>2016-10-18 09:22:36 118 127 40 34 535 25 535 0 58 60</string>
    <string>2016-10-18 09:22:37 119 108 40 25 540 25 540 0 58 60</string>
    <string>2016-10-18 09:22:37 120 94 40 19 544 25 544 0 59 60</string>
    <string>2016-10-18 09:22:38 121 75 40 10 549 25 549 0 59 60</string>
    <string>2016-10-18 09:22:38 122 99 40 21 553 25 553 1 0 60</string>
    <string>2016-10-18 09:22:39 123 81 40 12 558 25 558 1 0 60</string>
    <string>2016-10-18 09:22:39 124 67 40 6 562 25 562 1 1 60</string>
    <string>2016-10-18 09:22:40 125 86 40 15 567 25 567 1 1 60</string>
    <string>2016-10-18 09:22:40 126 67 40 6 572 25 572 1 2 60</string>
    <string>2016-10-18 09:22:41 127 133 40 37 576 25 576 1 2 60</string>
    <string>2016-10-18 09:22:41 128 115 40 28 581 25 581 1 3 60</string>
    <string>2016-10-18 09:22:42 129 139 40 39 585 25 585 1 3 60</string>
    <string>2016-10-18 09:22:42 130 120 40 30 590 25 590 1 4 60</string>
    <string>2016-10-18 09:22:43 131 106 40 24 594 25 594 1 4 60</string>
    <string>2016-10-18 09:22:43 132 125 40 33 599 25 599 1 5 60</string>
    <string>2016-10-18 09:22:44 133 107 40 24 604 25 604 1 5 60</string>
    <string>2016-10-18 09:22:44 134 92 40 18 608 25 608 1 6 60</string>
    <string>2016-10-18 09:22:45 135 74 40 9 613 25 613 1 6 60</string>
    <string>2016-10-18 09:22:45 136 98 40 20 617 25 617 1 7 60</string>
    <string>2016-10-18 09:22:46 137 79 40 12 622 25 622 1 7 60</string>
    <string>2016-10-18 09:22:46 138 65 40 5 626 25 626 1 8 60</string>
    <string>2016-10-18 09:22:47 139 84 40 14 631 25 631 1 8 60</string>
    <string>2016-10-18 09:22:47 140 66 40 5 636 25 636 1 9 60</string>
    <string>2016-10-18 09:22:48 141 131 40 36 640 25 640 1 9 60</string>
    <string>2016-10-18 09:22:48 142 113 40 27 645 25 645 1 10 60</string>
    <string>2016-10-18 09:22:49 143 137 40 38 649 25 649 1 10 60</string>
    <string>2016-10-18 09:22:49 144 118 40 30 654 25 654 1 11 60</string>
    <string>2016-10-18 09:22:50 145 104 40 23 658 25 658 1 11 60</string>
    <string>2016-10-18 09:22:50 146 123 40 32 663 25 663 1 12 60</string>
    <string>2016-10-18 09:22:51 147 105 40 23 668 25 668 1 12 60</string>
    <string>2016-10-18 09:22:51 148 90 40 17 672 25 672 1 13 60</string>
    <string>2016-10-18 09:22:52 149 72 40 8 677 25 677 1 13 60</string>
    <string>2016-10-18 09:22:52 150 96 40 19 681 25 681 1 14 60</string>
    <string>2016-10-18 09:22:53 151 77 40 11 686 25 686 1 14 60</string>
    <string>2016-10-18 09:22:53 152 63 40 4 690 25 690 1 15 60</string>
    <string>2016-10-18 09:22:54 153 82 40 13 695 25 695 1 15 60</string>
    <string>2016-10-18 09:22:54 154 64 40 4 700 25 700 1 16 60</string>
    <string>2016-10-18 09:22:55 155 130 40 35 704 25 704 1 16 60</string>
    <string>2016-10-18 09:22:55 156 111 40 26 709 25 709 1 17 60</string>
    <string>2016-10-18 09:22:56 157 135 40 37 713 25 713 1 17 60</string>
    <string>2016-10-18 09:22:56 158 116 40 29 718 25 718 1 18 60</string>
    <string>2016-10-18 09:22:57 159 98 40 20 723 25 723 1 18 60</string>
    <string>2016-10-18 09:22:57 160 122 40 31 727 25 727 1 19 60</string>
    <string>2016-10-18 09:22:58 161 103 40 23 732 25 732 1 19 60</string>
    <string>2016-10-18 09:22:58 162 89 40 16 736 25 736 1 20 60</string>
    <string>2016-10-18 09:22:59 163 70 40 7 741 25 741 1 20 60</string>
    <string>2016-10-18 09:22:59 164 94 40 18 745 25 745 1 21 60</string>
    <string>2016-10-18 09:23:00 165 75 40 10 750 25 750 1 21 60</string>
    <string>2016-10-18 09:23:00 167 81 40 12 759 25 759 1 22 60</string>
    <string>2016-10-18 09:23:01 167 81 40 12 759 25 759 1 22 60</string>
    <string>2016-10-18 09:23:01 168 62 40 4 764 25 764 1 23 60</string>
    <string>2016-10-18 09:23:02 169 128 40 34 768 25 768 1 23 60</string>
    <string>2016-10-18 09:23:02 170 109 40 25 773 25 773 1 24 60</string>
    <string>2016-10-18 09:23:03 171 133 40 37 777 25 777 1 24 60</string>
    <string>2016-10-18 09:23:03 172 114 40 28 782 25 782 1 25 60</string>
    <string>2016-10-18 09:23:04 173 96 40 19 787 25 787 1 25 60</string>
    <string>2016-10-18 09:23:04 174 120 40 30 791 25 791 1 26 60</string>
    <string>2016-10-18 09:23:05 175 101 40 22 796 25 796 1 26 60</string>
    <string>2016-10-18 09:23:05 176 87 40 15 800 25 800 1 27 60</string>
    <string>2016-10-18 09:23:06 177 68 40 7 805 25 805 1 27 60</string>
    <string>2016-10-18 09:23:06 178 92 40 18 809 25 809 1 28 60</string>
    <string>2016-10-18 09:23:07 179 73 40 9 814 25 814 1 28 60</string>
    <string>2016-10-18 09:23:07 180 135 40 37 819 25 819 1 29 60</string>
    <string>2016-10-18 09:23:08 181 79 40 11 823 25 823 1 29 60</string>
    <string>2016-10-18 09:23:08 182 60 40 3 828 25 828 1 30 60</string>
    <string>2016-10-18 09:23:09 183 126 40 33 832 25 832 1 30 60</string>
    <string>2016-10-18 09:23:09 184 107 40 25 837 25 837 1 31 60</string>
    <string>2016-10-18 09:23:10 185 131 40 36 841 25 841 1 31 60</string>
    <string>2016-10-18 09:23:10 186 113 40 27 846 25 846 1 32 60</string>
    <string>2016-10-18 09:23:11 187 94 40 18 851 25 851 1 32 60</string>
    <string>2016-10-18 09:23:11 188 118 40 30 855 25 855 1 33 60</string>
    <string>2016-10-18 09:23:12 189 99 40 21 860 25 860 1 33 60</string>
    <string>2016-10-18 09:23:12 190 85 40 14 864 25 864 1 34 60</string>
    <string>2016-10-18 09:23:13 191 66 40 6 869 25 869 1 34 60</string>
    <string>2016-10-18 09:23:13 192 90 40 17 873 25 873 1 35 60</string>
    <string>2016-10-18 09:23:14 193 72 40 8 878 25 878 1 35 60</string>
  </Results>
</ServerData>