<?xml version="1.0"?>
<ServerData xmlns:xsi="http://www.w3.org/2001/XMLSchema-instance" xmlns:xsd="http://www.w3.org/2001/XMLSchema">
  <Name>fjewiaofew</Name>
  <Password>fejwio</Password>
  <Doctor>false</Doctor>
  <Messages />
  <Results>
    <string>2016-10-19 09:41:10 1 10 40 2 0 25 0 0 0 60</string>
    <string>2016-10-19 09:41:10 2 97 40 233 4 25 4 0 0 60</string>
    <string>2016-10-19 09:41:11 3 107 40 296 9 25 9 0 1 60</string>
    <string>2016-10-19 09:41:11 4 131 40 445 13 25 13 0 1 60</string>
    <string>2016-10-19 09:41:12 5 112 40 329 18 25 18 0 1 60</string>
    <string>2016-10-19 09:41:12 6 85 40 159 22 25 22 0 2 60</string>
    <string>2016-10-19 09:41:13 7 66 40 42 27 25 27 0 2 60</string>
    <string>2016-10-19 09:41:13 8 119 40 371 31 25 31 0 3 60</string>
    <string>2016-10-19 09:41:14 9 100 40 254 36 25 36 0 3 60</string>
    <string>2016-10-19 09:41:14 10 73 40 84 40 25 40 0 4 60</string>
    <string>2016-10-19 09:41:15 11 127 40 423 45 25 45 0 4 60</string>
    <string>2016-10-19 09:41:15 12 71 40 74 49 25 49 0 5 60</string>
    <string>2016-10-19 09:41:16 13 81 40 136 54 25 54 0 5 60</string>
    <string>2016-10-19 09:41:16 14 105 40 286 58 25 58 0 6 60</string>
    <string>2016-10-19 09:41:17 15 87 40 170 63 25 63 0 6 60</string>
    <string>2016-10-19 09:41:17 16 72 40 81 67 25 67 0 7 60</string>
    <string>2016-10-19 09:41:18 17 92 40 203 72 25 72 0 7 60</string>
    <string>2016-10-19 09:41:18 18 102 40 265 77 25 77 0 8 60</string>
    <string>2016-10-19 09:41:19 19 90 40 192 81 25 81 0 8 60</string>
    <string>2016-10-19 09:41:19 20 76 40 104 85 25 85 0 9 60</string>
    <string>2016-10-19 09:41:20 21 124 40 405 90 25 90 0 9 60</string>
    <string>2016-10-19 09:41:20 22 90 40 191 94 25 94 0 10 60</string>
    <string>2016-10-19 09:41:21 23 114 40 340 98 25 98 0 10 60</string>
    <string>2016-10-19 09:41:21 24 95 40 224 103 25 103 0 11 60</string>
    <string>2016-10-19 09:41:22 25 81 40 135 107 25 107 0 11 60</string>
    <string>2016-10-19 09:41:22 26 62 40 19 112 25 112 0 12 60</string>
    <string>2016-10-19 09:41:23 27 124 40 401 117 25 117 0 12 60</string>
    <string>2016-10-19 09:41:23 28 68 40 52 121 25 121 0 13 60</string>
    <string>2016-10-19 09:41:24 29 129 40 435 126 25 126 0 13 60</string>
    <string>2016-10-19 09:41:24 30 102 40 264 130 25 130 0 14 60</string>
    <string>2016-10-19 09:41:25 31 83 40 148 135 25 135 0 14 60</string>
    <string>2016-10-19 09:41:25 32 71 40 75 139 25 139 0 15 60</string>
    <string>2016-10-19 09:41:26 33 133 40 457 144 25 144 0 15 60</string>
    <string>2016-10-19 09:41:26 34 119 40 369 148 25 148 0 16 60</string>
    <string>2016-10-19 09:41:27 35 100 40 252 153 25 153 0 16 60</string>
    <string>2016-10-19 09:41:27 36 124 40 402 157 25 157 0 17 60</string>
    <string>2016-10-19 09:41:28 37 105 40 286 162 25 162 0 17 60</string>
    <string>2016-10-19 09:41:28 38 129 40 435 166 25 166 0 18 60</string>
    <string>2016-10-19 09:41:29 39 139 40 498 171 25 171 0 18 60</string>
    <string>2016-10-19 09:41:29 40 112 40 327 175 25 175 0 19 60</string>
    <string>2016-10-19 09:41:30 41 93 40 211 180 25 180 0 19 60</string>
    <string>2016-10-19 09:41:30 42 75 40 95 185 25 185 0 20 60</string>
    <string>2016-10-19 09:41:31 43 99 40 244 189 25 189 0 20 60</string>
    <string>2016-10-19 09:41:31 44 80 40 128 194 25 194 0 21 60</string>
    <string>2016-10-19 09:41:32 45 66 40 39 198 25 198 0 21 60</string>
    <string>2016-10-19 09:41:32 46 114 40 340 203 25 203 0 22 60</string>
    <string>2016-10-19 09:41:33 47 100 40 251 207 25 207 0 22 60</string>
    <string>2016-10-19 09:41:33 48 81 40 135 212 25 212 0 23 60</string>
    <string>2016-10-19 09:41:34 49 105 40 284 216 25 216 0 23 60</string>
    <string>2016-10-19 09:41:34 50 86 40 168 221 25 221 0 24 60</string>
    <string>2016-10-19 09:41:35 51 68 40 52 226 25 226 0 24 60</string>
    <string>2016-10-19 09:41:35 52 92 40 201 230 25 230 0 25 60</string>
    <string>2016-10-19 09:41:36 53 73 40 85 235 25 235 0 25 60</string>
    <string>2016-10-19 09:41:36 54 139 40 495 239 25 239 0 26 60</string>
    <string>2016-10-19 09:41:37 55 120 40 379 244 25 244 0 26 60</string>
    <string>2016-10-19 09:41:37 56 108 40 306 248 25 248 0 27 60</string>
    <string>2016-10-19 09:41:38 57 77 40 108 253 25 253 0 27 60</string>
    <string>2016-10-19 09:41:38 58 62 40 19 257 25 257 0 28 60</string>
    <string>2016-10-19 09:41:39 59 124 40 402 262 25 262 0 28 60</string>
    <string>2016-10-19 09:41:39 60 68 40 52 266 25 266 0 29 60</string>
    <string>2016-10-19 09:41:40 61 129 40 435 271 25 271 0 29 60</string>
    <string>2016-10-19 09:41:40 62 82 40 139 276 25 276 0 30 60</string>
    <string>2016-10-19 09:41:41 63 68 40 51 280 25 280 0 30 60</string>
    <string>2016-10-19 09:41:41 64 129 40 433 285 25 285 0 31 60</string>
    <string>2016-10-19 09:41:42 65 102 40 263 289 25 289 0 31 60</string>
    <string>2016-10-19 09:41:42 66 83 40 146 294 25 294 0 32 60</string>
    <string>2016-10-19 09:41:43 67 71 40 73 298 25 298 0 32 60</string>
    <string>2016-10-19 09:41:43 68 68 40 54 303 25 303 0 33 60</string>
    <string>2016-10-19 09:41:44 69 134 40 465 307 25 307 0 33 60</string>
    <string>2016-10-19 09:41:44 70 107 40 294 311 25 311 0 34 60</string>
    <string>2016-10-19 09:41:45 71 119 40 373 316 25 316 0 34 60</string>
    <string>2016-10-19 09:41:45 72 105 40 284 320 25 320 0 35 60</string>
    <string>2016-10-19 09:41:46 73 86 40 168 325 25 325 0 35 60</string>
    <string>2016-10-19 09:41:46 74 110 40 317 329 25 329 0 36 60</string>
    <string>2016-10-19 09:41:47 75 92 40 201 334 25 334 0 36 60</string>
    <string>2016-10-19 09:41:47 76 73 40 84 339 25 339 0 37 60</string>
    <string>2016-10-19 09:41:48 77 126 40 413 343 25 343 0 37 60</string>
    <string>2016-10-19 09:41:48 78 107 40 297 348 25 348 0 38 60</string>
    <string>2016-10-19 09:41:49 79 108 40 305 352 25 352 0 38 60</string>
    <string>2016-10-19 09:41:49 80 90 40 189 357 25 357 0 39 60</string>
    <string>2016-10-19 09:41:50 81 114 40 338 361 25 361 0 39 60</string>
    <string>2016-10-19 09:41:50 82 95 40 222 366 25 366 0 40 60</string>
    <string>2016-10-19 09:41:51 83 119 40 372 370 25 370 0 40 60</string>
    <string>2016-10-19 09:41:51 84 100 40 255 375 25 375 0 41 60</string>
    <string>2016-10-19 09:41:52 85 86 40 167 379 25 379 0 41 60</string>
    <string>2016-10-19 09:41:52 86 67 40 50 384 25 384 0 42 60</string>
    <string>2016-10-19 09:41:53 87 129 40 433 389 25 389 0 42 60</string>
    <string>2016-10-19 09:41:53 88 73 40 83 393 25 393 0 43 60</string>
    <string>2016-10-19 09:41:54 89 98 40 243 398 25 398 0 43 60</string>
    <string>2016-10-19 09:41:54 90 122 40 393 402 25 402 0 44 60</string>
    <string>2016-10-19 09:41:55 91 104 40 276 407 25 407 0 44 60</string>
    <string>2016-10-19 09:41:55 92 76 40 106 411 25 411 0 45 60</string>
    <string>2016-10-19 09:41:56 93 138 40 489 416 25 416 0 45 60</string>
    <string>2016-10-19 09:41:56 94 124 40 400 420 25 420 0 46 60</string>
    <string>2016-10-19 09:41:57 95 105 40 284 425 25 425 0 46 60</string>
    <string>2016-10-19 09:41:57 96 129 40 433 429 25 429 0 47 60</string>
    <string>2016-10-19 09:41:58 97 110 40 317 434 25 434 0 47 60</string>
    <string>2016-10-19 09:41:58 98 92 40 200 439 25 439 0 48 60</string>
    <string>2016-10-19 09:41:59 99 116 40 350 443 25 443 0 48 60</string>
    <string>2016-10-19 09:41:59 100 112 40 331 448 25 448 0 49 60</string>
    <string>2016-10-19 09:42:00 101 98 40 242 452 25 452 0 49 60</string>
    <string>2016-10-19 09:42:00 102 66 40 44 457 25 457 0 50 60</string>
    <string>2016-10-19 09:42:01 103 132 40 454 461 25 461 0 50 60</string>
    <string>2016-10-19 09:42:01 104 114 40 338 466 25 466 0 51 60</string>
    <string>2016-10-19 09:42:02 105 138 40 488 470 25 470 0 51 60</string>
    <string>2016-10-19 09:42:02 106 119 40 371 475 25 475 0 52 60</string>
    <string>2016-10-19 09:42:03 107 92 40 201 479 25 479 0 52 60</string>
    <string>2016-10-19 09:42:03 108 73 40 84 484 25 484 0 53 60</string>
    <string>2016-10-19 09:42:04 109 126 40 413 488 25 488 0 53 60</string>
    <string>2016-10-19 09:42:04 110 107 40 297 493 25 493 0 54 60</string>
    <string>2016-10-19 09:42:05 111 108 40 305 497 25 497 0 54 60</string>
    <string>2016-10-19 09:42:05 112 97 40 232 501 25 501 0 55 60</string>
    <string>2016-10-19 09:42:06 113 107 40 295 506 25 506 0 55 60</string>
    <string>2016-10-19 09:42:06 114 131 40 445 510 25 510 0 56 60</string>
    <string>2016-10-19 09:42:07 115 112 40 328 515 25 515 0 56 60</string>
    <string>2016-10-19 09:42:07 116 113 40 337 519 25 519 0 57 60</string>
    <string>2016-10-19 09:42:08 117 95 40 221 524 25 524 0 57 60</string>
    <string>2016-10-19 09:42:08 118 67 40 50 528 25 528 0 58 60</string>
    <string>2016-10-19 09:42:09 119 129 40 433 533 25 533 0 58 60</string>
    <string>2016-10-19 09:42:09 120 126 40 414 538 25 538 0 59 60</string>
    <string>2016-10-19 09:42:10 121 70 40 64 542 25 542 0 59 60</string>
    <string>2016-10-19 09:42:10 122 131 40 447 547 25 547 1 0 60</string>
    <string>2016-10-19 09:42:11 123 132 40 456 551 25 551 1 0 60</string>
    <string>2016-10-19 09:42:11 124 114 40 339 556 25 556 1 1 60</string>
    <string>2016-10-19 09:42:12 125 138 40 489 560 25 560 1 1 60</string>
    <string>2016-10-19 09:42:12 126 119 40 372 565 25 565 1 2 60</string>
    <string>2016-10-19 09:42:13 127 105 40 284 569 25 569 1 2 60</string>
    <string>2016-10-19 09:42:13 128 86 40 167 574 25 574 1 3 60</string>
    <string>2016-10-19 09:42:14 129 68 40 51 579 25 579 1 3 60</string>
    <string>2016-10-19 09:42:14 130 92 40 200 583 25 583 1 4 60</string>
    <string>2016-10-19 09:42:15 131 73 40 84 588 25 588 1 4 60</string>
    <string>2016-10-19 09:42:15 132 97 40 234 592 25 592 1 5 60</string>
    <string>2016-10-19 09:42:16 133 78 40 117 597 25 597 1 5 60</string>
    <string>2016-10-19 09:42:16 134 60 40 1 602 25 602 1 6 60</string>
    <string>2016-10-19 09:42:17 135 125 40 411 606 25 606 1 6 60</string>
    <string>2016-10-19 09:42:17 136 107 40 295 611 25 611 1 7 60</string>
    <string>2016-10-19 09:42:18 137 79 40 124 615 25 615 1 7 60</string>
    <string>2016-10-19 09:42:18 138 61 40 8 620 25 620 1 8 60</string>
    <string>2016-10-19 09:42:19 139 100 40 255 624 25 624 1 8 60</string>
    <string>2016-10-19 09:42:19 140 82 40 138 629 25 629 1 9 60</string>
    <string>2016-10-19 09:42:20 141 67 40 50 633 25 633 1 9 60</string>
    <string>2016-10-19 09:42:20 142 116 40 351 638 25 638 1 10 60</string>
    <string>2016-10-19 09:42:21 143 101 40 262 642 25 642 1 10 60</string>
    <string>2016-10-19 09:42:21 144 83 40 146 647 25 647 1 11 60</string>
    <string>2016-10-19 09:42:22 145 122 40 393 651 25 651 1 11 60</string>
    <string>2016-10-19 09:42:22 146 104 40 276 656 25 656 1 12 60</string>
    <string>2016-10-19 09:42:23 147 89 40 187 660 25 660 1 12 60</string>
    <string>2016-10-19 09:42:23 148 71 40 71 665 25 665 1 13 60</string>
    <string>2016-10-19 09:42:24 149 123 40 400 669 25 669 1 13 60</string>
    <string>2016-10-19 09:42:24 150 105 40 283 674 25 674 1 14 60</string>
    <string>2016-10-19 09:42:25 151 124 40 405 679 25 679 1 14 60</string>
    <string>2016-10-19 09:42:25 152 110 40 316 683 25 683 1 15 60</string>
    <string>2016-10-19 09:42:26 153 98 40 243 687 25 687 1 15 60</string>
    <string>2016-10-19 09:42:26 154 80 40 127 692 25 692 1 16 60</string>
    <string>2016-10-19 09:42:27 155 66 40 38 696 25 696 1 16 60</string>
    <string>2016-10-19 09:42:27 156 114 40 339 701 25 701 1 17 60</string>
    <string>2016-10-19 09:42:28 157 100 40 251 705 25 705 1 17 60</string>
    <string>2016-10-19 09:42:28 158 81 40 134 710 25 710 1 18 60</string>
    <string>2016-10-19 09:42:29 159 105 40 284 714 25 714 1 18 60</string>
    <string>2016-10-19 09:42:29 160 115 40 346 719 25 719 1 19 60</string>
    <string>2016-10-19 09:42:30 161 134 40 468 724 25 724 1 19 60</string>
    <string>2016-10-19 09:42:30 162 120 40 380 728 25 728 1 20 60</string>
    <string>2016-10-19 09:42:31 163 102 40 263 733 25 733 1 20 60</string>
    <string>2016-10-19 09:42:31 164 83 40 147 738 25 738 1 21 60</string>
    <string>2016-10-19 09:42:32 165 107 40 296 742 25 742 1 21 60</string>
    <string>2016-10-19 09:42:32 166 117 40 359 747 25 747 1 22 60</string>
    <string>2016-10-19 09:42:33 167 61 40 10 751 25 751 1 22 60</string>
    <string>2016-10-19 09:42:33 168 122 40 392 756 25 756 1 23 60</string>
    <string>2016-10-19 09:42:34 169 108 40 303 760 25 760 1 23 60</string>
    <string>2016-10-19 09:42:34 170 128 40 425 765 25 765 1 24 60</string>
    <string>2016-10-19 09:42:35 170 128 40 425 765 25 765 1 24 60</string>
    <string>2016-10-19 09:42:35 172 110 40 318 774 25 774 1 25 60</string>
    <string>2016-10-19 09:42:36 173 96 40 229 778 25 778 1 25 60</string>
    <string>2016-10-19 09:42:36 173 96 40 229 778 25 778 1 25 60</string>
    <string>2016-10-19 09:42:37 174 64 40 31 783 25 783 1 26 60</string>
    <string>2016-10-19 09:42:37 175 126 40 413 788 25 788 1 26 60</string>
    <string>2016-10-19 09:42:38 176 91 40 199 792 25 792 1 27 60</string>
    <string>2016-10-19 09:42:38 177 108 40 306 796 25 796 1 27 60</string>
    <string>2016-10-19 09:42:39 178 125 40 412 800 25 800 1 28 60</string>
    <string>2016-10-19 09:42:39 179 85 40 160 804 25 804 1 28 60</string>
    <string>2016-10-19 09:42:40 180 82 40 141 809 25 809 1 29 60</string>
    <string>2016-10-19 09:42:40 181 68 40 52 813 25 813 1 29 60</string>
    <string>2016-10-19 09:42:41 182 129 40 435 818 25 818 1 30 60</string>
    <string>2016-10-19 09:42:41 183 73 40 85 822 25 822 1 30 60</string>
    <string>2016-10-19 09:42:42 184 83 40 148 827 25 827 1 31 60</string>
    <string>2016-10-19 09:42:42 185 85 40 157 831 25 831 1 31 60</string>
    <string>2016-10-19 09:42:43 186 104 40 278 836 25 836 1 32 60</string>
    <string>2016-10-19 09:42:43 187 90 40 190 840 25 840 1 32 60</string>
    <string>2016-10-19 09:42:44 188 71 40 73 845 25 845 1 33 60</string>
    <string>2016-10-19 09:42:44 189 73 40 82 849 25 849 1 33 60</string>
    <string>2016-10-19 09:42:45 190 70 40 63 854 25 854 1 34 60</string>
    <string>2016-10-19 09:42:45 191 94 40 213 858 25 858 1 34 60</string>
    <string>2016-10-19 09:42:46 192 75 40 96 863 25 863 1 35 60</string>
    <string>2016-10-19 09:42:46 193 61 40 7 867 25 867 1 35 60</string>
    <string>2016-10-19 09:42:47 194 80 40 129 872 25 872 1 36 60</string>
    <string>2016-10-19 09:42:47 195 61 40 13 877 25 877 1 36 60</string>
    <string>2016-10-19 09:42:48 196 127 40 423 881 25 881 1 37 60</string>
    <string>2016-10-19 09:42:48 197 124 40 404 886 25 886 1 37 60</string>
    <string>2016-10-19 09:42:49 198 68 40 55 890 25 890 1 38 60</string>
    <string>2016-10-19 09:42:49 199 78 40 117 895 25 895 1 38 60</string>
    <string>2016-10-19 09:42:50 200 131 40 446 899 25 899 1 39 60</string>
    <string>2016-10-19 09:42:50 201 132 40 455 903 25 903 1 39 60</string>
    <string>2016-10-19 09:42:51 202 114 40 338 908 25 908 1 40 60</string>
    <string>2016-10-19 09:42:51 203 95 40 222 913 25 913 1 40 60</string>
    <string>2016-10-19 09:42:52 204 119 40 372 917 25 917 1 41 60</string>
    <string>2016-10-19 09:42:52 205 100 40 255 922 25 922 1 41 60</string>
    <string>2016-10-19 09:42:53 206 124 40 405 926 25 926 1 42 60</string>
    <string>2016-10-19 09:42:53 207 106 40 288 931 25 931 1 42 60</string>
    <string>2016-10-19 09:42:54 208 91 40 200 935 25 935 1 43 60</string>
    <string>2016-10-19 09:42:54 209 60 40 2 940 25 940 1 43 60</string>
    <string>2016-10-19 09:42:55 210 121 40 384 945 25 945 1 44 60</string>
    <string>2016-10-19 09:42:55 211 107 40 295 949 25 949 1 44 60</string>
    <string>2016-10-19 09:42:56 212 75 40 97 954 25 954 1 45 60</string>
    <string>2016-10-19 09:42:56 213 61 40 9 958 25 958 1 45 60</string>
    <string>2016-10-19 09:42:57 214 138 40 489 963 25 963 1 46 60</string>
    <string>2016-10-19 09:42:57 215 62 40 14 967 25 967 1 46 60</string>
    <string>2016-10-19 09:42:58 216 63 40 23 971 25 971 1 47 60</string>
    <string>2016-10-19 09:42:58 217 129 40 433 975 25 975 1 47 60</string>
    <string>2016-10-19 09:42:59 218 97 40 235 980 25 980 1 48 60</string>
    <string>2016-10-19 09:42:59 219 98 40 244 984 25 984 1 48 60</string>
    <string>2016-10-19 09:43:00 220 80 40 127 989 25 989 1 49 60</string>
    <string>2016-10-19 09:43:00 221 133 40 456 993 25 993 1 49 60</string>
    <string>2016-10-19 09:43:01 222 114 40 340 998 25 998 1 50 60</string>
    <string>2016-10-19 09:43:01 223 87 40 169 1002 25 1002 1 50 60</string>
    <string>2016-10-19 09:43:02 224 68 40 53 1007 25 1007 1 51 60</string>
    <string>2016-10-19 09:43:02 225 121 40 381 1011 25 1011 1 51 60</string>
    <string>2016-10-19 09:43:03 226 102 40 265 1016 25 1016 1 52 60</string>
    <string>2016-10-19 09:43:03 227 83 40 149 1021 25 1021 1 52 60</string>
    <string>2016-10-19 09:43:04 228 107 40 298 1025 25 1025 1 53 60</string>
    <string>2016-10-19 09:43:04 229 89 40 182 1030 25 1030 1 53 60</string>
    <string>2016-10-19 09:43:05 230 74 40 93 1034 25 1034 1 54 60</string>
    <string>2016-10-19 09:43:05 231 94 40 215 1039 25 1039 1 54 60</string>
    <string>2016-10-19 09:43:06 232 80 40 126 1043 25 1043 1 55 60</string>
    <string>2016-10-19 09:43:06 233 61 40 10 1048 25 1048 1 55 60</string>
    <string>2016-10-19 09:43:07 234 62 40 18 1052 25 1052 1 56 60</string>
    <string>2016-10-19 09:43:07 235 111 40 319 1057 25 1057 1 56 60</string>
  </Results>
</ServerData>