<?xml version="1.0"?>
<ServerData xmlns:xsi="http://www.w3.org/2001/XMLSchema-instance" xmlns:xsd="http://www.w3.org/2001/XMLSchema">
  <Name>fjewioafjeoi</Name>
  <Password>jfiewo</Password>
  <Doctor>false</Doctor>
  <Messages />
  <Results>
    <string>2016-10-18 12:28:22 1 10 40 2 0 25 0 0 0 60</string>
    <string>2016-10-18 12:28:23 2 95 40 19 4 25 4 0 0 60</string>
    <string>2016-10-18 12:28:23 3 76 40 10 9 25 9 0 0 60</string>
    <string>2016-10-18 12:28:24 4 114 40 27 13 25 13 0 1 60</string>
    <string>2016-10-18 12:28:24 5 95 40 19 18 25 18 0 1 60</string>
    <string>2016-10-18 12:28:25 6 76 40 10 23 25 23 0 2 60</string>
    <string>2016-10-18 12:28:25 7 100 40 21 27 25 27 0 2 60</string>
    <string>2016-10-18 12:28:26 8 82 40 13 32 25 32 0 3 60</string>
    <string>2016-10-18 12:28:26 9 67 40 6 36 25 36 0 3 60</string>
    <string>2016-10-18 12:28:27 10 87 40 15 41 25 41 0 4 60</string>
    <string>2016-10-18 12:28:27 11 73 40 9 45 25 45 0 4 60</string>
    <string>2016-10-18 12:28:28 12 134 40 37 50 25 50 0 5 60</string>
    <string>2016-10-18 12:28:28 13 115 40 28 55 25 55 0 5 60</string>
    <string>2016-10-18 12:28:29 14 139 40 39 59 25 59 0 6 60</string>
    <string>2016-10-18 12:28:29 15 121 40 31 64 25 64 0 6 60</string>
    <string>2016-10-18 12:28:30 16 106 40 24 68 25 68 0 7 60</string>
    <string>2016-10-18 12:28:30 17 126 40 33 73 25 73 0 7 60</string>
    <string>2016-10-18 12:28:31 18 107 40 25 78 25 78 0 8 60</string>
    <string>2016-10-18 12:28:31 19 93 40 18 82 25 82 0 8 60</string>
    <string>2016-10-18 12:28:32 20 74 40 9 87 25 87 0 9 60</string>
    <string>2016-10-18 12:28:32 21 98 40 20 91 25 91 0 9 60</string>
    <string>2016-10-18 12:28:33 22 80 40 12 96 25 96 0 10 60</string>
    <string>2016-10-18 12:28:33 23 65 40 5 100 25 100 0 10 60</string>
    <string>2016-10-18 12:28:34 24 85 40 14 105 25 105 0 11 60</string>
    <string>2016-10-18 12:28:34 25 66 40 6 110 25 110 0 11 60</string>
    <string>2016-10-18 12:28:35 26 132 40 36 114 25 114 0 12 60</string>
    <string>2016-10-18 12:28:35 27 113 40 27 119 25 119 0 12 60</string>
    <string>2016-10-18 12:28:36 28 137 40 39 123 25 123 0 13 60</string>
    <string>2016-10-18 12:28:36 29 119 40 30 128 25 128 0 13 60</string>
    <string>2016-10-18 12:28:37 30 105 40 23 132 25 132 0 14 60</string>
    <string>2016-10-18 12:28:37 31 124 40 32 137 25 137 0 14 60</string>
    <string>2016-10-18 12:28:38 32 105 40 24 142 25 142 0 15 60</string>
    <string>2016-10-18 12:28:38 33 78 40 11 146 25 146 0 15 60</string>
    <string>2016-10-18 12:28:39 34 139 40 39 151 25 151 0 16 60</string>
    <string>2016-10-18 12:28:39 35 125 40 33 155 25 155 0 16 60</string>
    <string>2016-10-18 12:28:40 36 107 40 24 160 25 160 0 17 60</string>
    <string>2016-10-18 12:28:40 37 131 40 35 164 25 164 0 17 60</string>
    <string>2016-10-18 12:28:41 38 112 40 27 169 25 169 0 18 60</string>
    <string>2016-10-18 12:28:41 39 98 40 20 173 25 173 0 18 60</string>
    <string>2016-10-18 12:28:42 40 117 40 29 178 25 178 0 19 60</string>
    <string>2016-10-18 12:28:42 41 99 40 21 183 25 183 0 19 60</string>
    <string>2016-10-18 12:28:43 42 84 40 14 187 25 187 0 20 60</string>
    <string>2016-10-18 12:28:43 43 66 40 5 192 25 192 0 20 60</string>
    <string>2016-10-18 12:28:44 44 90 40 16 196 25 196 0 21 60</string>
    <string>2016-10-18 12:28:44 45 71 40 8 201 25 201 0 21 60</string>
    <string>2016-10-18 12:28:45 46 137 40 38 205 25 205 0 22 60</string>
    <string>2016-10-18 12:28:45 47 76 40 10 210 25 210 0 22 60</string>
    <string>2016-10-18 12:28:46 48 138 40 39 215 25 215 0 23 60</string>
    <string>2016-10-18 12:28:46 49 123 40 32 219 25 219 0 23 60</string>
    <string>2016-10-18 12:28:47 50 105 40 23 224 25 224 0 24 60</string>
    <string>2016-10-18 12:28:47 51 129 40 35 228 25 228 0 24 60</string>
    <string>2016-10-18 12:28:48 52 110 40 26 233 25 233 0 25 60</string>
    <string>2016-10-18 12:28:48 53 96 40 19 237 25 237 0 25 60</string>
    <string>2016-10-18 12:28:49 54 115 40 28 242 25 242 0 26 60</string>
    <string>2016-10-18 12:28:49 55 97 40 20 247 25 247 0 26 60</string>
  </Results>
</ServerData>