<?xml version="1.0"?>
<ServerData xmlns:xsi="http://www.w3.org/2001/XMLSchema-instance" xmlns:xsd="http://www.w3.org/2001/XMLSchema">
  <Name>fjewiojfaoiwa</Name>
  <Password>fjewio</Password>
  <Doctor>false</Doctor>
  <Messages />
  <Results>
    <string>2016-10-12 01:33:04 2 137 40 38 4 25 4 0 0 60</string>
    <string>2016-10-12 01:33:05 2 137 40 38 4 25 4 0 0 60</string>
    <string>2016-10-12 01:33:05 3 77 40 10 9 25 9 0 0 60</string>
    <string>2016-10-12 01:33:06 4 63 40 4 13 25 13 0 1 60</string>
    <string>2016-10-12 01:33:06 5 111 40 26 18 25 18 0 2 60</string>
    <string>2016-10-12 01:33:07 6 97 40 20 22 25 22 0 2 60</string>
    <string>2016-10-12 01:33:07 7 78 40 11 27 25 27 0 2 60</string>
    <string>2016-10-12 01:33:08 8 102 40 22 31 25 31 0 3 60</string>
    <string>2016-10-12 01:33:08 9 83 40 13 36 25 36 0 3 60</string>
    <string>2016-10-12 01:33:09 10 65 40 5 41 25 41 0 4 60</string>
    <string>2016-10-12 01:33:09 11 133 40 36 45 25 45 0 4 60</string>
    <string>2016-10-12 01:33:10 12 67 40 6 49 25 49 0 5 60</string>
    <string>2016-10-12 01:33:10 13 87 40 15 54 25 54 0 5 60</string>
    <string>2016-10-12 01:33:11 14 73 40 9 58 25 58 0 6 60</string>
    <string>2016-10-12 01:33:11 15 134 40 37 63 25 63 0 6 60</string>
    <string>2016-10-12 01:33:12 16 115 40 28 68 25 68 0 7 60</string>
    <string>2016-10-12 01:33:12 17 139 40 39 72 25 72 0 7 60</string>
    <string>2016-10-12 01:33:13 18 121 40 31 77 25 77 0 8 60</string>
    <string>2016-10-12 01:33:13 19 106 40 24 81 25 81 0 8 60</string>
    <string>2016-10-12 01:33:14 20 126 40 33 86 25 86 0 9 60</string>
    <string>2016-10-12 01:33:14 21 112 40 27 90 25 90 0 9 60</string>
    <string>2016-10-12 01:33:15 22 109 40 25 95 25 95 0 10 60</string>
    <string>2016-10-12 01:33:15 23 95 40 19 99 25 99 0 10 60</string>
    <string>2016-10-12 01:33:16 24 114 40 28 104 25 104 0 11 60</string>
    <string>2016-10-12 01:33:16 25 100 40 21 108 25 108 0 11 60</string>
    <string>2016-10-12 01:33:17 26 68 40 6 113 25 113 0 12 60</string>
    <string>2016-10-12 01:33:17 27 83 40 13 117 25 117 0 12 60</string>
    <string>2016-10-12 01:33:18 28 102 40 22 122 25 122 0 13 60</string>
    <string>2016-10-12 01:33:18 29 88 40 16 126 25 126 0 13 60</string>
    <string>2016-10-12 01:33:19 30 136 40 38 131 25 131 0 14 60</string>
    <string>2016-10-12 01:33:19 31 117 40 29 136 25 136 0 14 60</string>
    <string>2016-10-12 01:33:20 32 103 40 23 140 25 140 0 15 60</string>
    <string>2016-10-12 01:33:20 33 85 40 14 145 25 145 0 15 60</string>
    <string>2016-10-12 01:33:21 34 109 40 25 149 25 149 0 16 60</string>
    <string>2016-10-12 01:33:21 35 90 40 17 154 25 154 0 16 60</string>
    <string>2016-10-12 01:33:22 36 76 40 10 158 25 158 0 17 60</string>
    <string>2016-10-12 01:33:22 37 95 40 19 163 25 163 0 17 60</string>
  </Results>
</ServerData>