<?xml version="1.0"?>
<ServerData xmlns:xsi="http://www.w3.org/2001/XMLSchema-instance" xmlns:xsd="http://www.w3.org/2001/XMLSchema">
  <Name>fjieowjfoiewaj</Name>
  <Password>fjie``</Password>
  <Doctor>false</Doctor>
  <Messages />
  <Results>
    <string>2016-10-18 10:05:24 1 10 40 2 0 25 0 0 0 60</string>
    <string>2016-10-18 10:05:24 2 95 40 19 4 25 4 0 0 60</string>
    <string>2016-10-18 10:05:25 3 76 40 10 9 25 9 0 1 60</string>
    <string>2016-10-18 10:05:25 4 100 40 21 13 25 13 0 1 60</string>
    <string>2016-10-18 10:05:26 5 81 40 13 18 25 18 0 2 60</string>
    <string>2016-10-18 10:05:26 6 67 40 6 22 25 22 0 2 60</string>
    <string>2016-10-18 10:05:27 7 129 40 34 27 25 27 0 3 60</string>
    <string>2016-10-18 10:05:27 8 110 40 26 32 25 32 0 3 60</string>
    <string>2016-10-18 10:05:28 9 134 40 37 36 25 36 0 3 60</string>
    <string>2016-10-18 10:05:28 10 115 40 28 41 25 41 0 4 60</string>
    <string>2016-10-18 10:05:29 11 139 40 39 45 25 45 0 5 60</string>
    <string>2016-10-18 10:05:29 12 121 40 31 50 25 50 0 5 60</string>
    <string>2016-10-18 10:05:30 13 106 40 24 54 25 54 0 5 60</string>
    <string>2016-10-18 10:05:30 14 88 40 16 59 25 59 0 6 60</string>
    <string>2016-10-18 10:05:31 15 69 40 7 64 25 64 0 6 60</string>
    <string>2016-10-18 10:05:31 16 93 40 18 68 25 68 0 7 60</string>
    <string>2016-10-18 10:05:32 17 74 40 9 73 25 73 0 7 60</string>
    <string>2016-10-18 10:05:32 18 98 40 20 77 25 77 0 8 60</string>
    <string>2016-10-18 10:05:33 19 80 40 12 82 25 82 0 8 60</string>
    <string>2016-10-18 10:05:33 20 65 40 5 86 25 86 0 9 60</string>
    <string>2016-10-18 10:05:34 21 127 40 34 91 25 91 0 9 60</string>
    <string>2016-10-18 10:05:34 22 108 40 25 96 25 96 0 10 60</string>
    <string>2016-10-18 10:05:35 23 132 40 36 100 25 100 0 10 60</string>
    <string>2016-10-18 10:05:35 24 113 40 27 105 25 105 0 11 60</string>
    <string>2016-10-18 10:05:36 25 137 40 39 109 25 109 0 11 60</string>
    <string>2016-10-18 10:05:36 26 119 40 30 114 25 114 0 12 60</string>
    <string>2016-10-18 10:05:37 27 100 40 21 119 25 119 0 12 60</string>
    <string>2016-10-18 10:05:37 28 86 40 15 123 25 123 0 13 60</string>
    <string>2016-10-18 10:05:38 29 67 40 6 128 25 128 0 13 60</string>
    <string>2016-10-18 10:05:38 30 91 40 17 132 25 132 0 14 60</string>
    <string>2016-10-18 10:05:39 31 101 40 22 137 25 137 0 14 60</string>
    <string>2016-10-18 10:05:39 32 125 40 33 141 25 141 0 15 60</string>
    <string>2016-10-18 10:05:40 33 107 40 24 146 25 146 0 15 60</string>
    <string>2016-10-18 10:05:41 35 112 40 27 155 25 155 0 16 60</string>
    <string>2016-10-18 10:05:41 35 112 40 27 155 25 155 0 16 60</string>
    <string>2016-10-18 10:05:41 36 93 40 18 160 25 160 0 17 60</string>
    <string>2016-10-18 10:05:42 37 79 40 11 164 25 164 0 17 60</string>
    <string>2016-10-18 10:05:42 38 60 40 3 169 25 169 0 18 60</string>
    <string>2016-10-18 10:05:43 39 84 40 14 173 25 173 0 18 60</string>
    <string>2016-10-18 10:05:43 40 66 40 5 178 25 178 0 19 60</string>
    <string>2016-10-18 10:05:44 41 90 40 16 182 25 182 0 19 60</string>
    <string>2016-10-18 10:05:44 42 71 40 8 187 25 187 0 20 60</string>
    <string>2016-10-18 10:05:45 43 132 40 36 192 25 192 0 20 60</string>
    <string>2016-10-18 10:05:45 44 118 40 30 196 25 196 0 21 60</string>
    <string>2016-10-18 10:05:46 45 99 40 21 201 25 201 0 21 60</string>
    <string>2016-10-18 10:05:46 46 123 40 32 205 25 205 0 22 60</string>
    <string>2016-10-18 10:05:47 47 105 40 23 210 25 210 0 22 60</string>
    <string>2016-10-18 10:05:47 48 129 40 34 214 25 214 0 23 60</string>
    <string>2016-10-18 10:05:48 49 110 40 26 219 25 219 0 23 60</string>
    <string>2016-10-18 10:05:48 50 91 40 17 224 25 224 0 24 60</string>
    <string>2016-10-18 10:05:49 51 77 40 11 228 25 228 0 24 60</string>
    <string>2016-10-18 10:05:49 52 138 40 39 233 25 233 0 25 60</string>
    <string>2016-10-18 10:05:50 53 82 40 13 237 25 237 0 25 60</string>
    <string>2016-10-18 10:05:50 54 64 40 4 242 25 242 0 26 60</string>
    <string>2016-10-18 10:05:51 55 88 40 16 246 25 246 0 26 60</string>
    <string>2016-10-18 10:05:51 56 69 40 7 251 25 251 0 27 60</string>
    <string>2016-10-18 10:05:52 57 130 40 35 256 25 256 0 27 60</string>
    <string>2016-10-18 10:05:53 59 98 40 20 265 25 265 0 28 60</string>
    <string>2016-10-18 10:05:53 59 98 40 20 265 25 265 0 28 60</string>
    <string>2016-10-18 10:05:53 60 122 40 31 269 25 269 0 29 60</string>
    <string>2016-10-18 10:05:54 61 103 40 23 274 25 274 0 29 60</string>
    <string>2016-10-18 10:05:54 62 84 40 14 279 25 279 0 30 60</string>
    <string>2016-10-18 10:05:55 63 108 40 25 283 25 283 0 30 60</string>
    <string>2016-10-18 10:05:55 64 90 40 16 288 25 288 0 31 60</string>
    <string>2016-10-18 10:05:56 66 137 40 38 297 25 297 0 32 60</string>
    <string>2016-10-18 10:05:56 66 137 40 38 297 25 297 0 32 60</string>
    <string>2016-10-18 10:05:57 67 81 40 12 301 25 301 0 32 60</string>
    <string>2016-10-18 10:05:57 68 62 40 4 306 25 306 0 33 60</string>
    <string>2016-10-18 10:05:58 69 123 40 32 311 25 311 0 33 60</string>
    <string>2016-10-18 10:05:58 70 67 40 6 315 25 315 0 34 60</string>
    <string>2016-10-18 10:05:59 71 129 40 34 320 25 320 0 34 60</string>
    <string>2016-10-18 10:05:59 72 114 40 28 324 25 324 0 35 60</string>
    <string>2016-10-18 10:06:00 73 96 40 19 329 25 329 0 35 60</string>
    <string>2016-10-18 10:06:00 74 120 40 30 333 25 333 0 36 60</string>
    <string>2016-10-18 10:06:01 75 101 40 22 338 25 338 0 36 60</string>
    <string>2016-10-18 10:06:01 76 82 40 13 343 25 343 0 37 60</string>
    <string>2016-10-18 10:06:02 77 106 40 24 347 25 347 0 37 60</string>
    <string>2016-10-18 10:06:02 78 88 40 16 352 25 352 0 38 60</string>
    <string>2016-10-18 10:06:03 79 73 40 9 356 25 356 0 38 60</string>
    <string>2016-10-18 10:06:03 80 135 40 37 361 25 361 0 39 60</string>
    <string>2016-10-18 10:06:04 81 79 40 11 365 25 365 0 39 60</string>
    <string>2016-10-18 10:06:04 82 60 40 3 370 25 370 0 40 60</string>
    <string>2016-10-18 10:06:05 83 121 40 31 375 25 375 0 40 60</string>
    <string>2016-10-18 10:06:05 84 65 40 5 379 25 379 0 41 60</string>
    <string>2016-10-18 10:06:06 85 127 40 34 384 25 384 0 41 60</string>
    <string>2016-10-18 10:06:06 86 113 40 27 388 25 388 0 42 60</string>
    <string>2016-10-18 10:06:07 87 94 40 18 393 25 393 0 42 60</string>
    <string>2016-10-18 10:06:07 88 118 40 30 397 25 397 0 43 60</string>
    <string>2016-10-18 10:06:08 89 99 40 21 402 25 402 0 43 60</string>
    <string>2016-10-18 10:06:08 90 81 40 12 407 25 407 0 44 60</string>
    <string>2016-10-18 10:06:09 91 105 40 23 411 25 411 0 44 60</string>
    <string>2016-10-18 10:06:09 92 86 40 15 416 25 416 0 45 60</string>
    <string>2016-10-18 10:06:10 93 72 40 8 420 25 420 0 45 60</string>
    <string>2016-10-18 10:06:10 94 133 40 36 425 25 425 0 46 60</string>
    <string>2016-10-18 10:06:11 95 77 40 11 429 25 429 0 46 60</string>
    <string>2016-10-18 10:06:11 96 138 40 39 434 25 434 0 47 60</string>
    <string>2016-10-18 10:06:12 97 120 40 30 439 25 439 0 47 60</string>
    <string>2016-10-18 10:06:12 98 64 40 4 443 25 443 0 48 60</string>
    <string>2016-10-18 10:06:13 99 125 40 33 448 25 448 0 48 60</string>
    <string>2016-10-18 10:06:13 100 111 40 26 452 25 452 0 49 60</string>
    <string>2016-10-18 10:06:14 101 92 40 18 457 25 457 0 49 60</string>
    <string>2016-10-18 10:06:14 102 116 40 29 461 25 461 0 50 60</string>
    <string>2016-10-18 10:06:15 103 97 40 20 466 25 466 0 50 60</string>
    <string>2016-10-18 10:06:15 104 79 40 11 471 25 471 0 51 60</string>
    <string>2016-10-18 10:06:16 105 103 40 22 475 25 475 0 51 60</string>
    <string>2016-10-18 10:06:16 106 84 40 14 480 25 480 0 52 60</string>
    <string>2016-10-18 10:06:17 107 70 40 7 484 25 484 0 52 60</string>
    <string>2016-10-18 10:06:17 108 131 40 36 489 25 489 0 53 60</string>
    <string>2016-10-18 10:06:18 109 71 40 8 494 25 494 0 53 60</string>
    <string>2016-10-18 10:06:18 110 136 40 38 498 25 498 0 54 60</string>
    <string>2016-10-18 10:06:19 111 118 40 29 503 25 503 0 54 60</string>
    <string>2016-10-18 10:06:19 112 62 40 4 507 25 507 0 55 60</string>
    <string>2016-10-18 10:06:20 113 123 40 32 512 25 512 0 55 60</string>
    <string>2016-10-18 10:06:20 114 109 40 25 516 25 516 0 56 60</string>
    <string>2016-10-18 10:06:21 115 90 40 17 521 25 521 0 56 60</string>
    <string>2016-10-18 10:06:21 116 110 40 26 526 25 526 0 57 60</string>
    <string>2016-10-18 10:06:22 117 96 40 19 530 25 530 0 57 60</string>
    <string>2016-10-18 10:06:22 118 77 40 11 535 25 535 0 58 60</string>
    <string>2016-10-18 10:06:23 119 101 40 22 539 25 539 0 58 60</string>
    <string>2016-10-18 10:06:23 120 82 40 13 544 25 544 0 59 60</string>
    <string>2016-10-18 10:06:24 121 68 40 6 548 25 548 0 59 60</string>
    <string>2016-10-18 10:06:24 122 129 40 35 553 25 553 1 0 60</string>
    <string>2016-10-18 10:06:25 123 69 40 7 558 25 558 1 0 60</string>
    <string>2016-10-18 10:06:25 124 135 40 37 562 25 562 1 1 60</string>
    <string>2016-10-18 10:06:26 125 116 40 29 567 25 567 1 1 60</string>
    <string>2016-10-18 10:06:26 126 60 40 3 571 25 571 1 2 60</string>
    <string>2016-10-18 10:06:27 127 121 40 31 576 25 576 1 2 60</string>
    <string>2016-10-18 10:06:27 128 107 40 25 580 25 580 1 3 60</string>
    <string>2016-10-18 10:06:28 129 88 40 16 585 25 585 1 3 60</string>
    <string>2016-10-18 10:06:28 130 108 40 25 590 25 590 1 4 60</string>
    <string>2016-10-18 10:06:29 131 94 40 18 594 25 594 1 4 60</string>
    <string>2016-10-18 10:06:29 132 75 40 10 599 25 599 1 5 60</string>
    <string>2016-10-18 10:06:30 133 99 40 21 603 25 603 1 5 60</string>
    <string>2016-10-18 10:06:30 134 80 40 12 608 25 608 1 6 60</string>
    <string>2016-10-18 10:06:31 135 66 40 6 612 25 612 1 6 60</string>
    <string>2016-10-18 10:06:31 136 128 40 34 617 25 617 1 7 60</string>
    <string>2016-10-18 10:06:32 137 67 40 6 622 25 622 1 7 60</string>
    <string>2016-10-18 10:06:32 138 133 40 36 626 25 626 1 8 60</string>
    <string>2016-10-18 10:06:33 139 114 40 28 631 25 631 1 8 60</string>
    <string>2016-10-18 10:06:33 140 138 40 39 635 25 635 1 9 60</string>
    <string>2016-10-18 10:06:34 141 119 40 30 640 25 640 1 9 60</string>
    <string>2016-10-18 10:06:34 142 105 40 24 644 25 644 1 10 60</string>
    <string>2016-10-18 10:06:35 143 87 40 15 649 25 649 1 10 60</string>
    <string>2016-10-18 10:06:35 144 106 40 24 654 25 654 1 11 60</string>
    <string>2016-10-18 10:06:36 145 92 40 17 658 25 658 1 11 60</string>
    <string>2016-10-18 10:06:36 146 73 40 9 663 25 663 1 12 60</string>
    <string>2016-10-18 10:06:37 147 97 40 20 667 25 667 1 12 60</string>
    <string>2016-10-18 10:06:37 148 79 40 11 672 25 672 1 13 60</string>
    <string>2016-10-18 10:06:38 149 64 40 5 676 25 676 1 13 60</string>
    <string>2016-10-18 10:06:38 150 126 40 33 681 25 681 1 14 60</string>
    <string>2016-10-18 10:06:39 151 65 40 5 686 25 686 1 14 60</string>
    <string>2016-10-18 10:06:39 152 131 40 36 690 25 690 1 15 60</string>
    <string>2016-10-18 10:06:40 153 112 40 27 695 25 695 1 15 60</string>
    <string>2016-10-18 10:06:40 154 136 40 38 699 25 699 1 16 60</string>
    <string>2016-10-18 10:06:41 155 118 40 29 704 25 704 1 16 60</string>
    <string>2016-10-18 10:06:41 156 99 40 21 709 25 709 1 17 60</string>
    <string>2016-10-18 10:06:42 157 85 40 14 713 25 713 1 17 60</string>
    <string>2016-10-18 10:06:42 158 104 40 23 718 25 718 1 18 60</string>
    <string>2016-10-18 10:06:43 159 90 40 17 722 25 722 1 18 60</string>
    <string>2016-10-18 10:06:43 160 71 40 8 727 25 727 1 19 60</string>
    <string>2016-10-18 10:06:44 161 95 40 19 731 25 731 1 19 60</string>
    <string>2016-10-18 10:06:44 162 77 40 10 736 25 736 1 20 60</string>
    <string>2016-10-18 10:06:45 163 138 40 39 741 25 741 1 20 60</string>
    <string>2016-10-18 10:06:45 164 124 40 32 745 25 745 1 21 60</string>
    <string>2016-10-18 10:06:46 165 63 40 4 750 25 750 1 21 60</string>
    <string>2016-10-18 10:06:46 166 129 40 35 754 25 754 1 22 60</string>
    <string>2016-10-18 10:06:47 167 111 40 26 759 25 759 1 22 60</string>
    <string>2016-10-18 10:06:47 168 135 40 37 763 25 763 1 23 60</string>
    <string>2016-10-18 10:06:48 169 116 40 29 768 25 768 1 23 60</string>
    <string>2016-10-18 10:06:48 170 97 40 20 773 25 773 1 24 60</string>
    <string>2016-10-18 10:06:49 171 83 40 13 777 25 777 1 24 60</string>
    <string>2016-10-18 10:06:49 172 102 40 22 782 25 782 1 25 60</string>
    <string>2016-10-18 10:06:50 173 88 40 16 786 25 786 1 25 60</string>
    <string>2016-10-18 10:06:50 174 70 40 7 791 25 791 1 26 60</string>
    <string>2016-10-18 10:06:51 175 94 40 18 795 25 795 1 26 60</string>
    <string>2016-10-18 10:06:51 176 75 40 10 800 25 800 1 27 60</string>
    <string>2016-10-18 10:06:52 177 136 40 38 805 25 805 1 27 60</string>
    <string>2016-10-18 10:06:52 178 122 40 31 809 25 809 1 28 60</string>
    <string>2016-10-18 10:06:53 179 62 40 3 814 25 814 1 28 60</string>
    <string>2016-10-18 10:06:53 180 127 40 34 818 25 818 1 29 60</string>
    <string>2016-10-18 10:06:54 181 109 40 25 823 25 823 1 29 60</string>
    <string>2016-10-18 10:06:54 182 133 40 36 827 25 827 1 30 60</string>
    <string>2016-10-18 10:06:55 183 114 40 28 832 25 832 1 30 60</string>
    <string>2016-10-18 10:06:55 184 95 40 19 837 25 837 1 31 60</string>
    <string>2016-10-18 10:06:56 185 81 40 13 841 25 841 1 31 60</string>
    <string>2016-10-18 10:06:56 186 101 40 22 846 25 846 1 32 60</string>
    <string>2016-10-18 10:06:57 187 86 40 15 850 25 850 1 32 60</string>
    <string>2016-10-18 10:06:57 188 68 40 6 855 25 855 1 33 60</string>
    <string>2016-10-18 10:06:58 189 92 40 17 859 25 859 1 33 60</string>
    <string>2016-10-18 10:06:58 190 73 40 9 864 25 864 1 34 60</string>
    <string>2016-10-18 10:06:59 191 134 40 37 869 25 869 1 34 60</string>
    <string>2016-10-18 10:06:59 192 120 40 31 873 25 873 1 35 60</string>
    <string>2016-10-18 10:07:00 193 60 40 3 878 25 878 1 35 60</string>
    <string>2016-10-18 10:07:00 194 126 40 33 882 25 882 1 36 60</string>
    <string>2016-10-18 10:07:01 195 107 40 24 887 25 887 1 36 60</string>
    <string>2016-10-18 10:07:01 196 131 40 36 891 25 891 1 37 60</string>
    <string>2016-10-18 10:07:02 197 112 40 27 896 25 896 1 37 60</string>
    <string>2016-10-18 10:07:02 198 94 40 18 901 25 901 1 38 60</string>
    <string>2016-10-18 10:07:03 199 79 40 12 905 25 905 1 38 60</string>
    <string>2016-10-18 10:07:03 200 99 40 21 910 25 910 1 39 60</string>
    <string>2016-10-18 10:07:04 201 85 40 14 914 25 914 1 39 60</string>
    <string>2016-10-18 10:07:04 202 66 40 5 919 25 919 1 40 60</string>
    <string>2016-10-18 10:07:05 203 127 40 34 924 25 924 1 40 60</string>
    <string>2016-10-18 10:07:05 204 71 40 8 928 25 928 1 41 60</string>
    <string>2016-10-18 10:07:06 205 133 40 36 933 25 933 1 41 60</string>
    <string>2016-10-18 10:07:06 206 118 40 30 937 25 937 1 42 60</string>
    <string>2016-10-18 10:07:07 207 138 40 39 942 25 942 1 42 60</string>
    <string>2016-10-18 10:07:07 208 124 40 32 946 25 946 1 43 60</string>
    <string>2016-10-18 10:07:08 209 105 40 24 951 25 951 1 43 60</string>
    <string>2016-10-18 10:07:08 210 86 40 15 956 25 956 1 44 60</string>
    <string>2016-10-18 10:07:09 211 110 40 26 960 25 960 1 44 60</string>
    <string>2016-10-18 10:07:09 212 92 40 17 965 25 965 1 44 60</string>
    <string>2016-10-18 10:07:10 213 77 40 11 969 25 969 1 45 60</string>
    <string>2016-10-18 10:07:10 214 97 40 20 974 25 974 1 45 60</string>
    <string>2016-10-18 10:07:11 215 83 40 13 978 25 978 1 46 60</string>
    <string>2016-10-18 10:07:11 216 64 40 5 983 25 983 1 46 60</string>
    <string>2016-10-18 10:07:12 217 125 40 33 988 25 988 1 47 60</string>
  </Results>
</ServerData>