<?xml version="1.0"?>
<ServerData xmlns:xsi="http://www.w3.org/2001/XMLSchema-instance" xmlns:xsd="http://www.w3.org/2001/XMLSchema">
  <Name>fjiwofjoiw</Name>
  <Password>jif</Password>
  <Doctor>false</Doctor>
  <Messages />
  <Results>
    <string>2016-10-24 01:31:07 1 10 40 2 0 25 0 0 0 60</string>
    <string>2016-10-24 01:31:07 2 112 40 325 4 25 4 0 0 60</string>
    <string>2016-10-24 01:31:08 3 136 40 475 8 25 8 0 0 60</string>
    <string>2016-10-24 01:31:08 4 117 40 358 13 25 13 0 1 60</string>
    <string>2016-10-24 01:31:09 5 98 40 242 18 25 18 0 1 60</string>
    <string>2016-10-24 01:31:09 6 84 40 153 22 25 22 0 2 60</string>
    <string>2016-10-24 01:31:10 7 65 40 37 27 25 27 0 2 60</string>
    <string>2016-10-24 01:31:10 8 89 40 186 31 25 31 0 3 60</string>
    <string>2016-10-24 01:31:11 9 71 40 70 36 25 36 0 3 60</string>
    <string>2016-10-24 01:31:11 10 95 40 220 40 25 40 0 4 60</string>
    <string>2016-10-24 01:31:12 11 76 40 103 45 25 45 0 4 60</string>
    <string>2016-10-24 01:31:12 12 137 40 486 50 25 50 0 5 60</string>
    <string>2016-10-24 01:31:13 13 123 40 397 54 25 54 0 5 60</string>
    <string>2016-10-24 01:31:13 14 104 40 281 59 25 59 0 6 60</string>
    <string>2016-10-24 01:31:14 15 128 40 430 63 25 63 0 6 60</string>
    <string>2016-10-24 01:31:14 16 110 40 314 68 25 68 0 7 60</string>
    <string>2016-10-24 01:31:15 17 91 40 197 73 25 73 0 7 60</string>
    <string>2016-10-24 01:31:15 18 115 40 347 77 25 77 0 8 60</string>
    <string>2016-10-24 01:31:16 19 96 40 231 82 25 82 0 8 60</string>
    <string>2016-10-24 01:31:16 20 82 40 142 86 25 86 0 9 60</string>
    <string>2016-10-24 01:31:17 21 63 40 25 91 25 91 0 9 60</string>
    <string>2016-10-24 01:31:17 22 87 40 175 95 25 95 0 10 60</string>
    <string>2016-10-24 01:31:18 23 69 40 59 100 25 100 0 10 60</string>
    <string>2016-10-24 01:31:18 24 130 40 441 105 25 105 0 11 60</string>
    <string>2016-10-24 01:31:19 25 74 40 92 109 25 109 0 11 60</string>
    <string>2016-10-24 01:31:19 26 135 40 474 114 25 114 0 12 60</string>
    <string>2016-10-24 01:31:20 27 121 40 386 118 25 118 0 12 60</string>
    <string>2016-10-24 01:31:20 28 103 40 269 123 25 123 0 13 60</string>
    <string>2016-10-24 01:31:21 29 127 40 419 127 25 127 0 13 60</string>
    <string>2016-10-24 01:31:21 30 108 40 302 132 25 132 0 14 60</string>
    <string>2016-10-24 01:31:22 31 89 40 186 137 25 137 0 14 60</string>
    <string>2016-10-24 01:31:22 32 113 40 336 141 25 141 0 15 60</string>
    <string>2016-10-24 01:31:23 33 95 40 219 146 25 146 0 15 60</string>
    <string>2016-10-24 01:31:24 34 80 40 130 150 25 150 0 16 60</string>
    <string>2016-10-24 01:31:24 35 62 40 14 155 25 155 0 16 60</string>
    <string>2016-10-24 01:31:24 36 86 40 164 159 25 159 0 17 60</string>
    <string>2016-10-24 01:31:25 37 67 40 47 164 25 164 0 17 60</string>
    <string>2016-10-24 01:31:25 38 128 40 430 169 25 169 0 18 60</string>
    <string>2016-10-24 01:31:26 39 72 40 80 173 25 173 0 18 60</string>
    <string>2016-10-24 01:31:27 40 134 40 463 178 25 178 0 19 60</string>
    <string>2016-10-24 01:31:27 41 119 40 374 182 25 182 0 19 60</string>
    <string>2016-10-24 01:31:27 42 101 40 258 187 25 187 0 20 60</string>
    <string>2016-10-24 01:31:28 43 125 40 407 191 25 191 0 20 60</string>
    <string>2016-10-24 01:31:28 44 106 40 291 196 25 196 0 21 60</string>
    <string>2016-10-24 01:31:29 45 87 40 175 201 25 201 0 21 60</string>
    <string>2016-10-24 01:31:29 46 111 40 324 205 25 205 0 22 60</string>
    <string>2016-10-24 01:31:30 47 93 40 208 210 25 210 0 22 60</string>
    <string>2016-10-24 01:31:30 48 79 40 119 214 25 214 0 23 60</string>
    <string>2016-10-24 01:31:31 49 60 40 3 219 25 219 0 23 60</string>
    <string>2016-10-24 01:31:31 50 79 40 125 224 25 224 0 24 60</string>
    <string>2016-10-24 01:31:32 51 65 40 36 228 25 228 0 24 60</string>
    <string>2016-10-24 01:31:32 52 126 40 418 233 25 233 0 25 60</string>
    <string>2016-10-24 01:31:33 53 70 40 69 237 25 237 0 25 60</string>
    <string>2016-10-24 01:31:33 54 132 40 452 242 25 242 0 26 60</string>
    <string>2016-10-24 01:31:34 55 118 40 363 246 25 246 0 26 60</string>
    <string>2016-10-24 01:31:34 56 99 40 246 251 25 251 0 27 60</string>
    <string>2016-10-24 01:31:35 57 118 40 368 256 25 256 0 27 60</string>
    <string>2016-10-24 01:31:35 58 104 40 280 260 25 260 0 28 60</string>
    <string>2016-10-24 01:31:36 59 86 40 163 265 25 265 0 28 60</string>
    <string>2016-10-24 01:31:36 60 110 40 313 269 25 269 0 29 60</string>
    <string>2016-10-24 01:31:37 61 91 40 196 274 25 274 0 29 60</string>
    <string>2016-10-24 01:31:37 62 77 40 108 278 25 278 0 30 60</string>
    <string>2016-10-24 01:31:38 63 138 40 490 283 25 283 0 30 60</string>
    <string>2016-10-24 01:31:39 64 78 40 113 288 25 288 0 31 60</string>
    <string>2016-10-24 01:31:39 65 63 40 24 292 25 292 0 31 60</string>
    <string>2016-10-24 01:31:39 66 125 40 407 297 25 297 0 32 60</string>
    <string>2016-10-24 01:31:40 67 69 40 58 301 25 301 0 32 60</string>
    <string>2016-10-24 01:31:40 68 130 40 440 306 25 306 0 33 60</string>
    <string>2016-10-24 01:31:41 69 116 40 352 310 25 310 0 33 60</string>
    <string>2016-10-24 01:31:41 70 97 40 235 315 25 315 0 34 60</string>
    <string>2016-10-24 01:31:42 71 117 40 357 320 25 320 0 34 60</string>
    <string>2016-10-24 01:31:42 72 102 40 268 324 25 324 0 35 60</string>
    <string>2016-10-24 01:31:43 73 84 40 152 329 25 329 0 35 60</string>
    <string>2016-10-24 01:31:44 74 108 40 301 333 25 333 0 36 60</string>
    <string>2016-10-24 01:31:44 75 89 40 185 338 25 338 0 36 60</string>
    <string>2016-10-24 01:31:44 76 75 40 96 342 25 342 0 37 60</string>
    <string>2016-10-24 01:31:45 77 136 40 479 347 25 347 0 37 60</string>
    <string>2016-10-24 01:31:45 78 76 40 102 352 25 352 0 38 60</string>
    <string>2016-10-24 01:31:46 79 62 40 13 356 25 356 0 38 60</string>
    <string>2016-10-24 01:31:46 80 123 40 396 361 25 361 0 39 60</string>
    <string>2016-10-24 01:31:47 81 67 40 46 365 25 365 0 39 60</string>
    <string>2016-10-24 01:31:47 82 128 40 429 370 25 370 0 40 60</string>
    <string>2016-10-24 01:31:48 83 114 40 340 374 25 374 0 40 60</string>
    <string>2016-10-24 01:31:48 84 95 40 224 379 25 379 0 41 60</string>
    <string>2016-10-24 01:31:49 85 115 40 346 384 25 384 0 41 60</string>
    <string>2016-10-24 01:31:49 86 101 40 257 388 25 388 0 42 60</string>
    <string>2016-10-24 01:31:50 87 82 40 140 393 25 393 0 42 60</string>
    <string>2016-10-24 01:31:50 88 106 40 290 397 25 397 0 43 60</string>
    <string>2016-10-24 01:31:51 89 87 40 174 402 25 402 0 43 60</string>
    <string>2016-10-24 01:31:51 90 73 40 85 406 25 406 0 44 60</string>
    <string>2016-10-24 01:31:52 91 134 40 468 411 25 411 0 44 60</string>
    <string>2016-10-24 01:31:52 92 74 40 90 416 25 416 0 45 60</string>
    <string>2016-10-24 01:31:53 93 60 40 2 420 25 420 0 45 60</string>
    <string>2016-10-24 01:31:53 94 121 40 384 425 25 425 0 46 60</string>
    <string>2016-10-24 01:31:54 95 65 40 35 429 25 429 0 46 60</string>
    <string>2016-10-24 01:31:54 96 126 40 417 434 25 434 0 47 60</string>
    <string>2016-10-24 01:31:55 97 108 40 301 439 25 439 0 47 60</string>
    <string>2016-10-24 01:31:55 98 93 40 212 443 25 443 0 48 60</string>
    <string>2016-10-24 01:31:56 99 113 40 334 448 25 448 0 48 60</string>
    <string>2016-10-24 01:31:56 100 99 40 246 452 25 452 0 49 60</string>
    <string>2016-10-24 01:31:57 101 80 40 129 457 25 457 0 49 60</string>
    <string>2016-10-24 01:31:57 102 104 40 279 461 25 461 0 50 60</string>
    <string>2016-10-24 01:31:58 103 85 40 162 466 25 466 0 50 60</string>
    <string>2016-10-24 01:31:58 104 67 40 46 471 25 471 0 51 60</string>
    <string>2016-10-24 01:31:59 105 133 40 456 475 25 475 0 51 60</string>
    <string>2016-10-24 01:31:59 106 72 40 79 480 25 480 0 52 60</string>
    <string>2016-10-24 01:32:00 107 138 40 489 484 25 484 0 52 60</string>
    <string>2016-10-24 01:32:00 108 119 40 373 489 25 489 0 53 60</string>
    <string>2016-10-24 01:32:01 109 63 40 24 493 25 493 0 53 60</string>
    <string>2016-10-24 01:32:01 110 125 40 406 498 25 498 0 54 60</string>
    <string>2016-10-24 01:32:02 111 106 40 290 503 25 503 0 54 60</string>
    <string>2016-10-24 01:32:02 112 92 40 201 507 25 507 0 55 60</string>
    <string>2016-10-24 01:32:03 113 111 40 323 512 25 512 0 55 60</string>
    <string>2016-10-24 01:32:03 114 97 40 234 516 25 516 0 56 60</string>
    <string>2016-10-24 01:32:04 115 78 40 118 521 25 521 0 56 60</string>
    <string>2016-10-24 01:32:04 116 102 40 267 525 25 525 0 57 60</string>
    <string>2016-10-24 01:32:05 117 84 40 151 530 25 530 0 57 60</string>
    <string>2016-10-24 01:32:05 118 65 40 34 535 25 535 0 58 60</string>
    <string>2016-10-24 01:32:06 119 131 40 445 539 25 539 0 58 60</string>
    <string>2016-10-24 01:32:06 120 70 40 68 544 25 544 0 59 60</string>
    <string>2016-10-24 01:32:07 121 136 40 478 548 25 548 0 59 60</string>
    <string>2016-10-24 01:32:07 122 117 40 362 553 25 553 1 0 60</string>
    <string>2016-10-24 01:32:08 123 61 40 12 557 25 557 1 0 60</string>
    <string>2016-10-24 01:32:09 124 123 40 395 562 25 562 1 1 60</string>
    <string>2016-10-24 01:32:09 125 104 40 278 567 25 567 1 1 60</string>
    <string>2016-10-24 01:32:09 126 90 40 190 571 25 571 1 2 60</string>
    <string>2016-10-24 01:32:10 127 109 40 311 576 25 576 1 2 60</string>
    <string>2016-10-24 01:32:11 128 95 40 223 580 25 580 1 3 60</string>
    <string>2016-10-24 01:32:11 129 76 40 106 585 25 585 1 3 60</string>
    <string>2016-10-24 01:32:11 130 100 40 256 589 25 589 1 4 60</string>
    <string>2016-10-24 01:32:12 131 82 40 140 594 25 594 1 4 60</string>
    <string>2016-10-24 01:32:12 132 63 40 23 599 25 599 1 5 60</string>
    <string>2016-10-24 01:32:13 133 129 40 433 603 25 603 1 5 60</string>
    <string>2016-10-24 01:32:13 134 68 40 56 608 25 608 1 6 60</string>
    <string>2016-10-24 01:32:14 135 134 40 467 612 25 612 1 6 60</string>
    <string>2016-10-24 01:32:14 136 116 40 350 617 25 617 1 7 60</string>
    <string>2016-10-24 01:32:15 137 97 40 234 622 25 622 1 7 60</string>
    <string>2016-10-24 01:32:15 138 121 40 383 626 25 626 1 8 60</string>
    <string>2016-10-24 01:32:16 139 102 40 267 631 25 631 1 8 60</string>
    <string>2016-10-24 01:32:16 140 88 40 178 635 25 635 1 9 60</string>
    <string>2016-10-24 01:32:17 141 108 40 300 640 25 640 1 9 60</string>
    <string>2016-10-24 01:32:17 142 93 40 211 644 25 644 1 10 60</string>
    <string>2016-10-24 01:32:18 143 75 40 95 649 25 649 1 10 60</string>
    <string>2016-10-24 01:32:18 144 136 40 478 654 25 654 1 11 60</string>
    <string>2016-10-24 01:32:19 145 80 40 128 658 25 658 1 11 60</string>
    <string>2016-10-24 01:32:19 146 61 40 12 663 25 663 1 12 60</string>
    <string>2016-10-24 01:32:20 147 127 40 422 667 25 667 1 12 60</string>
    <string>2016-10-24 01:32:20 148 67 40 45 672 25 672 1 13 60</string>
    <string>2016-10-24 01:32:21 149 132 40 455 676 25 676 1 13 60</string>
    <string>2016-10-24 01:32:21 150 114 40 339 681 25 681 1 14 60</string>
    <string>2016-10-24 01:32:22 151 95 40 222 686 25 686 1 14 60</string>
    <string>2016-10-24 01:32:22 152 119 40 372 690 25 690 1 15 60</string>
    <string>2016-10-24 01:32:23 153 100 40 256 695 25 695 1 15 60</string>
    <string>2016-10-24 01:32:24 154 86 40 167 699 25 699 1 16 60</string>
    <string>2016-10-24 01:32:24 155 106 40 289 704 25 704 1 16 60</string>
    <string>2016-10-24 01:32:24 156 91 40 200 708 25 708 1 17 60</string>
    <string>2016-10-24 01:32:25 157 73 40 84 713 25 713 1 17 60</string>
    <string>2016-10-24 01:32:25 158 134 40 466 718 25 718 1 18 60</string>
    <string>2016-10-24 01:32:26 159 78 40 117 722 25 722 1 18 60</string>
    <string>2016-10-24 01:32:27 160 139 40 499 727 25 727 1 19 60</string>
    <string>2016-10-24 01:32:27 161 125 40 411 731 25 731 1 19 60</string>
    <string>2016-10-24 01:32:27 162 65 40 34 736 25 736 1 20 60</string>
    <string>2016-10-24 01:32:28 163 131 40 444 740 25 740 1 20 60</string>
    <string>2016-10-24 01:32:28 164 112 40 327 745 25 745 1 21 60</string>
    <string>2016-10-24 01:32:29 165 93 40 211 750 25 750 1 21 60</string>
    <string>2016-10-24 01:32:29 166 117 40 361 754 25 754 1 22 60</string>
    <string>2016-10-24 01:32:30 167 99 40 244 759 25 759 1 22 60</string>
    <string>2016-10-24 01:32:30 168 84 40 155 763 25 763 1 23 60</string>
    <string>2016-10-24 01:32:31 169 104 40 277 768 25 768 1 23 60</string>
    <string>2016-10-24 01:32:31 170 90 40 189 772 25 772 1 24 60</string>
    <string>2016-10-24 01:32:32 171 71 40 72 777 25 777 1 24 60</string>
    <string>2016-10-24 01:32:32 172 132 40 455 782 25 782 1 25 60</string>
    <string>2016-10-24 01:32:33 173 76 40 105 786 25 786 1 25 60</string>
    <string>2016-10-24 01:32:33 174 138 40 488 791 25 791 1 26 60</string>
    <string>2016-10-24 01:32:34 175 123 40 399 795 25 795 1 26 60</string>
    <string>2016-10-24 01:32:34 176 63 40 22 800 25 800 1 27 60</string>
    <string>2016-10-24 01:32:35 177 129 40 432 804 25 804 1 27 60</string>
    <string>2016-10-24 01:32:35 178 110 40 316 809 25 809 1 28 60</string>
    <string>2016-10-24 01:32:36 179 91 40 200 814 25 814 1 28 60</string>
    <string>2016-10-24 01:32:36 180 115 40 349 818 25 818 1 29 60</string>
    <string>2016-10-24 01:32:37 181 97 40 233 823 25 823 1 29 60</string>
    <string>2016-10-24 01:32:37 182 83 40 144 827 25 827 1 30 60</string>
    <string>2016-10-24 01:32:38 183 102 40 266 832 25 832 1 30 60</string>
    <string>2016-10-24 01:32:38 184 83 40 149 837 25 837 1 31 60</string>
    <string>2016-10-24 01:32:39 185 69 40 61 841 25 841 1 31 60</string>
    <string>2016-10-24 01:32:39 186 131 40 443 846 25 846 1 32 60</string>
    <string>2016-10-24 01:32:40 187 74 40 94 850 25 850 1 32 60</string>
    <string>2016-10-24 01:32:41 188 136 40 477 855 25 855 1 33 60</string>
    <string>2016-10-24 01:32:41 189 122 40 388 859 25 859 1 33 60</string>
    <string>2016-10-24 01:32:41 190 61 40 11 864 25 864 1 34 60</string>
    <string>2016-10-24 01:32:42 191 122 40 393 869 25 869 1 34 60</string>
    <string>2016-10-24 01:32:42 192 108 40 305 873 25 873 1 35 60</string>
    <string>2016-10-24 01:32:43 193 90 40 188 878 25 878 1 35 60</string>
    <string>2016-10-24 01:32:43 194 114 40 338 882 25 882 1 36 60</string>
    <string>2016-10-24 01:32:44 195 95 40 221 887 25 887 1 36 60</string>
    <string>2016-10-24 01:32:44 196 81 40 133 891 25 891 1 37 60</string>
    <string>2016-10-24 01:32:45 197 100 40 255 896 25 896 1 37 60</string>
    <string>2016-10-24 01:32:45 198 82 40 138 901 25 901 1 38 60</string>
    <string>2016-10-24 01:32:46 199 67 40 49 905 25 905 1 38 60</string>
    <string>2016-10-24 01:32:46 200 129 40 432 910 25 910 1 39 60</string>
    <string>2016-10-24 01:32:47 201 73 40 83 914 25 914 1 39 60</string>
    <string>2016-10-24 01:32:47 202 134 40 465 919 25 919 1 40 60</string>
    <string>2016-10-24 01:32:48 203 120 40 377 923 25 923 1 40 60</string>
    <string>2016-10-24 01:32:48 204 139 40 498 928 25 928 1 41 60</string>
    <string>2016-10-24 01:32:49 205 121 40 382 933 25 933 1 41 60</string>
    <string>2016-10-24 01:32:49 206 106 40 293 937 25 937 1 42 60</string>
    <string>2016-10-24 01:32:50 207 88 40 177 942 25 942 1 42 60</string>
    <string>2016-10-24 01:32:50 208 112 40 326 946 25 946 1 43 60</string>
    <string>2016-10-24 01:32:51 209 93 40 210 951 25 951 1 43 60</string>
    <string>2016-10-24 01:32:51 210 79 40 121 955 25 955 1 44 60</string>
    <string>2016-10-24 01:32:52 211 98 40 243 960 25 960 1 44 60</string>
    <string>2016-10-24 01:32:52 212 80 40 127 965 25 965 1 45 60</string>
    <string>2016-10-24 01:32:53 213 66 40 38 969 25 969 1 45 60</string>
    <string>2016-10-24 01:32:53 214 127 40 421 974 25 974 1 46 60</string>
    <string>2016-10-24 01:32:54 215 71 40 71 978 25 978 1 46 60</string>
    <string>2016-10-24 01:32:54 216 132 40 454 983 25 983 1 47 60</string>
    <string>2016-10-24 01:32:55 217 118 40 365 987 25 987 1 47 60</string>
    <string>2016-10-24 01:32:55 218 137 40 487 992 25 992 1 48 60</string>
    <string>2016-10-24 01:32:56 219 119 40 371 997 25 997 1 48 60</string>
    <string>2016-10-24 01:32:56 220 105 40 282 1001 25 1001 1 49 60</string>
    <string>2016-10-24 01:32:57 221 86 40 165 1006 25 1006 1 49 60</string>
  </Results>
</ServerData>