<?xml version="1.0"?>
<ServerData xmlns:xsi="http://www.w3.org/2001/XMLSchema-instance" xmlns:xsd="http://www.w3.org/2001/XMLSchema">
  <Name>fjoiewjfoiewjaoif</Name>
  <Password>fjieoq</Password>
  <Doctor>false</Doctor>
  <Messages />
  <Results>
    <string>2016-10-18 11:06:06 1 10 40 2 0 25 0 0 0 60</string>
    <string>2016-10-18 11:06:06 2 70 40 7 4 25 4 0 0 60</string>
    <string>2016-10-18 11:06:07 3 131 40 36 9 25 9 0 0 60</string>
    <string>2016-10-18 11:06:07 4 75 40 10 13 25 13 0 1 60</string>
    <string>2016-10-18 11:06:08 5 137 40 38 18 25 18 0 1 60</string>
    <string>2016-10-18 11:06:08 6 123 40 32 22 25 22 0 2 60</string>
    <string>2016-10-18 11:06:09 7 104 40 23 27 25 27 0 2 60</string>
    <string>2016-10-18 11:06:09 8 85 40 14 32 25 32 0 3 60</string>
    <string>2016-10-18 11:06:10 9 109 40 25 36 25 36 0 3 60</string>
    <string>2016-10-18 11:06:10 10 91 40 17 41 25 41 0 4 60</string>
    <string>2016-10-18 11:06:11 11 115 40 28 45 25 45 0 4 60</string>
    <string>2016-10-18 11:06:11 12 96 40 19 50 25 50 0 5 60</string>
    <string>2016-10-18 11:06:12 13 82 40 13 54 25 54 0 5 60</string>
    <string>2016-10-18 11:06:12 14 63 40 4 59 25 59 0 6 60</string>
    <string>2016-10-18 11:06:13 15 124 40 32 64 25 64 0 6 60</string>
    <string>2016-10-18 11:06:13 16 68 40 7 68 25 68 0 7 60</string>
    <string>2016-10-18 11:06:14 17 130 40 35 73 25 73 0 7 60</string>
    <string>2016-10-18 11:06:14 18 74 40 9 77 25 77 0 8 60</string>
    <string>2016-10-18 11:06:15 19 135 40 37 82 25 82 0 8 60</string>
    <string>2016-10-18 11:06:15 20 121 40 31 86 25 86 0 9 60</string>
    <string>2016-10-18 11:06:16 21 102 40 22 91 25 91 0 9 60</string>
    <string>2016-10-18 11:06:16 22 83 40 14 96 25 96 0 10 60</string>
    <string>2016-10-18 11:06:17 23 107 40 25 100 25 100 0 10 60</string>
    <string>2016-10-18 11:06:17 24 89 40 16 105 25 105 0 11 60</string>
    <string>2016-10-18 11:06:18 25 113 40 27 109 25 109 0 11 60</string>
    <string>2016-10-18 11:06:18 26 94 40 18 114 25 114 0 12 60</string>
    <string>2016-10-18 11:06:19 27 75 40 10 119 25 119 0 12 60</string>
    <string>2016-10-18 11:06:19 28 61 40 3 123 25 123 0 13 60</string>
    <string>2016-10-18 11:06:20 29 122 40 32 128 25 128 0 13 60</string>
    <string>2016-10-18 11:06:20 30 66 40 6 132 25 132 0 14 60</string>
    <string>2016-10-18 11:06:21 31 128 40 34 137 25 137 0 14 60</string>
    <string>2016-10-18 11:06:21 32 72 40 8 141 25 141 0 15 60</string>
    <string>2016-10-18 11:06:22 33 133 40 37 146 25 146 0 15 60</string>
    <string>2016-10-18 11:06:22 34 114 40 28 151 25 151 0 16 60</string>
    <string>2016-10-18 11:06:23 35 100 40 21 155 25 155 0 16 60</string>
    <string>2016-10-18 11:06:23 36 82 40 13 160 25 160 0 17 60</string>
    <string>2016-10-18 11:06:24 37 121 40 31 164 25 164 0 17 60</string>
    <string>2016-10-18 11:06:24 38 94 40 18 168 25 168 0 18 60</string>
    <string>2016-10-18 11:06:25 39 75 40 10 173 25 173 0 18 60</string>
    <string>2016-10-18 11:06:25 40 137 40 38 178 25 178 0 19 60</string>
    <string>2016-10-18 11:06:26 41 122 40 32 182 25 182 0 19 60</string>
    <string>2016-10-18 11:06:26 42 104 40 23 187 25 187 0 20 60</string>
    <string>2016-10-18 11:06:27 43 128 40 34 191 25 191 0 20 60</string>
    <string>2016-10-18 11:06:27 44 109 40 25 196 25 196 0 21 60</string>
    <string>2016-10-18 11:06:28 45 90 40 17 201 25 201 0 21 60</string>
    <string>2016-10-18 11:06:28 46 114 40 28 205 25 205 0 22 60</string>
    <string>2016-10-18 11:06:29 47 96 40 19 210 25 210 0 22 60</string>
    <string>2016-10-18 11:06:29 48 81 40 13 214 25 214 0 23 60</string>
    <string>2016-10-18 11:06:30 49 63 40 4 219 25 219 0 23 60</string>
    <string>2016-10-18 11:06:30 50 87 40 15 223 25 223 0 24 60</string>
    <string>2016-10-18 11:06:31 51 68 40 6 228 25 228 0 24 60</string>
    <string>2016-10-18 11:06:31 52 129 40 35 233 25 233 0 25 60</string>
    <string>2016-10-18 11:06:32 53 73 40 9 237 25 237 0 25 60</string>
    <string>2016-10-18 11:06:32 54 135 40 37 242 25 242 0 26 60</string>
    <string>2016-10-18 11:06:33 55 120 40 31 246 25 246 0 26 60</string>
    <string>2016-10-18 11:06:33 56 102 40 22 251 25 251 0 27 60</string>
    <string>2016-10-18 11:06:34 57 126 40 33 255 25 255 0 27 60</string>
    <string>2016-10-18 11:06:34 58 107 40 25 260 25 260 0 28 60</string>
    <string>2016-10-18 11:06:35 59 88 40 16 265 25 265 0 28 60</string>
    <string>2016-10-18 11:06:35 60 112 40 27 269 25 269 0 29 60</string>
    <string>2016-10-18 11:06:36 61 94 40 18 274 25 274 0 29 60</string>
    <string>2016-10-18 11:06:36 62 80 40 12 278 25 278 0 30 60</string>
    <string>2016-10-18 11:06:37 63 61 40 3 283 25 283 0 30 60</string>
    <string>2016-10-18 11:06:37 64 94 40 18 288 25 288 0 31 60</string>
    <string>2016-10-18 11:06:38 65 118 40 29 292 25 292 0 31 60</string>
    <string>2016-10-18 11:06:38 66 99 40 21 297 25 297 0 32 60</string>
    <string>2016-10-18 11:06:39 67 85 40 14 301 25 301 0 32 60</string>
    <string>2016-10-18 11:06:39 68 66 40 5 306 25 306 0 33 60</string>
    <string>2016-10-18 11:06:40 69 85 40 15 311 25 311 0 33 60</string>
    <string>2016-10-18 11:06:40 70 100 40 21 315 25 315 0 34 60</string>
    <string>2016-10-18 11:06:41 71 120 40 30 320 25 320 0 34 60</string>
    <string>2016-10-18 11:06:41 72 105 40 24 324 25 324 0 35 60</string>
    <string>2016-10-18 11:06:42 73 87 40 15 329 25 329 0 35 60</string>
    <string>2016-10-18 11:06:42 74 111 40 26 333 25 333 0 36 60</string>
    <string>2016-10-18 11:06:43 75 92 40 18 338 25 338 0 36 60</string>
    <string>2016-10-18 11:06:43 76 78 40 11 342 25 342 0 37 60</string>
    <string>2016-10-18 11:06:44 77 139 40 39 347 25 347 0 37 60</string>
    <string>2016-10-18 11:06:44 78 79 40 11 352 25 352 0 38 60</string>
    <string>2016-10-18 11:06:45 79 93 40 18 356 25 356 0 38 60</string>
    <string>2016-10-18 11:06:45 80 66 40 5 360 25 360 0 39 60</string>
    <string>2016-10-18 11:06:46 81 127 40 34 365 25 365 0 39 60</string>
    <string>2016-10-18 11:06:46 82 67 40 6 370 25 370 0 40 60</string>
    <string>2016-10-18 11:06:47 83 132 40 36 374 25 374 0 40 60</string>
    <string>2016-10-18 11:06:47 84 114 40 28 379 25 379 0 41 60</string>
    <string>2016-10-18 11:06:48 85 138 40 39 383 25 383 0 41 60</string>
    <string>2016-10-18 11:06:48 86 119 40 30 388 25 388 0 42 60</string>
    <string>2016-10-18 11:06:49 87 100 40 21 393 25 393 0 42 60</string>
    <string>2016-10-18 11:06:49 88 86 40 15 397 25 397 0 43 60</string>
    <string>2016-10-18 11:06:50 89 106 40 24 402 25 402 0 43 60</string>
    <string>2016-10-18 11:06:50 90 92 40 17 406 25 406 0 44 60</string>
    <string>2016-10-18 11:06:51 91 73 40 9 411 25 411 0 44 60</string>
    <string>2016-10-18 11:06:51 92 97 40 20 415 25 415 0 45 60</string>
    <string>2016-10-18 11:06:52 93 78 40 11 420 25 420 0 45 60</string>
    <string>2016-10-18 11:06:52 94 60 40 3 425 25 425 0 46 60</string>
    <string>2016-10-18 11:06:53 95 125 40 33 429 25 429 0 46 60</string>
    <string>2016-10-18 11:06:53 96 65 40 5 434 25 434 0 47 60</string>
    <string>2016-10-18 11:06:54 97 131 40 35 438 25 438 0 47 60</string>
    <string>2016-10-18 11:06:54 98 112 40 27 443 25 443 0 48 60</string>
    <string>2016-10-18 11:06:55 99 136 40 38 447 25 447 0 48 60</string>
    <string>2016-10-18 11:06:55 100 117 40 29 452 25 452 0 49 60</string>
    <string>2016-10-18 11:06:56 101 99 40 21 457 25 457 0 49 60</string>
    <string>2016-10-18 11:06:56 102 84 40 14 461 25 461 0 50 60</string>
    <string>2016-10-18 11:06:57 103 104 40 23 466 25 466 0 50 60</string>
    <string>2016-10-18 11:06:57 104 90 40 16 470 25 470 0 51 60</string>
    <string>2016-10-18 11:06:58 105 71 40 8 475 25 475 0 51 60</string>
    <string>2016-10-18 11:06:58 106 95 40 19 479 25 479 0 52 60</string>
    <string>2016-10-18 11:06:59 107 76 40 10 484 25 484 0 52 60</string>
    <string>2016-10-18 11:06:59 108 138 40 39 489 25 489 0 53 60</string>
    <string>2016-10-18 11:07:00 109 123 40 32 493 25 493 0 53 60</string>
    <string>2016-10-18 11:07:00 110 63 40 4 498 25 498 0 54 60</string>
    <string>2016-10-18 11:07:01 111 129 40 35 502 25 502 0 54 60</string>
    <string>2016-10-18 11:07:01 112 110 40 26 507 25 507 0 55 60</string>
    <string>2016-10-18 11:07:02 113 91 40 17 512 25 512 0 55 60</string>
    <string>2016-10-18 11:07:02 114 115 40 28 516 25 516 0 56 60</string>
    <string>2016-10-18 11:07:03 115 97 40 20 521 25 521 0 56 60</string>
    <string>2016-10-18 11:07:03 116 83 40 13 525 25 525 0 57 60</string>
    <string>2016-10-18 11:07:04 117 102 40 22 530 25 530 0 57 60</string>
    <string>2016-10-18 11:07:04 118 88 40 16 534 25 534 0 58 60</string>
    <string>2016-10-18 11:07:05 119 69 40 7 539 25 539 0 58 60</string>
    <string>2016-10-18 11:07:05 120 131 40 35 544 25 544 0 59 60</string>
    <string>2016-10-18 11:07:06 121 75 40 9 548 25 548 0 59 60</string>
    <string>2016-10-18 11:07:06 122 136 40 38 553 25 553 1 0 60</string>
    <string>2016-10-18 11:07:07 123 122 40 31 557 25 557 1 0 60</string>
    <string>2016-10-18 11:07:07 124 61 40 3 562 25 562 1 1 60</string>
    <string>2016-10-18 11:07:08 125 127 40 34 566 25 566 1 1 60</string>
    <string>2016-10-18 11:07:08 126 108 40 25 571 25 571 1 2 60</string>
    <string>2016-10-18 11:07:09 127 90 40 16 576 25 576 1 2 60</string>
    <string>2016-10-18 11:07:09 128 114 40 28 580 25 580 1 3 60</string>
    <string>2016-10-18 11:07:10 129 95 40 19 585 25 585 1 3 60</string>
    <string>2016-10-18 11:07:10 130 81 40 12 589 25 589 1 4 60</string>
    <string>2016-10-18 11:07:11 131 100 40 21 594 25 594 1 4 60</string>
    <string>2016-10-18 11:07:11 132 86 40 15 598 25 598 1 5 60</string>
    <string>2016-10-18 11:07:12 133 67 40 6 603 25 603 1 5 60</string>
    <string>2016-10-18 11:07:12 134 129 40 35 608 25 608 1 6 60</string>
    <string>2016-10-18 11:07:13 135 73 40 9 612 25 612 1 6 60</string>
    <string>2016-10-18 11:07:13 136 134 40 37 617 25 617 1 7 60</string>
    <string>2016-10-18 11:07:14 137 120 40 30 621 25 621 1 7 60</string>
    <string>2016-10-18 11:07:14 138 139 40 39 626 25 626 1 8 60</string>
    <string>2016-10-18 11:07:15 139 125 40 33 630 25 630 1 8 60</string>
    <string>2016-10-18 11:07:15 140 106 40 24 635 25 635 1 9 60</string>
    <string>2016-10-18 11:07:16 141 88 40 16 640 25 640 1 9 60</string>
    <string>2016-10-18 11:07:16 142 112 40 27 644 25 644 1 10 60</string>
    <string>2016-10-18 11:07:17 143 93 40 18 649 25 649 1 10 60</string>
    <string>2016-10-18 11:07:17 144 79 40 11 653 25 653 1 11 60</string>
    <string>2016-10-18 11:07:18 145 98 40 21 658 25 658 1 11 60</string>
    <string>2016-10-18 11:07:18 146 80 40 12 663 25 663 1 12 60</string>
    <string>2016-10-18 11:07:19 147 66 40 5 667 25 667 1 12 60</string>
    <string>2016-10-18 11:07:19 148 127 40 34 672 25 672 1 13 60</string>
    <string>2016-10-18 11:07:20 149 71 40 8 676 25 676 1 13 60</string>
    <string>2016-10-18 11:07:20 150 132 40 36 681 25 681 1 14 60</string>
    <string>2016-10-18 11:07:21 151 118 40 30 685 25 685 1 14 60</string>
    <string>2016-10-18 11:07:21 152 138 40 39 690 25 690 1 15 60</string>
    <string>2016-10-18 11:07:22 153 119 40 30 695 25 695 1 15 60</string>
    <string>2016-10-18 11:07:22 154 105 40 23 699 25 699 1 16 60</string>
    <string>2016-10-18 11:07:23 155 86 40 15 704 25 704 1 16 60</string>
    <string>2016-10-18 11:07:23 156 110 40 26 708 25 708 1 17 60</string>
    <string>2016-10-18 11:07:24 157 120 40 30 713 25 713 1 17 60</string>
    <string>2016-10-18 11:07:24 158 64 40 5 717 25 717 1 18 60</string>
    <string>2016-10-18 11:07:25 159 125 40 33 722 25 722 1 18 60</string>
    <string>2016-10-18 11:07:25 160 111 40 26 726 25 726 1 19 60</string>
    <string>2016-10-18 11:07:26 161 131 40 35 731 25 731 1 19 60</string>
    <string>2016-10-18 11:07:26 162 112 40 27 736 25 736 1 20 60</string>
    <string>2016-10-18 11:07:27 163 98 40 20 740 25 740 1 20 60</string>
    <string>2016-10-18 11:07:27 164 79 40 12 745 25 745 1 21 60</string>
    <string>2016-10-18 11:07:28 165 103 40 23 749 25 749 1 21 60</string>
    <string>2016-10-18 11:07:28 166 84 40 14 754 25 754 1 22 60</string>
    <string>2016-10-18 11:07:29 167 70 40 7 758 25 758 1 22 60</string>
    <string>2016-10-18 11:07:29 168 90 40 16 763 25 763 1 23 60</string>
    <string>2016-10-18 11:07:30 169 71 40 8 768 25 768 1 23 60</string>
    <string>2016-10-18 11:07:30 170 137 40 38 772 25 772 1 24 60</string>
    <string>2016-10-18 11:07:31 171 118 40 30 777 25 777 1 24 60</string>
    <string>2016-10-18 11:07:31 172 62 40 4 781 25 781 1 25 60</string>
    <string>2016-10-18 11:07:32 173 124 40 32 786 25 786 1 25 60</string>
    <string>2016-10-18 11:07:32 174 105 40 23 791 25 791 1 26 60</string>
    <string>2016-10-18 11:07:33 175 129 40 35 795 25 795 1 26 60</string>
    <string>2016-10-18 11:07:33 176 110 40 26 800 25 800 1 27 60</string>
    <string>2016-10-18 11:07:34 177 96 40 19 804 25 804 1 27 60</string>
    <string>2016-10-18 11:07:34 178 77 40 11 809 25 809 1 28 60</string>
    <string>2016-10-18 11:07:35 179 101 40 22 813 25 813 1 28 60</string>
    <string>2016-10-18 11:07:35 180 83 40 13 818 25 818 1 29 60</string>
    <string>2016-10-18 11:07:36 181 64 40 5 823 25 823 1 29 60</string>
    <string>2016-10-18 11:07:36 182 88 40 16 827 25 827 1 30 60</string>
    <string>2016-10-18 11:07:37 183 69 40 7 832 25 832 1 30 60</string>
    <string>2016-10-18 11:07:37 184 135 40 37 836 25 836 1 31 60</string>
    <string>2016-10-18 11:07:38 185 116 40 29 841 25 841 1 31 60</string>
    <string>2016-10-18 11:07:38 186 60 40 3 845 25 845 1 32 60</string>
    <string>2016-10-18 11:07:39 187 122 40 31 850 25 850 1 32 60</string>
    <string>2016-10-18 11:07:39 188 103 40 23 855 25 855 1 33 60</string>
    <string>2016-10-18 11:07:40 189 127 40 34 859 25 859 1 33 60</string>
    <string>2016-10-18 11:07:40 190 61 40 3 863 25 863 1 34 60</string>
    <string>2016-10-18 11:07:41 191 81 40 12 868 25 868 1 34 60</string>
    <string>2016-10-18 11:07:41 192 62 40 4 873 25 873 1 35 60</string>
    <string>2016-10-18 11:07:42 193 128 40 34 877 25 877 1 35 60</string>
    <string>2016-10-18 11:07:42 194 109 40 26 882 25 882 1 36 60</string>
    <string>2016-10-18 11:07:43 195 133 40 37 886 25 886 1 36 60</string>
    <string>2016-10-18 11:07:43 196 86 40 15 891 25 891 1 37 60</string>
    <string>2016-10-18 11:07:44 197 67 40 6 896 25 896 1 37 60</string>
    <string>2016-10-18 11:07:44 198 133 40 37 900 25 900 1 38 60</string>
    <string>2016-10-18 11:07:45 199 86 40 15 905 25 905 1 38 60</string>
    <string>2016-10-18 11:07:45 200 67 40 6 910 25 910 1 39 60</string>
    <string>2016-10-18 11:07:46 201 91 40 17 914 25 914 1 39 60</string>
    <string>2016-10-18 11:07:46 202 72 40 9 919 25 919 1 40 60</string>
    <string>2016-10-18 11:07:47 203 138 40 39 923 25 923 1 40 60</string>
    <string>2016-10-18 11:07:47 204 120 40 30 928 25 928 1 41 60</string>
    <string>2016-10-18 11:07:48 205 64 40 4 932 25 932 1 41 60</string>
    <string>2016-10-18 11:07:48 206 125 40 33 937 25 937 1 42 60</string>
    <string>2016-10-18 11:07:49 207 106 40 24 942 25 942 1 42 60</string>
    <string>2016-10-18 11:07:49 208 130 40 35 946 25 946 1 43 60</string>
    <string>2016-10-18 11:07:50 209 112 40 27 951 25 951 1 43 60</string>
    <string>2016-10-18 11:07:50 210 97 40 20 955 25 955 1 44 60</string>
    <string>2016-10-18 11:07:51 211 66 40 5 960 25 960 1 44 60</string>
    <string>2016-10-18 11:07:51 212 131 40 36 964 25 964 1 45 60</string>
    <string>2016-10-18 11:07:52 213 113 40 27 969 25 969 1 45 60</string>
    <string>2016-10-18 11:07:52 214 137 40 38 973 25 973 1 45 60</string>
    <string>2016-10-18 11:07:53 215 118 40 30 978 25 978 1 46 60</string>
    <string>2016-10-18 11:07:53 216 99 40 21 983 25 983 1 46 60</string>
    <string>2016-10-18 11:07:54 217 123 40 32 987 25 987 1 47 60</string>
    <string>2016-10-18 11:07:54 218 105 40 23 992 25 992 1 47 60</string>
    <string>2016-10-18 11:07:55 219 90 40 17 996 25 996 1 48 60</string>
    <string>2016-10-18 11:07:55 220 72 40 8 1001 25 1001 1 48 60</string>
    <string>2016-10-18 11:07:56 221 96 40 19 1005 25 1005 1 49 60</string>
    <string>2016-10-18 11:07:56 222 77 40 11 1010 25 1010 1 49 60</string>
    <string>2016-10-18 11:07:57 223 138 40 39 1015 25 1015 1 50 60</string>
    <string>2016-10-18 11:07:57 224 82 40 13 1019 25 1019 1 50 60</string>
    <string>2016-10-18 11:07:58 225 64 40 4 1024 25 1024 1 51 60</string>
    <string>2016-10-18 11:07:58 226 130 40 35 1028 25 1028 1 51 60</string>
    <string>2016-10-18 11:07:59 227 111 40 26 1033 25 1033 1 52 60</string>
    <string>2016-10-18 11:07:59 228 92 40 18 1038 25 1038 1 52 60</string>
    <string>2016-10-18 11:08:00 229 116 40 29 1042 25 1042 1 53 60</string>
    <string>2016-10-18 11:08:00 230 98 40 20 1047 25 1047 1 53 60</string>
    <string>2016-10-18 11:08:01 231 122 40 31 1051 25 1051 1 54 60</string>
    <string>2016-10-18 11:08:01 232 103 40 23 1056 25 1056 1 54 60</string>
    <string>2016-10-18 11:08:02 233 89 40 16 1060 25 1060 1 55 60</string>
    <string>2016-10-18 11:08:02 234 70 40 7 1065 25 1065 1 55 60</string>
    <string>2016-10-18 11:08:03 235 131 40 36 1070 25 1070 1 56 60</string>
    <string>2016-10-18 11:08:03 236 75 40 10 1074 25 1074 1 56 60</string>
    <string>2016-10-18 11:08:04 237 137 40 38 1079 25 1079 1 57 60</string>
    <string>2016-10-18 11:08:04 238 81 40 12 1083 25 1083 1 57 60</string>
    <string>2016-10-18 11:08:05 239 62 40 4 1088 25 1088 1 58 60</string>
    <string>2016-10-18 11:08:05 240 128 40 34 1092 25 1092 1 58 60</string>
    <string>2016-10-18 11:08:06 241 109 40 25 1097 25 1097 1 59 60</string>
    <string>2016-10-18 11:08:06 242 90 40 17 1102 25 1102 1 59 60</string>
    <string>2016-10-18 11:08:07 243 114 40 28 1106 25 1106 2 0 60</string>
    <string>2016-10-18 11:08:07 244 96 40 19 1111 25 1111 2 0 60</string>
    <string>2016-10-18 11:08:08 245 120 40 30 1115 25 1115 2 1 60</string>
    <string>2016-10-18 11:08:08 246 101 40 22 1120 25 1120 2 1 60</string>
    <string>2016-10-18 11:08:09 247 87 40 15 1124 25 1124 2 2 60</string>
    <string>2016-10-18 11:08:09 248 68 40 7 1129 25 1129 2 2 60</string>
    <string>2016-10-18 11:08:10 249 129 40 35 1134 25 1134 2 3 60</string>
    <string>2016-10-18 11:08:10 250 73 40 9 1138 25 1138 2 3 60</string>
    <string>2016-10-18 11:08:11 251 135 40 37 1143 25 1143 2 4 60</string>
    <string>2016-10-18 11:08:11 252 79 40 11 1147 25 1147 2 4 60</string>
    <string>2016-10-18 11:08:12 253 60 40 3 1152 25 1152 2 5 60</string>
    <string>2016-10-18 11:08:12 254 126 40 33 1156 25 1156 2 5 60</string>
    <string>2016-10-18 11:08:13 255 107 40 25 1161 25 1161 2 6 60</string>
    <string>2016-10-18 11:08:13 256 89 40 16 1166 25 1166 2 6 60</string>
    <string>2016-10-18 11:08:14 257 113 40 27 1170 25 1170 2 7 60</string>
    <string>2016-10-18 11:08:14 258 94 40 18 1175 25 1175 2 7 60</string>
    <string>2016-10-18 11:08:15 259 118 40 30 1179 25 1179 2 8 60</string>
    <string>2016-10-18 11:08:15 260 99 40 21 1184 25 1184 2 8 60</string>
    <string>2016-10-18 11:08:16 261 85 40 14 1188 25 1188 2 9 60</string>
    <string>2016-10-18 11:08:16 262 66 40 6 1193 25 1193 2 9 60</string>
    <string>2016-10-18 11:08:17 263 128 40 34 1198 25 1198 2 10 60</string>
    <string>2016-10-18 11:08:17 264 72 40 8 1202 25 1202 2 10 60</string>
    <string>2016-10-18 11:08:18 265 133 40 36 1207 25 1207 2 11 60</string>
    <string>2016-10-18 11:08:18 266 77 40 11 1211 25 1211 2 11 60</string>
    <string>2016-10-18 11:08:19 267 138 40 39 1216 25 1216 2 12 60</string>
    <string>2016-10-18 11:08:19 268 124 40 32 1220 25 1220 2 12 60</string>
    <string>2016-10-18 11:08:20 269 105 40 24 1225 25 1225 2 13 60</string>
    <string>2016-10-18 11:08:20 270 87 40 15 1230 25 1230 2 13 60</string>
    <string>2016-10-18 11:08:21 271 111 40 26 1234 25 1234 2 14 60</string>
    <string>2016-10-18 11:08:21 272 92 40 18 1239 25 1239 2 14 60</string>
    <string>2016-10-18 11:08:22 273 116 40 29 1243 25 1243 2 15 60</string>
    <string>2016-10-18 11:08:22 274 97 40 20 1248 25 1248 2 15 60</string>
    <string>2016-10-18 11:08:23 275 79 40 11 1253 25 1253 2 16 60</string>
    <string>2016-10-18 11:08:23 276 65 40 5 1257 25 1257 2 16 60</string>
    <string>2016-10-18 11:08:24 277 126 40 33 1262 25 1262 2 17 60</string>
    <string>2016-10-18 11:08:24 278 70 40 7 1266 25 1266 2 17 60</string>
    <string>2016-10-18 11:08:25 279 131 40 36 1271 25 1271 2 18 60</string>
    <string>2016-10-18 11:08:25 280 75 40 10 1275 25 1275 2 18 60</string>
    <string>2016-10-18 11:08:26 281 136 40 38 1280 25 1280 2 19 60</string>
    <string>2016-10-18 11:08:26 282 118 40 29 1285 25 1285 2 19 60</string>
    <string>2016-10-18 11:08:27 283 104 40 23 1289 25 1289 2 20 60</string>
    <string>2016-10-18 11:08:27 284 85 40 14 1294 25 1294 2 20 60</string>
    <string>2016-10-18 11:08:28 285 109 40 25 1298 25 1298 2 21 60</string>
    <string>2016-10-18 11:08:28 286 90 40 17 1303 25 1303 2 21 60</string>
    <string>2016-10-18 11:08:29 287 114 40 28 1307 25 1307 2 22 60</string>
    <string>2016-10-18 11:08:29 288 96 40 19 1312 25 1312 2 22 60</string>
    <string>2016-10-18 11:08:30 290 63 40 4 1321 25 1321 2 23 60</string>
    <string>2016-10-18 11:08:30 290 63 40 4 1321 25 1321 2 23 60</string>
    <string>2016-10-18 11:08:31 291 124 40 32 1326 25 1326 2 24 60</string>
    <string>2016-10-18 11:08:31 292 68 40 6 1330 25 1330 2 24 60</string>
    <string>2016-10-18 11:08:32 293 129 40 35 1335 25 1335 2 25 60</string>
    <string>2016-10-18 11:08:32 294 111 40 26 1340 25 1340 2 25 60</string>
    <string>2016-10-18 11:08:33 295 135 40 37 1344 25 1344 2 26 60</string>
    <string>2016-10-18 11:08:33 296 116 40 29 1349 25 1349 2 26 60</string>
    <string>2016-10-18 11:08:34 298 83 40 13 1358 25 1358 2 27 60</string>
    <string>2016-10-18 11:08:34 298 83 40 13 1358 25 1358 2 27 60</string>
    <string>2016-10-18 11:08:35 299 107 40 25 1362 25 1362 2 28 60</string>
    <string>2016-10-18 11:08:36 302 122 40 32 1376 25 1376 2 29 60</string>
    <string>2016-10-18 11:08:36 302 122 40 32 1376 25 1376 2 29 60</string>
    <string>2016-10-18 11:08:37 304 128 40 34 1385 25 1385 2 30 60</string>
    <string>2016-10-18 11:08:37 304 128 40 34 1385 25 1385 2 30 60</string>
    <string>2016-10-18 11:08:38 306 95 40 19 1394 25 1394 2 31 60</string>
    <string>2016-10-18 11:08:38 306 95 40 19 1394 25 1394 2 31 60</string>
    <string>2016-10-18 11:08:39 307 76 40 10 1399 25 1399 2 32 60</string>
    <string>2016-10-18 11:08:39 308 100 40 21 1403 25 1403 2 32 60</string>
    <string>2016-10-18 11:08:40 310 63 40 4 1413 25 1413 2 33 60</string>
    <string>2016-10-18 11:08:41 311 87 40 15 1417 25 1417 2 34 60</string>
    <string>2016-10-18 11:08:41 312 68 40 7 1422 25 1422 2 34 60</string>
    <string>2016-10-18 11:08:41 312 68 40 7 1422 25 1422 2 34 60</string>
    <string>2016-10-18 11:08:42 313 134 40 37 1426 25 1426 2 35 60</string>
    <string>2016-10-18 11:08:42 314 115 40 28 1431 25 1431 2 35 60</string>
    <string>2016-10-18 11:08:43 315 139 40 39 1435 25 1435 2 36 60</string>
    <string>2016-10-18 11:08:43 316 121 40 31 1440 25 1440 2 36 60</string>
    <string>2016-10-18 11:08:44 317 102 40 22 1445 25 1445 2 37 60</string>
    <string>2016-10-18 11:08:44 318 126 40 33 1449 25 1449 2 37 60</string>
    <string>2016-10-18 11:08:45 319 107 40 25 1454 25 1454 2 38 60</string>
    <string>2016-10-18 11:08:45 320 93 40 18 1458 25 1458 2 38 60</string>
    <string>2016-10-18 11:08:46 321 74 40 9 1463 25 1463 2 39 60</string>
    <string>2016-10-18 11:08:46 322 98 40 20 1467 25 1467 2 39 60</string>
    <string>2016-10-18 11:08:48 325 85 40 14 1481 25 1481 2 41 60</string>
    <string>2016-10-18 11:08:48 326 66 40 6 1486 25 1486 2 41 60</string>
    <string>2016-10-18 11:08:48 326 66 40 6 1486 25 1486 2 41 60</string>
    <string>2016-10-18 11:08:49 328 113 40 27 1495 25 1495 2 42 60</string>
    <string>2016-10-18 11:08:49 328 113 40 27 1495 25 1495 2 42 60</string>
    <string>2016-10-18 11:08:50 329 137 40 39 1499 25 1499 2 43 60</string>
    <string>2016-10-18 11:08:50 330 67 40 6 1504 25 1504 2 43 60</string>
    <string>2016-10-18 11:08:51 331 91 40 17 1508 25 1508 2 44 60</string>
    <string>2016-10-18 11:08:51 332 73 40 9 1513 25 1513 2 44 60</string>
    <string>2016-10-18 11:08:52 333 134 40 37 1518 25 1518 2 45 60</string>
    <string>2016-10-18 11:08:53 335 139 40 39 1527 25 1527 2 46 60</string>
    <string>2016-10-18 11:08:53 336 125 40 33 1531 25 1531 2 46 60</string>
    <string>2016-10-18 11:08:53 336 125 40 33 1531 25 1531 2 46 60</string>
    <string>2016-10-18 11:08:54 337 107 40 24 1536 25 1536 2 47 60</string>
    <string>2016-10-18 11:08:56 340 85 40 14 1549 25 1549 2 48 60</string>
    <string>2016-10-18 11:08:56 341 66 40 5 1554 25 1554 2 49 60</string>
    <string>2016-10-18 11:08:56 342 127 40 34 1559 25 1559 2 49 60</string>
    <string>2016-10-18 11:08:57 343 71 40 8 1563 25 1563 2 50 60</string>
    <string>2016-10-18 11:08:57 344 133 40 36 1568 25 1568 2 50 60</string>
    <string>2016-10-18 11:08:58 345 118 40 30 1572 25 1572 2 51 60</string>
    <string>2016-10-18 11:08:58 346 100 40 21 1577 25 1577 2 51 60</string>
    <string>2016-10-18 11:08:59 347 119 40 30 1582 25 1582 2 52 60</string>
    <string>2016-10-18 11:08:59 348 105 40 24 1586 25 1586 2 52 60</string>
    <string>2016-10-18 11:09:00 349 86 40 15 1591 25 1591 2 53 60</string>
    <string>2016-10-18 11:09:00 350 110 40 26 1595 25 1595 2 53 60</string>
    <string>2016-10-18 11:09:01 351 92 40 17 1600 25 1600 2 54 60</string>
    <string>2016-10-18 11:09:01 352 77 40 11 1604 25 1604 2 54 60</string>
    <string>2016-10-18 11:09:02 353 139 40 39 1609 25 1609 2 55 60</string>
    <string>2016-10-18 11:09:02 354 78 40 11 1614 25 1614 2 55 60</string>
    <string>2016-10-18 11:09:03 355 64 40 5 1618 25 1618 2 56 60</string>
    <string>2016-10-18 11:09:03 356 125 40 33 1623 25 1623 2 56 60</string>
    <string>2016-10-18 11:09:04 357 69 40 7 1627 25 1627 2 57 60</string>
    <string>2016-10-18 11:09:04 358 131 40 35 1632 25 1632 2 57 60</string>
    <string>2016-10-18 11:09:05 359 117 40 29 1636 25 1636 2 58 60</string>
    <string>2016-10-18 11:09:05 360 98 40 20 1641 25 1641 2 58 60</string>
    <string>2016-10-18 11:09:06 361 117 40 29 1646 25 1646 2 59 60</string>
    <string>2016-10-18 11:09:06 362 103 40 23 1650 25 1650 2 59 60</string>
    <string>2016-10-18 11:09:07 363 85 40 14 1655 25 1655 3 0 60</string>
    <string>2016-10-18 11:09:07 364 109 40 25 1659 25 1659 3 0 60</string>
    <string>2016-10-18 11:09:08 365 90 40 17 1664 25 1664 3 1 60</string>
    <string>2016-10-18 11:09:08 366 76 40 10 1668 25 1668 3 1 60</string>
    <string>2016-10-18 11:09:09 367 137 40 38 1673 25 1673 3 2 60</string>
    <string>2016-10-18 11:09:09 368 77 40 10 1678 25 1678 3 2 60</string>
    <string>2016-10-18 11:09:10 369 62 40 4 1682 25 1682 3 3 60</string>
    <string>2016-10-18 11:09:10 370 124 40 32 1687 25 1687 3 3 60</string>
    <string>2016-10-18 11:09:11 371 68 40 6 1691 25 1691 3 4 60</string>
    <string>2016-10-18 11:09:11 372 129 40 35 1696 25 1696 3 4 60</string>
    <string>2016-10-18 11:09:12 373 110 40 26 1701 25 1701 3 5 60</string>
    <string>2016-10-18 11:09:12 374 96 40 19 1705 25 1705 3 5 60</string>
    <string>2016-10-18 11:09:13 375 116 40 28 1710 25 1710 3 6 60</string>
    <string>2016-10-18 11:09:13 376 101 40 22 1714 25 1714 3 6 60</string>
    <string>2016-10-18 11:09:14 377 83 40 13 1719 25 1719 3 7 60</string>
    <string>2016-10-18 11:09:14 378 107 40 24 1723 25 1723 3 7 60</string>
    <string>2016-10-18 11:09:15 379 88 40 16 1728 25 1728 3 8 60</string>
    <string>2016-10-18 11:09:15 380 74 40 9 1732 25 1732 3 8 60</string>
    <string>2016-10-18 11:09:17 383 89 40 16 1746 25 1746 3 10 60</string>
    <string>2016-10-18 11:09:17 383 89 40 16 1746 25 1746 3 10 60</string>
    <string>2016-10-18 11:09:18 386 76 40 10 1760 25 1760 3 11 60</string>
    <string>2016-10-18 11:09:18 386 76 40 10 1760 25 1760 3 11 60</string>
    <string>2016-10-18 11:09:19 387 108 40 25 1765 25 1765 3 12 60</string>
    <string>2016-10-18 11:09:19 388 94 40 19 1769 25 1769 3 12 60</string>
    <string>2016-10-18 11:09:20 389 114 40 28 1774 25 1774 3 13 60</string>
    <string>2016-10-18 11:09:20 390 100 40 21 1778 25 1778 3 13 60</string>
    <string>2016-10-18 11:09:21 391 81 40 12 1783 25 1783 3 14 60</string>
    <string>2016-10-18 11:09:22 394 68 40 6 1797 25 1797 3 15 60</string>
    <string>2016-10-18 11:09:22 394 68 40 6 1797 25 1797 3 15 60</string>
    <string>2016-10-18 11:09:23 396 73 40 9 1806 25 1806 3 16 60</string>
    <string>2016-10-18 11:09:24 397 110 40 26 1810 25 1810 3 17 60</string>
    <string>2016-10-18 11:09:25 399 64 40 5 1819 25 1819 3 18 60</string>
    <string>2016-10-18 11:09:25 399 64 40 5 1819 25 1819 3 18 60</string>
    <string>2016-10-18 11:09:25 400 125 40 33 1824 25 1824 3 18 60</string>
    <string>2016-10-18 11:09:26 402 108 40 25 1833 25 1833 3 19 60</string>
    <string>2016-10-18 11:09:27 404 98 40 20 1841 25 1841 3 20 60</string>
    <string>2016-10-18 11:09:28 405 66 40 5 1846 25 1846 3 21 60</string>
    <string>2016-10-18 11:09:28 406 132 40 36 1850 25 1850 3 21 60</string>
    <string>2016-10-18 11:09:28 406 132 40 36 1850 25 1850 3 21 60</string>
    <string>2016-10-18 11:09:29 407 113 40 27 1855 25 1855 3 22 60</string>
    <string>2016-10-18 11:09:29 408 137 40 38 1859 25 1859 3 22 60</string>
    <string>2016-10-18 11:09:30 409 118 40 30 1864 25 1864 3 23 60</string>
    <string>2016-10-18 11:09:30 410 100 40 21 1869 25 1869 3 23 60</string>
    <string>2016-10-18 11:09:32 413 91 40 17 1882 25 1882 3 25 60</string>
    <string>2016-10-18 11:09:32 413 91 40 17 1882 25 1882 3 25 60</string>
    <string>2016-10-18 11:09:32 414 72 40 8 1887 25 1887 3 25 60</string>
    <string>2016-10-18 11:09:33 415 96 40 19 1891 25 1891 3 26 60</string>
    <string>2016-10-18 11:09:33 416 77 40 11 1896 25 1896 3 26 60</string>
    <string>2016-10-18 11:09:34 417 139 40 39 1901 25 1901 3 27 60</string>
    <string>2016-10-18 11:09:34 418 125 40 33 1905 25 1905 3 27 60</string>
    <string>2016-10-18 11:09:35 419 64 40 5 1910 25 1910 3 28 60</string>
    <string>2016-10-18 11:09:35 420 130 40 35 1914 25 1914 3 28 60</string>
    <string>2016-10-18 11:09:36 421 111 40 26 1919 25 1919 3 29 60</string>
    <string>2016-10-18 11:09:36 422 93 40 18 1924 25 1924 3 29 60</string>
    <string>2016-10-18 11:09:37 423 117 40 29 1928 25 1928 3 30 60</string>
    <string>2016-10-18 11:09:37 424 98 40 20 1933 25 1933 3 30 60</string>
    <string>2016-10-18 11:09:38 425 84 40 14 1937 25 1937 3 31 60</string>
    <string>2016-10-18 11:09:38 426 103 40 23 1942 25 1942 3 31 60</string>
    <string>2016-10-18 11:09:39 427 89 40 16 1946 25 1946 3 32 60</string>
    <string>2016-10-18 11:09:39 428 70 40 8 1951 25 1951 3 32 60</string>
    <string>2016-10-18 11:09:40 429 132 40 36 1956 25 1956 3 33 60</string>
    <string>2016-10-18 11:09:40 430 76 40 10 1960 25 1960 3 33 60</string>
    <string>2016-10-18 11:09:41 431 137 40 38 1965 25 1965 3 34 60</string>
    <string>2016-10-18 11:09:41 432 123 40 32 1969 25 1969 3 34 60</string>
    <string>2016-10-18 11:09:42 433 62 40 4 1974 25 1974 3 35 60</string>
    <string>2016-10-18 11:09:42 434 128 40 34 1978 25 1978 3 35 60</string>
    <string>2016-10-18 11:09:43 435 109 40 26 1983 25 1983 3 35 60</string>
    <string>2016-10-18 11:09:43 436 91 40 17 1988 25 1988 3 36 60</string>
    <string>2016-10-18 11:09:44 437 115 40 28 1992 25 1992 3 36 60</string>
    <string>2016-10-18 11:09:44 438 96 40 19 1997 25 1997 3 37 60</string>
    <string>2016-10-18 11:09:45 439 82 40 13 2001 25 2001 3 37 60</string>
    <string>2016-10-18 11:09:45 440 101 40 22 2006 25 2006 3 38 60</string>
    <string>2016-10-18 11:09:46 441 87 40 15 2010 25 2010 3 38 60</string>
    <string>2016-10-18 11:09:46 442 69 40 7 2015 25 2015 3 39 60</string>
    <string>2016-10-18 11:09:47 443 130 40 35 2020 25 2020 3 39 60</string>
    <string>2016-10-18 11:09:47 444 74 40 9 2024 25 2024 3 40 60</string>
    <string>2016-10-18 11:09:48 445 135 40 37 2029 25 2029 3 40 60</string>
    <string>2016-10-18 11:09:48 446 121 40 31 2033 25 2033 3 41 60</string>
    <string>2016-10-18 11:09:49 447 60 40 3 2038 25 2038 3 41 60</string>
    <string>2016-10-18 11:09:49 448 126 40 33 2042 25 2042 3 42 60</string>
    <string>2016-10-18 11:09:50 449 108 40 25 2047 25 2047 3 42 60</string>
    <string>2016-10-18 11:09:50 450 89 40 16 2052 25 2052 3 43 60</string>
    <string>2016-10-18 11:09:51 451 113 40 27 2056 25 2056 3 43 60</string>
    <string>2016-10-18 11:09:51 452 94 40 19 2061 25 2061 3 44 60</string>
    <string>2016-10-18 11:09:52 453 80 40 12 2065 25 2065 3 44 60</string>
    <string>2016-10-18 11:09:52 454 100 40 21 2070 25 2070 3 45 60</string>
    <string>2016-10-18 11:09:53 455 85 40 14 2074 25 2074 3 45 60</string>
    <string>2016-10-18 11:09:53 456 67 40 6 2079 25 2079 3 46 60</string>
    <string>2016-10-18 11:09:54 457 128 40 34 2084 25 2084 3 46 60</string>
    <string>2016-10-18 11:09:54 458 72 40 8 2088 25 2088 3 47 60</string>
    <string>2016-10-18 11:09:55 459 133 40 37 2093 25 2093 3 47 60</string>
    <string>2016-10-18 11:09:55 460 119 40 30 2097 25 2097 3 48 60</string>
    <string>2016-10-18 11:09:56 461 139 40 39 2102 25 2102 3 48 60</string>
    <string>2016-10-18 11:09:56 462 120 40 30 2107 25 2107 3 49 60</string>
    <string>2016-10-18 11:09:57 463 106 40 24 2111 25 2111 3 49 60</string>
    <string>2016-10-18 11:09:57 464 87 40 15 2116 25 2116 3 50 60</string>
    <string>2016-10-18 11:09:58 465 111 40 26 2120 25 2120 3 50 60</string>
    <string>2016-10-18 11:09:58 466 92 40 18 2125 25 2125 3 51 60</string>
    <string>2016-10-18 11:09:59 467 78 40 11 2129 25 2129 3 51 60</string>
    <string>2016-10-18 11:09:59 468 98 40 20 2134 25 2134 3 52 60</string>
    <string>2016-10-18 11:10:00 469 79 40 12 2139 25 2139 3 52 60</string>
    <string>2016-10-18 11:10:00 470 65 40 5 2143 25 2143 3 53 60</string>
    <string>2016-10-18 11:10:01 471 126 40 33 2148 25 2148 3 53 60</string>
    <string>2016-10-18 11:10:01 472 70 40 7 2152 25 2152 3 54 60</string>
    <string>2016-10-18 11:10:02 474 117 40 29 2161 25 2161 3 55 60</string>
    <string>2016-10-18 11:10:03 475 137 40 38 2166 25 2166 3 55 60</string>
    <string>2016-10-18 11:10:04 477 104 40 23 2175 25 2175 3 56 60</string>
    <string>2016-10-18 11:10:04 477 104 40 23 2175 25 2175 3 56 60</string>
    <string>2016-10-18 11:10:04 478 85 40 14 2180 25 2180 3 57 60</string>
    <string>2016-10-18 11:10:05 479 109 40 26 2184 25 2184 3 57 60</string>
    <string>2016-10-18 11:10:06 482 73 40 9 2198 25 2198 3 59 60</string>
    <string>2016-10-18 11:10:06 482 73 40 9 2198 25 2198 3 59 60</string>
    <string>2016-10-18 11:10:07 484 79 40 11 2207 25 2207 4 0 60</string>
    <string>2016-10-18 11:10:07 484 79 40 11 2207 25 2207 4 0 60</string>
    <string>2016-10-18 11:10:08 485 64 40 5 2211 25 2211 4 0 60</string>
    <string>2016-10-18 11:10:08 486 84 40 14 2216 25 2216 4 1 60</string>
    <string>2016-10-18 11:10:09 487 65 40 5 2221 25 2221 4 1 60</string>
    <string>2016-10-18 11:10:09 488 131 40 36 2225 25 2225 4 2 60</string>
    <string>2016-10-18 11:10:10 489 112 40 27 2230 25 2230 4 2 60</string>
    <string>2016-10-18 11:10:10 490 136 40 38 2234 25 2234 4 3 60</string>
    <string>2016-10-18 11:10:11 491 118 40 29 2239 25 2239 4 3 60</string>
    <string>2016-10-18 11:10:11 492 104 40 23 2243 25 2243 4 4 60</string>
    <string>2016-10-18 11:10:12 493 123 40 32 2248 25 2248 4 4 60</string>
    <string>2016-10-18 11:10:12 494 104 40 23 2253 25 2253 4 5 60</string>
    <string>2016-10-18 11:10:13 495 90 40 17 2257 25 2257 4 5 60</string>
    <string>2016-10-18 11:10:13 496 72 40 8 2262 25 2262 4 6 60</string>
    <string>2016-10-18 11:10:14 497 96 40 19 2266 25 2266 4 6 60</string>
    <string>2016-10-18 11:10:14 498 77 40 11 2271 25 2271 4 7 60</string>
    <string>2016-10-18 11:10:15 499 63 40 4 2275 25 2275 4 7 60</string>
    <string>2016-10-18 11:10:15 500 82 40 13 2280 25 2280 4 8 60</string>
    <string>2016-10-18 11:10:16 501 63 40 4 2285 25 2285 4 8 60</string>
    <string>2016-10-18 11:10:16 502 129 40 35 2289 25 2289 4 9 60</string>
    <string>2016-10-18 11:10:17 503 111 40 26 2294 25 2294 4 9 60</string>
  </Results>
</ServerData>