<?xml version="1.0"?>
<ServerData xmlns:xsi="http://www.w3.org/2001/XMLSchema-instance" xmlns:xsd="http://www.w3.org/2001/XMLSchema">
  <Name>fjwioeafj</Name>
  <Password>jfeiw</Password>
  <Doctor>false</Doctor>
  <Messages />
  <Results>
    <string>2016-10-19 09:54:03 1 10 40 2 0 25 0 0 0 60</string>
    <string>2016-10-19 09:54:03 2 82 40 143 4 25 4 0 0 60</string>
    <string>2016-10-19 09:54:04 3 64 40 27 9 25 9 0 0 60</string>
    <string>2016-10-19 09:54:04 4 101 40 258 13 25 13 0 1 60</string>
    <string>2016-10-19 09:54:05 5 126 40 418 18 25 18 0 1 60</string>
    <string>2016-10-19 09:54:05 6 63 40 25 22 25 22 0 2 60</string>
    <string>2016-10-19 09:54:06 7 116 40 354 26 25 26 0 2 60</string>
    <string>2016-10-19 09:54:06 8 113 40 335 31 25 31 0 3 60</string>
    <string>2016-10-19 09:54:07 9 99 40 246 35 25 35 0 3 60</string>
    <string>2016-10-19 09:54:07 10 67 40 48 40 25 40 0 4 60</string>
    <string>2016-10-19 09:54:08 11 133 40 459 44 25 44 0 4 60</string>
    <string>2016-10-19 09:54:08 12 93 40 207 48 25 48 0 5 60</string>
    <string>2016-10-19 09:54:09 13 74 40 90 53 25 53 0 5 60</string>
    <string>2016-10-19 09:54:09 14 135 40 473 58 25 58 0 6 60</string>
    <string>2016-10-19 09:54:10 15 121 40 384 62 25 62 0 6 60</string>
    <string>2016-10-19 09:54:10 16 109 40 311 66 25 66 0 7 60</string>
    <string>2016-10-19 09:54:11 17 135 40 471 71 25 71 0 7 60</string>
    <string>2016-10-19 09:54:11 18 123 40 398 75 25 75 0 8 60</string>
    <string>2016-10-19 09:54:12 19 109 40 309 79 25 79 0 8 60</string>
    <string>2016-10-19 09:54:12 20 62 40 14 84 25 84 0 9 60</string>
    <string>2016-10-19 09:54:13 21 123 40 397 89 25 89 0 9 60</string>
    <string>2016-10-19 09:54:13 22 67 40 47 93 25 93 0 10 60</string>
    <string>2016-10-19 09:54:14 23 77 40 110 98 25 98 0 10 60</string>
    <string>2016-10-19 09:54:14 24 101 40 259 102 25 102 0 11 60</string>
    <string>2016-10-19 09:54:15 25 82 40 143 107 25 107 0 11 60</string>
    <string>2016-10-19 09:54:15 26 64 40 27 112 25 112 0 12 60</string>
    <string>2016-10-19 09:54:16 27 129 40 437 116 25 116 0 12 60</string>
    <string>2016-10-19 09:54:16 28 69 40 60 121 25 121 0 13 60</string>
    <string>2016-10-19 09:54:17 29 83 40 150 125 25 125 0 13 60</string>
    <string>2016-10-19 09:54:17 30 72 40 77 129 25 129 0 14 60</string>
    <string>2016-10-19 09:54:18 31 133 40 460 134 25 134 0 14 60</string>
    <string>2016-10-19 09:54:18 32 77 40 110 138 25 138 0 15 60</string>
    <string>2016-10-19 09:54:19 33 138 40 493 143 25 143 0 15 60</string>
    <string>2016-10-19 09:54:19 34 120 40 376 148 25 148 0 16 60</string>
    <string>2016-10-19 09:54:20 35 106 40 288 152 25 152 0 16 60</string>
    <string>2016-10-19 09:54:20 36 74 40 90 157 25 157 0 17 60</string>
    <string>2016-10-19 09:54:21 37 60 40 1 161 25 161 0 17 60</string>
    <string>2016-10-19 09:54:21 38 108 40 302 166 25 166 0 18 60</string>
    <string>2016-10-19 09:54:22 39 94 40 213 170 25 170 0 18 60</string>
    <string>2016-10-19 09:54:22 40 113 40 335 175 25 175 0 19 60</string>
    <string>2016-10-19 09:54:23 41 115 40 344 179 25 179 0 19 60</string>
    <string>2016-10-19 09:54:23 42 111 40 325 184 25 184 0 20 60</string>
    <string>2016-10-19 09:54:24 43 84 40 154 188 25 188 0 20 60</string>
    <string>2016-10-19 09:54:24 44 66 40 38 193 25 193 0 21 60</string>
    <string>2016-10-19 09:54:25 45 131 40 448 197 25 197 0 21 60</string>
    <string>2016-10-19 09:54:25 46 113 40 332 202 25 202 0 22 60</string>
    <string>2016-10-19 09:54:26 47 137 40 482 206 25 206 0 22 60</string>
    <string>2016-10-19 09:54:26 48 67 40 45 211 25 211 0 23 60</string>
    <string>2016-10-19 09:54:27 49 91 40 195 215 25 215 0 23 60</string>
    <string>2016-10-19 09:54:27 50 72 40 78 220 25 220 0 24 60</string>
    <string>2016-10-19 09:54:28 51 133 40 461 225 25 225 0 24 60</string>
    <string>2016-10-19 09:54:28 52 135 40 470 229 25 229 0 25 60</string>
    <string>2016-10-19 09:54:29 53 107 40 299 233 25 233 0 25 60</string>
    <string>2016-10-19 09:54:29 54 120 40 378 238 25 238 0 26 60</string>
    <string>2016-10-19 09:54:30 55 106 40 289 242 25 242 0 26 60</string>
    <string>2016-10-19 09:54:30 56 87 40 172 247 25 247 0 27 60</string>
    <string>2016-10-19 09:54:31 57 111 40 322 251 25 251 0 27 60</string>
    <string>2016-10-19 09:54:31 58 92 40 206 256 25 256 0 28 60</string>
    <string>2016-10-19 09:54:32 59 61 40 8 261 25 261 0 28 60</string>
    <string>2016-10-19 09:54:32 60 126 40 418 265 25 265 0 29 60</string>
    <string>2016-10-19 09:54:33 61 108 40 301 270 25 270 0 29 60</string>
    <string>2016-10-19 09:54:33 62 132 40 451 274 25 274 0 30 60</string>
    <string>2016-10-19 09:54:34 63 113 40 335 279 25 279 0 30 60</string>
    <string>2016-10-19 09:54:34 64 99 40 246 283 25 283 0 31 60</string>
    <string>2016-10-19 09:54:35 65 83 40 145 288 25 288 0 31 60</string>
    <string>2016-10-19 09:54:35 66 84 40 154 292 25 292 0 32 60</string>
    <string>2016-10-19 09:54:36 67 94 40 217 297 25 297 0 32 60</string>
    <string>2016-10-19 09:54:36 68 118 40 366 301 25 301 0 33 60</string>
    <string>2016-10-19 09:54:37 69 99 40 250 306 25 306 0 33 60</string>
    <string>2016-10-19 09:54:37 70 81 40 133 311 25 311 0 34 60</string>
    <string>2016-10-19 09:54:38 71 105 40 283 315 25 315 0 34 60</string>
    <string>2016-10-19 09:54:38 72 86 40 167 320 25 320 0 35 60</string>
    <string>2016-10-19 09:54:39 73 72 40 78 324 25 324 0 35 60</string>
    <string>2016-10-19 09:54:39 74 120 40 379 329 25 329 0 36 60</string>
    <string>2016-10-19 09:54:40 75 106 40 290 333 25 333 0 36 60</string>
    <string>2016-10-19 09:54:40 76 74 40 92 338 25 338 0 37 60</string>
    <string>2016-10-19 09:54:41 77 104 40 280 342 25 342 0 37 60</string>
    <string>2016-10-19 09:54:41 78 93 40 207 346 25 346 0 38 60</string>
    <string>2016-10-19 09:54:42 79 103 40 269 351 25 351 0 38 60</string>
    <string>2016-10-19 09:54:42 80 127 40 419 355 25 355 0 39 60</string>
    <string>2016-10-19 09:54:43 81 137 40 482 360 25 360 0 39 60</string>
    <string>2016-10-19 09:54:43 82 81 40 132 364 25 364 0 40 60</string>
    <string>2016-10-19 09:54:44 83 62 40 16 369 25 369 0 40 60</string>
    <string>2016-10-19 09:54:44 84 63 40 25 373 25 373 0 41 60</string>
    <string>2016-10-19 09:54:45 85 112 40 325 378 25 378 0 41 60</string>
    <string>2016-10-19 09:54:45 86 97 40 237 382 25 382 0 42 60</string>
    <string>2016-10-19 09:54:46 87 79 40 120 387 25 387 0 42 60</string>
    <string>2016-10-19 09:54:46 88 103 40 270 391 25 391 0 43 60</string>
    <string>2016-10-19 09:54:47 89 115 40 348 396 25 396 0 43 60</string>
    <string>2016-10-19 09:54:47 90 130 40 439 400 25 400 0 44 60</string>
    <string>2016-10-19 09:54:48 91 69 40 62 405 25 405 0 44 60</string>
    <string>2016-10-19 09:54:48 92 135 40 472 409 25 409 0 45 60</string>
    <string>2016-10-19 09:54:49 93 116 40 355 414 25 414 0 45 60</string>
    <string>2016-10-19 09:54:49 94 60 40 6 418 25 418 0 46 60</string>
    <string>2016-10-19 09:54:50 95 122 40 389 423 25 423 0 46 60</string>
    <string>2016-10-19 09:54:50 96 103 40 272 428 25 428 0 47 60</string>
    <string>2016-10-19 09:54:51 97 89 40 184 432 25 432 0 47 60</string>
    <string>2016-10-19 09:54:51 98 108 40 305 437 25 437 0 48 60</string>
    <string>2016-10-19 09:54:52 99 94 40 217 441 25 441 0 48 60</string>
    <string>2016-10-19 09:54:52 100 91 40 198 446 25 446 0 49 60</string>
    <string>2016-10-19 09:54:53 101 93 40 206 450 25 450 0 49 60</string>
    <string>2016-10-19 09:54:53 102 94 40 215 454 25 454 0 50 60</string>
    <string>2016-10-19 09:54:54 103 113 40 337 459 25 459 0 50 60</string>
    <string>2016-10-19 09:54:54 104 99 40 248 463 25 463 0 51 60</string>
    <string>2016-10-19 09:54:55 105 67 40 50 468 25 468 0 51 60</string>
    <string>2016-10-19 09:54:55 106 133 40 461 472 25 472 0 52 60</string>
    <string>2016-10-19 09:54:56 107 115 40 344 477 25 477 0 52 60</string>
    <string>2016-10-19 09:54:56 108 96 40 228 482 25 482 0 53 60</string>
    <string>2016-10-19 09:54:57 109 120 40 377 486 25 486 0 53 60</string>
    <string>2016-10-19 09:54:57 110 101 40 261 491 25 491 0 54 60</string>
    <string>2016-10-19 09:54:58 111 87 40 172 495 25 495 0 54 60</string>
    <string>2016-10-19 09:54:58 112 107 40 294 500 25 500 0 55 60</string>
    <string>2016-10-19 09:54:59 113 108 40 303 504 25 504 0 55 60</string>
    <string>2016-10-19 09:54:59 114 82 40 143 509 25 509 0 56 60</string>
    <string>2016-10-19 09:55:00 115 106 40 292 513 25 513 0 56 60</string>
    <string>2016-10-19 09:55:00 116 88 40 176 518 25 518 0 57 60</string>
    <string>2016-10-19 09:55:01 117 112 40 326 522 25 522 0 57 60</string>
    <string>2016-10-19 09:55:01 118 93 40 209 527 25 527 0 58 60</string>
    <string>2016-10-19 09:55:02 119 66 40 39 531 25 531 0 58 60</string>
    <string>2016-10-19 09:55:02 120 76 40 101 536 25 536 0 59 60</string>
    <string>2016-10-19 09:55:03 121 100 40 251 540 25 540 0 59 60</string>
    <string>2016-10-19 09:55:03 122 81 40 135 545 25 545 1 0 60</string>
    <string>2016-10-19 09:55:04 123 67 40 46 549 25 549 1 0 60</string>
    <string>2016-10-19 09:55:04 124 128 40 428 554 25 554 1 1 60</string>
    <string>2016-10-19 09:55:05 125 81 40 133 558 25 558 1 1 60</string>
    <string>2016-10-19 09:55:05 126 129 40 434 563 25 563 1 2 60</string>
    <string>2016-10-19 09:55:06 127 115 40 345 567 25 567 1 2 60</string>
  </Results>
</ServerData>