<?xml version="1.0"?>
<ServerData xmlns:xsi="http://www.w3.org/2001/XMLSchema-instance" xmlns:xsd="http://www.w3.org/2001/XMLSchema">
  <Name>fkwijfaoi</Name>
  <Password>fjeiwowjfe</Password>
  <Doctor>false</Doctor>
  <Messages />
  <Results>
    <string>2016-10-19 09:48:11 1 10 40 2 0 25 0 0 0 60</string>
    <string>2016-10-19 09:48:11 2 107 40 298 4 25 4 0 0 60</string>
    <string>2016-10-19 09:48:12 3 67 40 46 8 25 8 0 0 60</string>
    <string>2016-10-19 09:48:12 4 81 40 137 12 25 12 0 1 60</string>
    <string>2016-10-19 09:48:13 5 130 40 437 17 25 17 0 1 60</string>
    <string>2016-10-19 09:48:13 6 102 40 267 21 25 21 0 2 60</string>
    <string>2016-10-19 09:48:14 7 92 40 205 26 25 26 0 2 60</string>
    <string>2016-10-19 09:48:14 8 81 40 132 30 25 30 0 3 60</string>
    <string>2016-10-19 09:48:15 9 98 40 238 34 25 34 0 3 60</string>
    <string>2016-10-19 09:48:15 10 99 40 247 38 25 38 0 4 60</string>
    <string>2016-10-19 09:48:16 11 65 40 33 42 25 42 0 4 60</string>
    <string>2016-10-19 09:48:16 12 62 40 14 47 25 47 0 5 60</string>
    <string>2016-10-19 09:48:17 13 130 40 440 51 25 51 0 5 60</string>
    <string>2016-10-19 09:48:17 14 116 40 351 55 25 55 0 6 60</string>
    <string>2016-10-19 09:48:18 15 75 40 99 59 25 59 0 6 60</string>
    <string>2016-10-19 09:48:18 16 101 40 259 64 25 64 0 7 60</string>
    <string>2016-10-19 09:48:19 17 89 40 186 68 25 68 0 7 60</string>
    <string>2016-10-19 09:48:19 18 104 40 276 72 25 72 0 8 60</string>
    <string>2016-10-19 09:48:20 19 101 40 257 77 25 77 0 8 60</string>
    <string>2016-10-19 09:48:20 20 133 40 461 81 25 81 0 9 60</string>
    <string>2016-10-19 09:48:21 21 122 40 388 85 25 85 0 9 60</string>
    <string>2016-10-19 09:48:21 22 87 40 174 89 25 89 0 10 60</string>
    <string>2016-10-19 09:48:22 23 133 40 459 93 25 93 0 10 60</string>
    <string>2016-10-19 09:48:22 24 70 40 66 97 25 97 0 11 60</string>
    <string>2016-10-19 09:48:23 25 110 40 313 101 25 101 0 11 60</string>
    <string>2016-10-19 09:48:23 26 75 40 100 105 25 105 0 12 60</string>
    <string>2016-10-19 09:48:24 27 64 40 27 109 25 109 0 12 60</string>
    <string>2016-10-19 09:48:24 28 94 40 214 113 25 113 0 13 60</string>
    <string>2016-10-19 09:48:25 29 106 40 293 118 25 118 0 13 60</string>
    <string>2016-10-19 09:48:25 30 95 40 220 122 25 122 0 14 60</string>
    <string>2016-10-19 09:48:26 31 125 40 408 126 25 126 0 14 60</string>
    <string>2016-10-19 09:48:26 32 62 40 15 130 25 130 0 15 60</string>
    <string>2016-10-19 09:48:27 33 63 40 24 134 25 134 0 15 60</string>
    <string>2016-10-19 09:48:27 34 60 40 4 139 25 139 0 16 60</string>
    <string>2016-10-19 09:48:28 35 128 40 431 143 25 143 0 16 60</string>
    <string>2016-10-19 09:48:28 36 117 40 358 147 25 147 0 17 60</string>
    <string>2016-10-19 09:48:29 37 111 40 323 151 25 151 0 17 60</string>
    <string>2016-10-19 09:48:29 38 115 40 347 155 25 155 0 18 60</string>
    <string>2016-10-19 09:48:30 39 116 40 356 159 25 159 0 18 60</string>
    <string>2016-10-19 09:48:30 40 82 40 142 163 25 163 0 19 60</string>
    <string>2016-10-19 09:48:31 41 122 40 389 167 25 167 0 19 60</string>
    <string>2016-10-19 09:48:31 42 81 40 132 172 25 172 0 20 60</string>
    <string>2016-10-19 09:48:32 43 69 40 59 176 25 176 0 20 60</string>
    <string>2016-10-19 09:48:32 44 137 40 485 180 25 180 0 21 60</string>
    <string>2016-10-19 09:48:33 45 74 40 92 184 25 184 0 21 60</string>
    <string>2016-10-19 09:48:33 46 91 40 198 188 25 188 0 22 60</string>
    <string>2016-10-19 09:48:34 47 137 40 483 192 25 192 0 22 60</string>
    <string>2016-10-19 09:48:34 48 103 40 270 196 25 196 0 23 60</string>
    <string>2016-10-19 09:48:35 49 71 40 71 201 25 201 0 23 60</string>
    <string>2016-10-19 09:48:35 50 139 40 498 205 25 205 0 24 60</string>
    <string>2016-10-19 09:48:36 51 76 40 105 209 25 209 0 24 60</string>
    <string>2016-10-19 09:48:36 52 106 40 292 213 25 213 0 25 60</string>
    <string>2016-10-19 09:48:37 53 132 40 452 218 25 218 0 25 60</string>
    <string>2016-10-19 09:48:37 54 76 40 103 222 25 222 0 26 60</string>
    <string>2016-10-19 09:48:38 55 122 40 388 226 25 226 0 26 60</string>
    <string>2016-10-19 09:48:38 56 103 40 272 230 25 230 0 27 60</string>
    <string>2016-10-19 09:48:39 57 120 40 378 234 25 234 0 27 60</string>
    <string>2016-10-19 09:48:39 57 120 40 378 234 25 234 0 27 60</string>
    <string>2016-10-19 09:48:40 58 73 40 82 238 25 238 0 28 60</string>
    <string>2016-10-19 09:48:40 59 74 40 91 242 25 242 0 28 60</string>
    <string>2016-10-19 09:48:41 60 71 40 72 247 25 247 0 29 60</string>
    <string>2016-10-19 09:48:41 61 88 40 178 251 25 251 0 29 60</string>
    <string>2016-10-19 09:48:42 62 128 40 425 255 25 255 0 30 60</string>
    <string>2016-10-19 09:48:42 63 65 40 32 259 25 259 0 30 60</string>
    <string>2016-10-19 09:48:43 64 75 40 95 264 25 264 0 31 60</string>
    <string>2016-10-19 09:48:43 65 99 40 245 268 25 268 0 31 60</string>
    <string>2016-10-19 09:48:44 66 129 40 432 272 25 272 0 32 60</string>
    <string>2016-10-19 09:48:44 67 61 40 12 277 25 277 0 32 60</string>
    <string>2016-10-19 09:48:45 68 91 40 199 281 25 281 0 33 60</string>
    <string>2016-10-19 09:48:45 69 131 40 446 285 25 285 0 33 60</string>
    <string>2016-10-19 09:48:46 70 128 40 427 290 25 290 0 34 60</string>
    <string>2016-10-19 09:48:46 71 65 40 34 294 25 294 0 34 60</string>
    <string>2016-10-19 09:48:47 72 82 40 141 298 25 298 0 35 60</string>
    <string>2016-10-19 09:48:47 73 121 40 382 303 25 303 0 35 60</string>
    <string>2016-10-19 09:48:48 74 93 40 212 307 25 307 0 36 60</string>
    <string>2016-10-19 09:48:48 75 62 40 14 312 25 312 0 36 60</string>
    <string>2016-10-19 09:48:49 76 79 40 120 316 25 316 0 37 60</string>
    <string>2016-10-19 09:48:49 77 80 40 129 320 25 320 0 37 60</string>
    <string>2016-10-19 09:48:50 78 81 40 137 324 25 324 0 38 60</string>
    <string>2016-10-19 09:48:50 79 78 40 118 329 25 329 0 38 60</string>
    <string>2016-10-19 09:48:51 80 127 40 419 333 25 333 0 39 60</string>
    <string>2016-10-19 09:48:51 81 128 40 428 337 25 337 0 39 60</string>
    <string>2016-10-19 09:48:52 82 101 40 258 341 25 341 0 40 60</string>
    <string>2016-10-19 09:48:52 83 82 40 141 346 25 346 0 40 60</string>
    <string>2016-10-19 09:48:53 84 68 40 53 350 25 350 0 41 60</string>
    <string>2016-10-19 09:48:53 85 87 40 174 355 25 355 0 41 60</string>
    <string>2016-10-19 09:48:54 86 89 40 183 359 25 359 0 42 60</string>
    <string>2016-10-19 09:48:54 87 99 40 246 364 25 364 0 42 60</string>
    <string>2016-10-19 09:48:55 88 123 40 395 368 25 368 0 43 60</string>
    <string>2016-10-19 09:48:55 89 104 40 279 373 25 373 0 43 60</string>
    <string>2016-10-19 09:48:56 90 77 40 109 377 25 377 0 44 60</string>
    <string>2016-10-19 09:48:56 91 138 40 491 382 25 382 0 44 60</string>
    <string>2016-10-19 09:48:57 92 111 40 321 386 25 386 0 45 60</string>
    <string>2016-10-19 09:48:57 93 128 40 427 390 25 390 0 45 60</string>
    <string>2016-10-19 09:48:58 94 74 40 88 395 25 395 0 46 60</string>
    <string>2016-10-19 09:48:58 95 98 40 238 399 25 399 0 46 60</string>
    <string>2016-10-19 09:48:59 96 92 40 203 404 25 404 0 47 60</string>
  </Results>
</ServerData>