<?xml version="1.0"?>
<ServerData xmlns:xsi="http://www.w3.org/2001/XMLSchema-instance" xmlns:xsd="http://www.w3.org/2001/XMLSchema">
  <Name>fwafew</Name>
  <Password>jiw</Password>
  <Doctor>false</Doctor>
  <Messages>
    <string>message_Dokter_Dokter lol has been disconnected</string>
  </Messages>
  <Results>
    <string>2016-10-19 10:05:19 1 10 40 2 0 25 0 0 0 60</string>
    <string>2016-10-19 10:05:19 2 81 40 133 4 25 4 0 0 60</string>
    <string>2016-10-19 10:05:20 3 82 40 142 8 25 8 0 0 60</string>
    <string>2016-10-19 10:05:20 4 102 40 264 13 25 13 0 1 60</string>
    <string>2016-10-19 10:05:21 5 87 40 175 17 25 17 0 1 60</string>
    <string>2016-10-19 10:05:21 6 69 40 58 22 25 22 0 2 60</string>
    <string>2016-10-19 10:05:22 7 130 40 441 27 25 27 0 2 60</string>
    <string>2016-10-19 10:05:22 8 74 40 92 31 25 31 0 3 60</string>
    <string>2016-10-19 10:05:23 9 76 40 100 35 25 35 0 3 60</string>
    <string>2016-10-19 10:05:23 10 101 40 260 40 25 40 0 4 60</string>
    <string>2016-10-19 10:05:24 11 125 40 410 44 25 44 0 4 60</string>
    <string>2016-10-19 10:05:24 12 106 40 294 49 25 49 0 5 60</string>
    <string>2016-10-19 10:05:25 13 88 40 177 54 25 54 0 5 60</string>
    <string>2016-10-19 10:05:25 14 112 40 327 58 25 58 0 6 60</string>
    <string>2016-10-19 10:05:26 15 129 40 433 62 25 62 0 6 60</string>
    <string>2016-10-19 10:05:26 16 110 40 316 67 25 67 0 7 60</string>
    <string>2016-10-19 10:05:27 17 96 40 228 71 25 71 0 7 60</string>
    <string>2016-10-19 10:05:27 18 77 40 111 76 25 76 0 8 60</string>
    <string>2016-10-19 10:05:28 19 139 40 494 81 25 81 0 8 60</string>
    <string>2016-10-19 10:05:28 20 111 40 324 85 25 85 0 9 60</string>
    <string>2016-10-19 10:05:29 21 128 40 430 89 25 89 0 9 60</string>
    <string>2016-10-19 10:05:29 22 65 40 37 93 25 93 0 10 60</string>
    <string>2016-10-19 10:05:30 23 134 40 463 97 25 97 0 10 60</string>
    <string>2016-10-19 10:05:30 24 64 40 26 102 25 102 0 11 60</string>
    <string>2016-10-19 10:05:31 25 83 40 148 107 25 107 0 11 60</string>
    <string>2016-10-19 10:05:31 26 69 40 60 111 25 111 0 12 60</string>
    <string>2016-10-19 10:05:32 27 130 40 442 116 25 116 0 12 60</string>
    <string>2016-10-19 10:05:32 28 74 40 93 120 25 120 0 13 60</string>
    <string>2016-10-19 10:05:33 29 136 40 475 125 25 125 0 13 60</string>
    <string>2016-10-19 10:05:33 30 121 40 387 129 25 129 0 14 60</string>
    <string>2016-10-19 10:05:34 31 103 40 270 134 25 134 0 14 60</string>
    <string>2016-10-19 10:05:34 32 122 40 392 139 25 139 0 15 60</string>
    <string>2016-10-19 10:05:35 33 139 40 498 143 25 143 0 15 60</string>
    <string>2016-10-19 10:05:35 34 74 40 90 147 25 147 0 16 60</string>
    <string>2016-10-19 10:05:36 35 138 40 488 152 25 152 0 16 60</string>
    <string>2016-10-19 10:05:36 36 123 40 399 156 25 156 0 17 60</string>
    <string>2016-10-19 10:05:37 37 105 40 283 161 25 161 0 17 60</string>
    <string>2016-10-19 10:05:37 38 77 40 112 165 25 165 0 18 60</string>
    <string>2016-10-19 10:05:38 39 126 40 413 170 25 170 0 18 60</string>
    <string>2016-10-19 10:05:38 40 111 40 325 174 25 174 0 19 60</string>
    <string>2016-10-19 10:05:39 41 93 40 208 179 25 179 0 19 60</string>
    <string>2016-10-19 10:05:39 42 117 40 358 183 25 183 0 20 60</string>
    <string>2016-10-19 10:05:40 43 98 40 241 188 25 188 0 20 60</string>
    <string>2016-10-19 10:05:40 44 79 40 125 193 25 193 0 21 60</string>
    <string>2016-10-19 10:05:41 45 96 40 231 197 25 197 0 21 60</string>
    <string>2016-10-19 10:05:41 46 98 40 240 201 25 201 0 22 60</string>
    <string>2016-10-19 10:05:42 47 86 40 167 205 25 205 0 22 60</string>
    <string>2016-10-19 10:05:42 48 68 40 50 210 25 210 0 23 60</string>
    <string>2016-10-19 10:05:43 49 120 40 379 214 25 214 0 23 60</string>
    <string>2016-10-19 10:05:43 50 102 40 263 219 25 219 0 24 60</string>
    <string>2016-10-19 10:05:44 51 74 40 92 223 25 223 0 24 60</string>
    <string>2016-10-19 10:05:44 52 136 40 475 228 25 228 0 25 60</string>
    <string>2016-10-19 10:05:45 53 80 40 126 232 25 232 0 25 60</string>
    <string>2016-10-19 10:05:45 54 90 40 188 237 25 237 0 26 60</string>
    <string>2016-10-19 10:05:46 55 62 40 18 241 25 241 0 26 60</string>
    <string>2016-10-19 10:05:46 56 124 40 400 246 25 246 0 27 60</string>
    <string>2016-10-19 10:05:47 57 125 40 409 250 25 250 0 27 60</string>
    <string>2016-10-19 10:05:47 58 85 40 157 254 25 254 0 28 60</string>
    <string>2016-10-19 10:05:48 59 110 40 317 259 25 259 0 28 60</string>
    <string>2016-10-19 10:05:48 60 96 40 228 263 25 263 0 29 60</string>
    <string>2016-10-19 10:05:49 61 77 40 112 268 25 268 0 29 60</string>
    <string>2016-10-19 10:05:49 62 97 40 234 273 25 273 0 30 60</string>
    <string>2016-10-19 10:05:50 63 83 40 145 277 25 277 0 30 60</string>
    <string>2016-10-19 10:05:50 64 131 40 446 282 25 282 0 31 60</string>
    <string>2016-10-19 10:05:51 65 65 40 37 286 25 286 0 31 60</string>
    <string>2016-10-19 10:05:51 66 85 40 159 291 25 291 0 32 60</string>
    <string>2016-10-19 10:05:52 67 71 40 71 295 25 295 0 32 60</string>
    <string>2016-10-19 10:05:52 68 68 40 52 300 25 300 0 33 60</string>
    <string>2016-10-19 10:05:53 69 133 40 462 304 25 304 0 33 60</string>
    <string>2016-10-19 10:05:53 70 93 40 210 308 25 308 0 34 60</string>
    <string>2016-10-19 10:05:54 71 119 40 370 313 25 313 0 34 60</string>
    <string>2016-10-19 10:05:54 72 105 40 281 317 25 317 0 35 60</string>
    <string>2016-10-19 10:05:55 73 124 40 403 322 25 322 0 35 60</string>
    <string>2016-10-19 10:05:55 74 105 40 287 327 25 327 0 36 60</string>
    <string>2016-10-19 10:05:56 75 91 40 198 331 25 331 0 36 60</string>
    <string>2016-10-19 10:05:56 76 73 40 82 336 25 336 0 37 60</string>
    <string>2016-10-19 10:05:57 77 96 40 231 340 25 340 0 37 60</string>
    <string>2016-10-19 10:05:57 78 107 40 294 345 25 345 0 38 60</string>
    <string>2016-10-19 10:05:58 79 131 40 443 349 25 349 0 38 60</string>
    <string>2016-10-19 10:05:58 80 112 40 327 354 25 354 0 39 60</string>
    <string>2016-10-19 10:05:59 81 129 40 433 358 25 358 0 39 60</string>
    <string>2016-10-19 10:05:59 82 117 40 360 362 25 362 0 40 60</string>
    <string>2016-10-19 10:06:00 83 76 40 103 367 25 367 0 40 60</string>
    <string>2016-10-19 10:06:00 84 100 40 252 371 25 371 0 41 60</string>
    <string>2016-10-19 10:06:01 85 81 40 136 376 25 376 0 41 60</string>
    <string>2016-10-19 10:06:01 86 105 40 286 380 25 380 0 42 60</string>
    <string>2016-10-19 10:06:02 87 87 40 169 385 25 385 0 42 60</string>
    <string>2016-10-19 10:06:02 88 68 40 53 390 25 390 0 43 60</string>
    <string>2016-10-19 10:06:03 89 134 40 463 394 25 394 0 43 60</string>
    <string>2016-10-19 10:06:03 90 115 40 347 399 25 399 0 44 60</string>
    <string>2016-10-19 10:06:04 91 139 40 496 403 25 403 0 44 60</string>
    <string>2016-10-19 10:06:04 92 120 40 380 408 25 408 0 45 60</string>
    <string>2016-10-19 10:06:05 93 122 40 389 412 25 412 0 45 60</string>
    <string>2016-10-19 10:06:05 94 119 40 370 417 25 417 0 46 60</string>
    <string>2016-10-19 10:06:06 95 120 40 378 421 25 421 0 46 60</string>
    <string>2016-10-19 10:06:06 96 64 40 29 425 25 425 0 47 60</string>
    <string>2016-10-19 10:06:07 97 125 40 411 430 25 430 0 47 60</string>
    <string>2016-10-19 10:06:07 98 107 40 295 435 25 435 0 48 60</string>
    <string>2016-10-19 10:06:08 99 131 40 445 439 25 439 0 48 60</string>
    <string>2016-10-19 10:06:08 100 112 40 328 444 25 444 0 49 60</string>
    <string>2016-10-19 10:06:09 101 98 40 239 448 25 448 0 49 60</string>
    <string>2016-10-19 10:06:09 102 66 40 41 453 25 453 0 50 60</string>
    <string>2016-10-19 10:06:10 103 119 40 370 457 25 457 0 50 60</string>
    <string>2016-10-19 10:06:10 104 100 40 254 462 25 462 0 51 60</string>
    <string>2016-10-19 10:06:11 105 86 40 165 466 25 466 0 51 60</string>
    <string>2016-10-19 10:06:11 106 70 40 64 471 25 471 0 52 60</string>
    <string>2016-10-19 10:06:12 107 71 40 73 475 25 475 0 52 60</string>
    <string>2016-10-19 10:06:12 108 132 40 456 480 25 480 0 53 60</string>
    <string>2016-10-19 10:06:13 109 118 40 367 484 25 484 0 53 60</string>
    <string>2016-10-19 10:06:13 110 138 40 489 489 25 489 0 54 60</string>
    <string>2016-10-19 10:06:14 111 124 40 400 493 25 493 0 54 60</string>
    <string>2016-10-19 10:06:14 112 105 40 284 498 25 498 0 55 60</string>
    <string>2016-10-19 10:06:15 113 86 40 167 503 25 503 0 55 60</string>
    <string>2016-10-19 10:06:15 114 110 40 317 507 25 507 0 56 60</string>
    <string>2016-10-19 10:06:16 115 92 40 200 512 25 512 0 56 60</string>
    <string>2016-10-19 10:06:16 116 64 40 30 516 25 516 0 57 60</string>
    <string>2016-10-19 10:06:17 117 74 40 93 521 25 521 0 57 60</string>
    <string>2016-10-19 10:06:17 118 107 40 296 525 25 525 0 58 60</string>
    <string>2016-10-19 10:06:18 119 124 40 402 529 25 529 0 58 60</string>
    <string>2016-10-19 10:06:18 120 97 40 232 533 25 533 0 59 60</string>
    <string>2016-10-19 10:06:19 121 78 40 115 538 25 538 0 59 60</string>
    <string>2016-10-19 10:06:19 122 102 40 265 542 25 542 1 0 60</string>
    <string>2016-10-19 10:06:20 123 83 40 149 547 25 547 1 0 60</string>
    <string>2016-10-19 10:06:20 124 65 40 32 552 25 552 1 1 60</string>
    <string>2016-10-19 10:06:21 125 130 40 443 556 25 556 1 1 60</string>
    <string>2016-10-19 10:06:21 126 112 40 326 561 25 561 1 2 60</string>
    <string>2016-10-19 10:06:22 127 136 40 476 565 25 565 1 2 60</string>
    <string>2016-10-19 10:06:22 128 117 40 359 570 25 570 1 3 60</string>
    <string>2016-10-19 10:06:23 129 98 40 243 575 25 575 1 3 60</string>
    <string>2016-10-19 10:06:23 130 78 40 116 578 25 578 1 4 60</string>
    <string>2016-10-19 10:06:24 130 78 40 116 578 25 578 1 4 60</string>
    <string>2016-10-19 10:06:24 131 119 40 373 583 25 583 1 4 60</string>
    <string>2016-10-19 10:06:25 132 105 40 285 587 25 587 1 5 60</string>
    <string>2016-10-19 10:06:25 133 73 40 87 592 25 592 1 5 60</string>
    <string>2016-10-19 10:06:26 134 139 40 497 596 25 596 1 6 60</string>
    <string>2016-10-19 10:06:26 135 120 40 381 601 25 601 1 6 60</string>
    <string>2016-10-19 10:06:27 136 93 40 210 605 25 605 1 7 60</string>
    <string>2016-10-19 10:06:27 137 74 40 94 610 25 610 1 7 60</string>
    <string>2016-10-19 10:06:28 138 136 40 476 615 25 615 1 8 60</string>
    <string>2016-10-19 10:06:28 139 80 40 127 619 25 619 1 8 60</string>
    <string>2016-10-19 10:06:29 140 61 40 11 624 25 624 1 9 60</string>
    <string>2016-10-19 10:06:29 141 114 40 339 628 25 628 1 9 60</string>
    <string>2016-10-19 10:06:30 142 131 40 445 632 25 632 1 10 60</string>
    <string>2016-10-19 10:06:30 143 68 40 52 636 25 636 1 10 60</string>
    <string>2016-10-19 10:06:31 144 93 40 212 641 25 641 1 11 60</string>
    <string>2016-10-19 10:06:31 145 117 40 362 645 25 645 1 11 60</string>
    <string>2016-10-19 10:06:32 146 99 40 246 650 25 650 1 12 60</string>
    <string>2016-10-19 10:06:32 147 85 40 157 654 25 654 1 12 60</string>
    <string>2016-10-19 10:06:33 148 66 40 41 659 25 659 1 13 60</string>
    <string>2016-10-19 10:06:33 149 127 40 423 664 25 664 1 13 60</string>
    <string>2016-10-19 10:06:34 150 100 40 253 668 25 668 1 14 60</string>
    <string>2016-10-19 10:06:34 151 81 40 136 673 25 673 1 14 60</string>
    <string>2016-10-19 10:06:35 152 134 40 465 677 25 677 1 15 60</string>
    <string>2016-10-19 10:06:35 153 115 40 349 682 25 682 1 15 60</string>
    <string>2016-10-19 10:06:36 154 132 40 455 686 25 686 1 16 60</string>
    <string>2016-10-19 10:06:36 155 92 40 203 690 25 690 1 16 60</string>
    <string>2016-10-19 10:06:37 156 102 40 265 695 25 695 1 17 60</string>
    <string>2016-10-19 10:06:37 157 126 40 415 699 25 699 1 17 60</string>
    <string>2016-10-19 10:06:38 158 107 40 298 704 25 704 1 18 60</string>
    <string>2016-10-19 10:06:38 159 89 40 182 709 25 709 1 18 60</string>
    <string>2016-10-19 10:06:39 160 61 40 12 713 25 713 1 19 60</string>
    <string>2016-10-19 10:06:39 161 127 40 422 717 25 717 1 19 60</string>
    <string>2016-10-19 10:06:40 161 127 40 422 717 25 717 1 19 60</string>
    <string>2016-10-19 10:06:40 162 80 40 127 721 25 721 1 20 60</string>
    <string>2016-10-19 10:06:41 163 105 40 285 726 25 726 1 21 60</string>
    <string>2016-10-19 10:06:41 164 102 40 266 730 25 730 1 21 60</string>
    <string>2016-10-19 10:06:42 165 68 40 52 734 25 734 1 22 60</string>
    <string>2016-10-19 10:06:42 166 113 40 337 738 25 738 1 22 60</string>
    <string>2016-10-19 10:06:43 167 109 40 308 741 25 741 1 23 60</string>
    <string>2016-10-19 10:06:43 168 67 40 50 746 25 746 1 23 60</string>
    <string>2016-10-19 10:06:44 169 120 40 379 750 25 750 1 24 60</string>
    <string>2016-10-19 10:06:44 170 102 40 263 755 25 755 1 24 60</string>
    <string>2016-10-19 10:06:45 171 121 40 384 760 25 760 1 25 60</string>
    <string>2016-10-19 10:06:45 172 122 40 393 764 25 764 1 25 60</string>
    <string>2016-10-19 10:06:46 173 124 40 402 768 25 768 1 26 60</string>
    <string>2016-10-19 10:06:46 174 105 40 285 773 25 773 1 26 60</string>
    <string>2016-10-19 10:06:47 175 138 40 489 778 25 778 1 27 60</string>
    <string>2016-10-19 10:06:47 176 124 40 400 782 25 782 1 27 60</string>
    <string>2016-10-19 10:06:48 177 92 40 202 787 25 787 1 28 60</string>
    <string>2016-10-19 10:06:48 178 138 40 487 791 25 791 1 28 60</string>
    <string>2016-10-19 10:06:49 179 97 40 235 795 25 795 1 29 60</string>
    <string>2016-10-19 10:06:49 180 114 40 342 799 25 799 1 29 60</string>
    <string>2016-10-19 10:06:50 181 64 40 30 803 25 803 1 30 60</string>
    <string>2016-10-19 10:06:50 182 133 40 456 807 25 807 1 30 60</string>
    <string>2016-10-19 10:06:51 183 70 40 63 811 25 811 1 31 60</string>
    <string>2016-10-19 10:06:51 184 111 40 321 816 25 816 1 31 60</string>
    <string>2016-10-19 10:06:52 185 112 40 330 820 25 820 1 32 60</string>
    <string>2016-10-19 10:06:52 186 85 40 159 824 25 824 1 32 60</string>
    <string>2016-10-19 10:06:53 187 66 40 43 829 25 829 1 33 60</string>
    <string>2016-10-19 10:06:53 188 119 40 371 833 25 833 1 33 60</string>
    <string>2016-10-19 10:06:54 189 100 40 255 838 25 838 1 34 60</string>
    <string>2016-10-19 10:06:54 190 73 40 85 842 25 842 1 34 60</string>
    <string>2016-10-19 10:06:55 191 106 40 288 846 25 846 1 35 60</string>
    <string>2016-10-19 10:06:55 192 71 40 74 850 25 850 1 35 60</string>
    <string>2016-10-19 10:06:56 193 88 40 181 854 25 854 1 36 60</string>
    <string>2016-10-19 10:06:56 194 105 40 287 858 25 858 1 36 60</string>
    <string>2016-10-19 10:06:57 195 71 40 73 862 25 862 1 37 60</string>
    <string>2016-10-19 10:06:57 196 119 40 374 867 25 867 1 37 60</string>
    <string>2016-10-19 10:06:58 197 105 40 285 871 25 871 1 38 60</string>
    <string>2016-10-19 10:06:58 198 125 40 407 876 25 876 1 38 60</string>
    <string>2016-10-19 10:06:59 199 110 40 318 880 25 880 1 39 60</string>
    <string>2016-10-19 10:06:59 200 79 40 120 885 25 885 1 39 60</string>
    <string>2016-10-19 10:07:00 201 73 40 85 890 25 890 1 40 60</string>
    <string>2016-10-19 10:07:00 202 90 40 191 894 25 894 1 40 60</string>
    <string>2016-10-19 10:07:01 203 63 40 21 898 25 898 1 41 60</string>
    <string>2016-10-19 10:07:01 204 124 40 404 903 25 903 1 41 60</string>
    <string>2016-10-19 10:07:02 205 81 40 136 907 25 907 1 42 60</string>
    <string>2016-10-19 10:07:02 206 101 40 258 912 25 912 1 42 60</string>
    <string>2016-10-19 10:07:03 207 82 40 141 917 25 917 1 43 60</string>
    <string>2016-10-19 10:07:03 208 68 40 53 921 25 921 1 43 60</string>
    <string>2016-10-19 10:07:04 209 129 40 435 926 25 926 1 44 60</string>
    <string>2016-10-19 10:07:04 210 73 40 86 930 25 930 1 44 60</string>
    <string>2016-10-19 10:07:05 211 83 40 148 935 25 935 1 45 60</string>
    <string>2016-10-19 10:07:05 212 107 40 298 939 25 939 1 45 60</string>
    <string>2016-10-19 10:07:06 213 104 40 279 944 25 944 1 46 60</string>
    <string>2016-10-19 10:07:06 214 134 40 467 948 25 948 1 46 60</string>
    <string>2016-10-19 10:07:07 215 78 40 117 952 25 952 1 47 60</string>
    <string>2016-10-19 10:07:07 216 60 40 1 957 25 957 1 47 60</string>
    <string>2016-10-19 10:07:08 217 121 40 384 962 25 962 1 48 60</string>
    <string>2016-10-19 10:07:08 218 65 40 34 966 25 966 1 48 60</string>
    <string>2016-10-19 10:07:09 219 126 40 417 971 25 971 1 49 60</string>
    <string>2016-10-19 10:07:09 220 99 40 246 975 25 975 1 49 60</string>
    <string>2016-10-19 10:07:10 221 80 40 130 980 25 980 1 50 60</string>
    <string>2016-10-19 10:07:10 222 66 40 41 984 25 984 1 50 60</string>
    <string>2016-10-19 10:07:11 223 63 40 22 989 25 989 1 51 60</string>
    <string>2016-10-19 10:07:11 224 87 40 172 993 25 993 1 51 60</string>
    <string>2016-10-19 10:07:12 225 68 40 55 998 25 998 1 52 60</string>
    <string>2016-10-19 10:07:12 226 134 40 466 1002 25 1002 1 52 60</string>
    <string>2016-10-19 10:07:13 227 115 40 349 1007 25 1007 1 53 60</string>
    <string>2016-10-19 10:07:13 228 97 40 233 1012 25 1012 1 53 60</string>
    <string>2016-10-19 10:07:14 229 121 40 383 1016 25 1016 1 54 60</string>
    <string>2016-10-19 10:07:14 230 102 40 266 1021 25 1021 1 54 60</string>
    <string>2016-10-19 10:07:15 231 126 40 416 1025 25 1025 1 55 60</string>
    <string>2016-10-19 10:07:15 232 107 40 299 1030 25 1030 1 55 60</string>
    <string>2016-10-19 10:07:16 233 102 40 264 1035 25 1035 1 56 60</string>
    <string>2016-10-19 10:07:16 234 126 40 414 1039 25 1039 1 56 60</string>
    <string>2016-10-19 10:07:17 235 107 40 298 1044 25 1044 1 57 60</string>
    <string>2016-10-19 10:07:17 236 131 40 447 1048 25 1048 1 57 60</string>
    <string>2016-10-19 10:07:18 237 112 40 331 1053 25 1053 1 58 60</string>
    <string>2016-10-19 10:07:18 238 98 40 242 1057 25 1057 1 58 60</string>
    <string>2016-10-19 10:07:19 239 66 40 44 1062 25 1062 1 59 60</string>
    <string>2016-10-19 10:07:19 240 119 40 373 1066 25 1066 1 59 60</string>
    <string>2016-10-19 10:07:21 243 112 40 328 1080 25 1080 2 1 60</string>
    <string>2016-10-19 10:07:21 243 112 40 328 1080 25 1080 2 1 60</string>
    <string>2016-10-19 10:07:21 244 85 40 157 1084 25 1084 2 1 60</string>
    <string>2016-10-19 10:07:22 246 106 40 288 1093 25 1093 2 2 60</string>
    <string>2016-10-19 10:07:23 247 78 40 118 1097 25 1097 2 3 60</string>
    <string>2016-10-19 10:07:23 247 78 40 118 1097 25 1097 2 3 60</string>
    <string>2016-10-19 10:07:23 248 88 40 180 1102 25 1102 2 3 60</string>
    <string>2016-10-19 10:07:24 249 112 40 330 1106 25 1106 2 3 60</string>
    <string>2016-10-19 10:07:24 250 94 40 213 1111 25 1111 2 4 60</string>
    <string>2016-10-19 10:07:25 251 75 40 97 1116 25 1116 2 4 60</string>
    <string>2016-10-19 10:07:25 252 61 40 8 1120 25 1120 2 5 60</string>
    <string>2016-10-19 10:07:26 253 122 40 391 1125 25 1125 2 5 60</string>
    <string>2016-10-19 10:07:26 254 66 40 41 1129 25 1129 2 6 60</string>
    <string>2016-10-19 10:07:27 255 127 40 424 1134 25 1134 2 6 60</string>
    <string>2016-10-19 10:07:27 256 71 40 75 1138 25 1138 2 7 60</string>
    <string>2016-10-19 10:07:28 257 133 40 457 1143 25 1143 2 7 60</string>
    <string>2016-10-19 10:07:28 258 114 40 341 1148 25 1148 2 8 60</string>
    <string>2016-10-19 10:07:29 259 100 40 252 1152 25 1152 2 8 60</string>
  </Results>
</ServerData>