<?xml version="1.0"?>
<ServerData xmlns:xsi="http://www.w3.org/2001/XMLSchema-instance" xmlns:xsd="http://www.w3.org/2001/XMLSchema">
  <Name>fwefwa</Name>
  <Password>awfe</Password>
  <Doctor>false</Doctor>
  <Messages />
  <Results>
    <string>2016-10-12 02:49:35 1 10 40 2 0 25 0 0 0 60</string>
    <string>2016-10-12 02:49:36 2 78 40 11 4 25 4 0 0 60</string>
    <string>2016-10-12 02:49:36 3 139 40 39 9 25 9 0 0 60</string>
    <string>2016-10-12 02:49:37 4 83 40 13 13 25 13 0 1 60</string>
    <string>2016-10-12 02:49:37 5 65 40 5 18 25 18 0 1 60</string>
    <string>2016-10-12 02:49:38 6 130 40 35 22 25 22 0 2 60</string>
    <string>2016-10-12 02:49:38 7 112 40 27 27 25 27 0 2 60</string>
    <string>2016-10-12 02:49:39 8 131 40 36 32 25 32 0 3 60</string>
    <string>2016-10-12 02:49:39 9 117 40 29 36 25 36 0 3 60</string>
    <string>2016-10-12 02:49:40 10 98 40 20 41 25 41 0 4 60</string>
    <string>2016-10-12 02:49:40 11 122 40 32 45 25 45 0 4 60</string>
    <string>2016-10-12 02:49:41 12 104 40 23 50 25 50 0 5 60</string>
    <string>2016-10-12 02:49:41 13 89 40 16 54 25 54 0 5 60</string>
    <string>2016-10-12 02:49:42 14 71 40 8 59 25 59 0 6 60</string>
    <string>2016-10-12 02:49:42 15 90 40 17 64 25 64 0 6 60</string>
    <string>2016-10-12 02:49:46 17 109 40 25 70 25 70 0 7 60</string>
    <string>2016-10-12 02:49:46 17 109 40 25 70 25 70 0 7 60</string>
    <string>2016-10-12 02:49:47 18 72 40 8 75 25 75 0 8 60</string>
    <string>2016-10-12 02:49:48 19 133 40 37 80 25 80 0 8 60</string>
    <string>2016-10-12 02:49:48 20 90 40 17 84 25 84 0 9 60</string>
    <string>2016-10-12 02:49:49 21 72 40 8 89 25 89 0 9 60</string>
    <string>2016-10-12 02:49:49 22 104 40 23 94 25 94 0 10 60</string>
    <string>2016-10-12 02:49:50 23 90 40 17 98 25 98 0 10 60</string>
    <string>2016-10-12 02:49:50 24 72 40 8 103 25 103 0 11 60</string>
    <string>2016-10-12 02:49:51 25 95 40 19 107 25 107 0 11 60</string>
    <string>2016-10-12 02:49:51 26 77 40 11 112 25 112 0 12 60</string>
    <string>2016-10-12 02:49:51 27 138 40 39 117 25 117 0 12 60</string>
    <string>2016-10-12 02:49:52 28 82 40 13 121 25 121 0 13 60</string>
    <string>2016-10-12 02:49:52 29 63 40 4 126 25 126 0 13 60</string>
    <string>2016-10-12 02:49:53 30 129 40 35 130 25 130 0 14 60</string>
    <string>2016-10-12 02:49:54 31 111 40 26 135 25 135 0 14 60</string>
    <string>2016-10-12 02:49:54 32 135 40 37 139 25 139 0 15 60</string>
    <string>2016-10-12 02:49:55 33 116 40 29 144 25 144 0 15 60</string>
    <string>2016-10-12 02:49:55 34 97 40 20 149 25 149 0 16 60</string>
    <string>2016-10-12 02:49:56 35 121 40 31 153 25 153 0 16 60</string>
    <string>2016-10-12 02:49:56 36 103 40 22 158 25 158 0 17 60</string>
    <string>2016-10-12 02:49:57 37 88 40 16 162 25 162 0 17 60</string>
    <string>2016-10-12 02:49:57 38 77 40 10 166 25 166 0 18 60</string>
    <string>2016-10-12 02:49:58 39 87 40 15 171 25 171 0 18 60</string>
    <string>2016-10-12 02:49:58 40 139 40 39 175 25 175 0 19 60</string>
    <string>2016-10-12 02:49:59 41 99 40 21 179 25 179 0 19 60</string>
    <string>2016-10-12 02:49:59 42 138 40 39 184 25 184 0 20 60</string>
    <string>2016-10-12 02:50:00 43 126 40 33 188 25 188 0 20 60</string>
    <string>2016-10-12 02:50:00 44 107 40 25 193 25 193 0 21 60</string>
    <string>2016-10-12 02:50:01 45 131 40 36 197 25 197 0 21 60</string>
    <string>2016-10-12 02:50:01 46 133 40 36 201 25 201 0 22 60</string>
    <string>2016-10-12 02:50:02 47 90 40 16 205 25 205 0 23 60</string>
    <string>2016-10-12 02:50:02 48 107 40 24 209 25 209 0 23 60</string>
    <string>2016-10-12 02:50:03 49 65 40 5 212 25 212 0 24 60</string>
    <string>2016-10-12 02:50:03 50 74 40 9 215 25 215 0 24 60</string>
    <string>2016-10-12 02:50:04 51 135 40 37 220 25 220 0 25 60</string>
    <string>2016-10-12 02:50:04 52 116 40 29 225 25 225 0 25 60</string>
    <string>2016-10-12 02:50:05 53 89 40 16 229 25 229 0 26 60</string>
    <string>2016-10-12 02:50:05 54 86 40 15 234 25 234 0 26 60</string>
    <string>2016-10-12 02:50:06 55 110 40 26 238 25 238 0 27 60</string>
    <string>2016-10-12 02:50:06 56 83 40 13 242 25 242 0 27 60</string>
    <string>2016-10-12 02:50:07 57 108 40 25 247 25 247 0 28 60</string>
    <string>2016-10-12 02:50:07 58 94 40 19 251 25 251 0 28 60</string>
    <string>2016-10-12 02:50:08 59 75 40 10 256 25 256 0 29 60</string>
    <string>2016-10-12 02:50:08 60 95 40 19 261 25 261 0 29 60</string>
    <string>2016-10-12 02:50:09 61 96 40 20 265 25 265 0 30 60</string>
    <string>2016-10-12 02:50:09 62 69 40 7 269 25 269 0 30 60</string>
    <string>2016-10-12 02:50:10 63 86 40 15 273 25 273 0 31 60</string>
    <string>2016-10-12 02:50:10 64 83 40 13 278 25 278 0 31 60</string>
    <string>2016-10-12 02:50:11 65 113 40 27 282 25 282 0 32 60</string>
    <string>2016-10-12 02:50:11 66 94 40 19 287 25 287 0 32 60</string>
    <string>2016-10-12 02:50:12 67 67 40 6 291 25 291 0 33 60</string>
    <string>2016-10-12 02:50:12 68 129 40 34 296 25 296 0 33 60</string>
    <string>2016-10-12 02:50:13 69 110 40 26 301 25 301 0 34 60</string>
    <string>2016-10-12 02:50:13 70 134 40 37 305 25 305 0 34 60</string>
    <string>2016-10-12 02:50:14 71 131 40 35 310 25 310 0 35 60</string>
    <string>2016-10-12 02:50:14 72 124 40 32 313 25 313 0 35 60</string>
    <string>2016-10-12 02:50:15 72 124 40 32 313 25 313 0 35 60</string>
    <string>2016-10-12 02:50:15 74 102 40 22 323 25 323 0 36 60</string>
    <string>2016-10-12 02:50:16 75 132 40 36 327 25 327 0 37 60</string>
    <string>2016-10-12 02:50:16 75 132 40 36 327 25 327 0 37 60</string>
    <string>2016-10-12 02:50:17 76 69 40 7 331 25 331 0 37 60</string>
    <string>2016-10-12 02:50:17 78 105 40 24 340 25 340 0 38 60</string>
    <string>2016-10-12 02:50:18 79 91 40 17 344 25 344 0 39 60</string>
    <string>2016-10-12 02:50:18 80 93 40 18 348 25 348 0 39 60</string>
    <string>2016-10-12 02:50:19 80 93 40 18 348 25 348 0 39 60</string>
    <string>2016-10-12 02:50:19 81 105 40 24 353 25 353 0 40 60</string>
    <string>2016-10-12 02:50:20 83 108 40 25 361 25 361 0 41 60</string>
    <string>2016-10-12 02:50:20 83 108 40 25 361 25 361 0 41 60</string>
    <string>2016-10-12 02:50:21 84 76 40 10 366 25 366 0 41 60</string>
  </Results>
</ServerData>