<?xml version="1.0"?>
<ServerData xmlns:xsi="http://www.w3.org/2001/XMLSchema-instance" xmlns:xsd="http://www.w3.org/2001/XMLSchema">
  <Name>fwefwafea</Name>
  <Password>ewf</Password>
  <Doctor>false</Doctor>
  <Messages />
  <Results>
    <string>2016-10-18 11:24:35 1 10 40 2 0 25 0 0 0 60</string>
    <string>2016-10-18 11:24:36 2 70 40 7 4 25 4 0 0 60</string>
    <string>2016-10-18 11:24:36 3 122 40 32 8 25 8 0 1 60</string>
    <string>2016-10-18 11:24:37 4 104 40 23 13 25 13 0 1 60</string>
    <string>2016-10-18 11:24:37 5 85 40 14 18 25 18 0 2 60</string>
    <string>2016-10-18 11:24:38 6 109 40 25 22 25 22 0 2 60</string>
    <string>2016-10-18 11:24:38 7 90 40 17 27 25 27 0 2 60</string>
    <string>2016-10-18 11:24:39 8 76 40 10 31 25 31 0 3 60</string>
    <string>2016-10-18 11:24:39 9 96 40 19 36 25 36 0 3 60</string>
    <string>2016-10-18 11:24:40 10 81 40 13 40 25 40 0 4 60</string>
    <string>2016-10-18 11:24:40 11 63 40 4 45 25 45 0 4 60</string>
    <string>2016-10-18 11:24:41 12 124 40 32 50 25 50 0 5 60</string>
    <string>2016-10-18 11:24:41 13 68 40 6 54 25 54 0 5 60</string>
    <string>2016-10-18 11:24:42 14 101 40 22 59 25 59 0 6 60</string>
    <string>2016-10-18 11:24:42 15 86 40 15 63 25 63 0 6 60</string>
    <string>2016-10-18 11:24:43 16 68 40 6 68 25 68 0 7 60</string>
    <string>2016-10-18 11:24:43 17 129 40 35 73 25 73 0 7 60</string>
    <string>2016-10-18 11:24:44 18 73 40 9 77 25 77 0 8 60</string>
    <string>2016-10-18 11:24:44 19 134 40 37 82 25 82 0 8 60</string>
    <string>2016-10-18 11:24:45 20 120 40 31 86 25 86 0 9 60</string>
    <string>2016-10-18 11:24:45 21 60 40 3 91 25 91 0 9 60</string>
    <string>2016-10-18 11:24:46 22 126 40 33 95 25 95 0 10 60</string>
    <string>2016-10-18 11:24:46 23 107 40 24 100 25 100 0 10 60</string>
    <string>2016-10-18 11:24:47 24 88 40 16 105 25 105 0 11 60</string>
    <string>2016-10-18 11:24:47 25 112 40 27 109 25 109 0 11 60</string>
    <string>2016-10-18 11:24:48 26 94 40 18 114 25 114 0 12 60</string>
    <string>2016-10-18 11:24:48 27 79 40 12 118 25 118 0 12 60</string>
    <string>2016-10-18 11:24:49 28 99 40 21 123 25 123 0 13 60</string>
    <string>2016-10-18 11:24:49 29 80 40 12 128 25 128 0 13 60</string>
    <string>2016-10-18 11:24:50 30 66 40 5 132 25 132 0 14 60</string>
    <string>2016-10-18 11:24:50 31 127 40 34 137 25 137 0 14 60</string>
    <string>2016-10-18 11:24:51 32 71 40 8 141 25 141 0 15 60</string>
    <string>2016-10-18 11:24:51 33 133 40 36 146 25 146 0 15 60</string>
    <string>2016-10-18 11:24:52 34 118 40 30 150 25 150 0 16 60</string>
    <string>2016-10-18 11:24:52 35 138 40 39 155 25 155 0 16 60</string>
    <string>2016-10-18 11:24:53 36 119 40 30 160 25 160 0 17 60</string>
    <string>2016-10-18 11:24:53 37 105 40 24 164 25 164 0 17 60</string>
    <string>2016-10-18 11:24:54 38 86 40 15 169 25 169 0 18 60</string>
    <string>2016-10-18 11:24:54 39 110 40 26 173 25 173 0 18 60</string>
    <string>2016-10-18 11:24:55 40 92 40 17 178 25 178 0 19 60</string>
    <string>2016-10-18 11:24:55 41 78 40 11 182 25 182 0 19 60</string>
    <string>2016-10-18 11:24:56 42 97 40 20 187 25 187 0 20 60</string>
    <string>2016-10-18 11:24:56 43 78 40 11 192 25 192 0 20 60</string>
    <string>2016-10-18 11:24:57 44 64 40 5 196 25 196 0 21 60</string>
    <string>2016-10-18 11:24:57 45 125 40 33 201 25 201 0 21 60</string>
    <string>2016-10-18 11:24:58 46 69 40 7 205 25 205 0 22 60</string>
    <string>2016-10-18 11:24:58 47 131 40 35 210 25 210 0 22 60</string>
    <string>2016-10-18 11:24:59 48 117 40 29 214 25 214 0 23 60</string>
    <string>2016-10-18 11:24:59 49 136 40 38 219 25 219 0 23 60</string>
    <string>2016-10-18 11:25:00 50 117 40 29 224 25 224 0 24 60</string>
    <string>2016-10-18 11:25:00 51 103 40 23 228 25 228 0 24 60</string>
    <string>2016-10-18 11:25:01 52 85 40 14 233 25 233 0 25 60</string>
    <string>2016-10-18 11:25:01 53 109 40 25 237 25 237 0 25 60</string>
    <string>2016-10-18 11:25:02 54 90 40 17 242 25 242 0 26 60</string>
    <string>2016-10-18 11:25:02 55 76 40 10 246 25 246 0 26 60</string>
    <string>2016-10-18 11:25:03 56 95 40 19 251 25 251 0 27 60</string>
    <string>2016-10-18 11:25:03 57 77 40 10 256 25 256 0 27 60</string>
    <string>2016-10-18 11:25:04 58 62 40 4 260 25 260 0 28 60</string>
    <string>2016-10-18 11:25:04 59 124 40 32 265 25 265 0 28 60</string>
    <string>2016-10-18 11:25:05 60 68 40 6 269 25 269 0 29 60</string>
    <string>2016-10-18 11:25:05 61 129 40 35 274 25 274 0 29 60</string>
    <string>2016-10-18 11:25:06 62 115 40 28 278 25 278 0 30 60</string>
    <string>2016-10-18 11:25:06 63 134 40 37 283 25 283 0 30 60</string>
    <string>2016-10-18 11:25:07 64 116 40 28 288 25 288 0 31 60</string>
    <string>2016-10-18 11:25:07 65 101 40 22 292 25 292 0 31 60</string>
    <string>2016-10-18 11:25:08 66 83 40 13 297 25 297 0 32 60</string>
    <string>2016-10-18 11:25:08 67 107 40 24 301 25 301 0 32 60</string>
    <string>2016-10-18 11:25:09 68 88 40 16 306 25 306 0 33 60</string>
    <string>2016-10-18 11:25:09 69 74 40 9 310 25 310 0 33 60</string>
  </Results>
</ServerData>