<?xml version="1.0"?>
<ServerData xmlns:xsi="http://www.w3.org/2001/XMLSchema-instance" xmlns:xsd="http://www.w3.org/2001/XMLSchema">
  <Name>hallo</Name>
  <Password>hallo</Password>
  <Doctor>false</Doctor>
  <Messages />
  <Results>
    <string>2016-10-12 01:23:29 1 10 40 2 0 25 0 0 0 60</string>
    <string>2016-10-12 01:23:30 2 123 40 32 4 25 4 0 0 60</string>
    <string>2016-10-12 01:23:30 3 104 40 23 9 25 9 0 0 60</string>
    <string>2016-10-12 01:23:31 4 90 40 16 13 25 13 0 1 60</string>
    <string>2016-10-12 01:23:31 5 71 40 8 18 25 18 0 1 60</string>
    <string>2016-10-12 01:23:32 6 124 40 32 22 25 22 0 2 60</string>
    <string>2016-10-12 01:23:32 7 105 40 24 27 25 27 0 2 60</string>
    <string>2016-10-12 01:23:33 8 129 40 35 31 25 31 0 3 60</string>
    <string>2016-10-12 01:23:33 9 110 40 26 36 25 36 0 3 60</string>
    <string>2016-10-12 01:23:34 10 92 40 17 41 25 41 0 4 60</string>
    <string>2016-10-12 01:23:34 11 116 40 29 45 25 45 0 4 60</string>
    <string>2016-10-12 01:23:35 12 97 40 20 50 25 50 0 5 60</string>
    <string>2016-10-12 01:23:35 13 83 40 13 54 25 54 0 5 60</string>
    <string>2016-10-12 01:23:36 14 64 40 5 59 25 59 0 6 60</string>
    <string>2016-10-12 01:23:36 15 84 40 14 64 25 64 0 6 60</string>
    <string>2016-10-12 01:23:37 16 70 40 7 68 25 68 0 7 60</string>
    <string>2016-10-12 01:23:37 17 131 40 35 73 25 73 0 7 60</string>
    <string>2016-10-12 01:23:38 18 75 40 10 77 25 77 0 8 60</string>
    <string>2016-10-12 01:23:38 19 136 40 38 82 25 82 0 8 60</string>
    <string>2016-10-12 01:23:39 20 122 40 31 86 25 86 0 9 60</string>
    <string>2016-10-12 01:23:39 21 103 40 23 91 25 91 0 9 60</string>
    <string>2016-10-12 01:23:40 22 123 40 32 96 25 96 0 10 60</string>
    <string>2016-10-12 01:23:40 23 109 40 25 100 25 100 0 10 60</string>
    <string>2016-10-12 01:23:41 24 90 40 17 105 25 105 0 11 60</string>
    <string>2016-10-12 01:23:41 25 114 40 28 109 25 109 0 11 60</string>
    <string>2016-10-12 01:23:42 26 124 40 32 114 25 114 0 12 60</string>
    <string>2016-10-12 01:23:42 27 97 40 20 118 25 118 0 12 60</string>
    <string>2016-10-12 01:23:43 28 78 40 11 123 25 123 0 13 60</string>
    <string>2016-10-12 01:23:43 29 102 40 22 127 25 127 0 13 60</string>
    <string>2016-10-12 01:23:44 30 83 40 14 132 25 132 0 14 60</string>
    <string>2016-10-12 01:23:44 31 65 40 5 137 25 137 0 14 60</string>
    <string>2016-10-12 01:23:45 32 130 40 35 141 25 141 0 15 60</string>
    <string>2016-10-12 01:23:45 33 70 40 7 146 25 146 0 15 60</string>
    <string>2016-10-12 01:23:46 34 136 40 38 150 25 150 0 16 60</string>
    <string>2016-10-12 01:23:46 35 117 40 29 155 25 155 0 16 60</string>
    <string>2016-10-12 01:23:47 36 61 40 3 159 25 159 0 17 60</string>
    <string>2016-10-12 01:23:47 37 122 40 32 164 25 164 0 17 60</string>
    <string>2016-10-12 01:23:48 38 124 40 32 168 25 168 0 18 60</string>
    <string>2016-10-12 01:23:48 39 69 40 7 173 25 173 0 18 60</string>
    <string>2016-10-12 01:23:49 40 93 40 18 177 25 177 0 19 60</string>
    <string>2016-10-12 01:23:49 41 75 40 10 182 25 182 0 19 60</string>
    <string>2016-10-12 01:23:50 42 61 40 3 186 25 186 0 20 60</string>
    <string>2016-10-12 01:23:50 43 80 40 12 191 25 191 0 20 60</string>
    <string>2016-10-12 01:23:51 44 66 40 5 195 25 195 0 21 60</string>
    <string>2016-10-12 01:23:51 45 127 40 34 200 25 200 0 21 60</string>
    <string>2016-10-12 01:23:52 46 109 40 25 205 25 205 0 22 60</string>
    <string>2016-10-12 01:23:52 47 133 40 36 209 25 209 0 22 60</string>
    <string>2016-10-12 01:23:53 48 114 40 28 214 25 214 0 23 60</string>
    <string>2016-10-12 01:23:53 49 87 40 15 218 25 218 0 23 60</string>
    <string>2016-10-12 01:23:54 50 104 40 23 222 25 222 0 24 60</string>
    <string>2016-10-12 01:23:54 51 114 40 28 227 25 227 0 24 60</string>
    <string>2016-10-12 01:23:55 52 73 40 9 231 25 231 0 25 60</string>
    <string>2016-10-12 01:23:55 53 135 40 37 236 25 236 0 25 60</string>
    <string>2016-10-12 01:23:56 54 120 40 31 240 25 240 0 26 60</string>
    <string>2016-10-12 01:23:56 55 102 40 22 245 25 245 0 26 60</string>
    <string>2016-10-12 01:23:57 56 83 40 13 250 25 250 0 27 60</string>
    <string>2016-10-12 01:23:57 57 107 40 24 254 25 254 0 27 60</string>
    <string>2016-10-12 01:23:58 58 88 40 16 259 25 259 0 28 60</string>
    <string>2016-10-12 01:23:58 59 112 40 27 263 25 263 0 28 60</string>
    <string>2016-10-12 01:23:59 60 94 40 18 268 25 268 0 29 60</string>
    <string>2016-10-12 01:23:59 61 124 40 32 272 25 272 0 29 60</string>
    <string>2016-10-12 01:24:00 62 92 40 18 277 25 277 0 30 60</string>
    <string>2016-10-12 01:24:00 63 78 40 11 281 25 281 0 30 60</string>
    <string>2016-10-12 01:24:01 64 139 40 39 286 25 286 0 31 60</string>
    <string>2016-10-12 01:24:01 65 112 40 27 290 25 290 0 31 60</string>
    <string>2016-10-12 01:24:02 66 80 40 12 295 25 295 0 32 60</string>
    <string>2016-10-12 01:24:02 67 66 40 5 299 25 299 0 32 60</string>
    <string>2016-10-12 01:24:03 68 127 40 34 304 25 304 0 33 60</string>
    <string>2016-10-12 01:24:03 69 71 40 8 308 25 308 0 33 60</string>
    <string>2016-10-12 01:24:04 70 132 40 36 313 25 313 0 34 60</string>
    <string>2016-10-12 01:24:04 71 76 40 10 317 25 317 0 34 60</string>
    <string>2016-10-12 01:24:05 72 86 40 15 322 25 322 0 35 60</string>
    <string>2016-10-12 01:24:05 73 139 40 39 326 25 326 0 35 60</string>
    <string>2016-10-12 01:24:06 74 120 40 31 331 25 331 0 36 60</string>
    <string>2016-10-12 01:24:06 75 109 40 25 335 25 335 0 36 60</string>
    <string>2016-10-12 01:24:07 76 110 40 26 339 25 339 0 37 60</string>
    <string>2016-10-12 01:24:07 77 92 40 17 344 25 344 0 37 60</string>
    <string>2016-10-12 01:24:08 78 73 40 9 349 25 349 0 38 60</string>
    <string>2016-10-12 01:24:08 79 97 40 20 353 25 353 0 38 60</string>
    <string>2016-10-12 01:24:09 80 78 40 11 358 25 358 0 39 60</string>
    <string>2016-10-12 01:24:09 81 64 40 5 362 25 362 0 39 60</string>
    <string>2016-10-12 01:24:10 82 125 40 33 367 25 367 0 40 60</string>
    <string>2016-10-12 01:24:10 83 114 40 28 371 25 371 0 40 60</string>
    <string>2016-10-12 01:25:20 85 65 40 5 379 25 379 0 42 60</string>
    <string>2016-10-12 01:25:21 85 65 40 5 379 25 379 0 42 60</string>
    <string>2016-10-12 01:25:21 86 89 40 16 383 25 383 0 42 60</string>
    <string>2016-10-12 01:25:22 87 71 40 8 388 25 388 0 42 60</string>
    <string>2016-10-12 01:25:22 88 72 40 8 392 25 392 0 43 60</string>
    <string>2016-10-12 01:25:23 89 133 40 37 397 25 397 0 43 60</string>
    <string>2016-10-12 01:25:23 90 106 40 24 401 25 401 0 44 60</string>
    <string>2016-10-12 01:25:24 91 87 40 15 406 25 406 0 44 60</string>
    <string>2016-10-12 01:25:24 92 76 40 10 410 25 410 0 45 60</string>
    <string>2016-10-12 01:25:25 93 61 40 3 414 25 414 0 45 60</string>
    <string>2016-10-12 01:25:25 94 81 40 12 419 25 419 0 46 60</string>
    <string>2016-10-12 01:25:26 95 62 40 4 424 25 424 0 46 60</string>
    <string>2016-10-12 01:25:26 96 115 40 28 428 25 428 0 47 60</string>
    <string>2016-10-12 01:25:27 97 96 40 20 433 25 433 0 47 60</string>
    <string>2016-10-12 01:25:27 98 82 40 13 437 25 437 0 48 60</string>
    <string>2016-10-12 01:25:28 99 63 40 4 442 25 442 0 48 60</string>
    <string>2016-10-12 01:25:28 100 87 40 15 446 25 446 0 49 60</string>
    <string>2016-10-12 01:25:29 101 69 40 7 451 25 451 0 49 60</string>
    <string>2016-10-12 01:25:29 102 135 40 37 455 25 455 0 50 60</string>
    <string>2016-10-12 01:25:30 103 74 40 9 460 25 460 0 50 60</string>
    <string>2016-10-12 01:25:30 104 104 40 23 464 25 464 0 51 60</string>
    <string>2016-10-12 01:25:31 105 86 40 15 469 25 469 0 51 60</string>
    <string>2016-10-12 01:25:31 106 110 40 26 473 25 473 0 52 60</string>
    <string>2016-10-12 01:25:32 107 91 40 17 478 25 478 0 52 60</string>
    <string>2016-10-12 01:25:32 108 137 40 38 482 25 482 0 53 60</string>
    <string>2016-10-12 01:25:33 109 81 40 12 486 25 486 0 53 60</string>
    <string>2016-10-12 01:25:33 110 62 40 4 491 25 491 0 54 60</string>
    <string>2016-10-12 01:25:34 111 123 40 32 496 25 496 0 54 60</string>
    <string>2016-10-12 01:25:34 112 80 40 12 500 25 500 0 55 60</string>
    <string>2016-10-12 01:25:35 113 82 40 13 504 25 504 0 55 60</string>
    <string>2016-10-12 01:25:35 114 94 40 19 509 25 509 0 56 60</string>
    <string>2016-10-12 01:25:36 115 83 40 13 510 25 510 0 56 60</string>
    <string>2016-10-12 01:25:36 116 64 40 5 514 25 514 0 57 60</string>
    <string>2016-10-12 01:25:37 117 117 40 29 518 25 518 0 57 60</string>
    <string>2016-10-12 01:25:37 118 118 40 30 522 25 522 0 58 60</string>
    <string>2016-10-12 01:25:38 119 131 40 35 527 25 527 0 58 60</string>
    <string>2016-10-12 01:25:38 120 68 40 6 531 25 531 0 59 60</string>
    <string>2016-10-12 01:25:39 121 113 40 27 535 25 535 0 59 60</string>
    <string>2016-10-12 01:25:39 122 115 40 28 539 25 539 1 0 60</string>
    <string>2016-10-12 01:25:40 123 139 40 39 543 25 543 1 0 60</string>
    <string>2016-10-12 01:25:40 124 120 40 30 548 25 548 1 1 60</string>
    <string>2016-10-12 01:25:41 125 101 40 22 553 25 553 1 1 60</string>
    <string>2016-10-12 01:25:41 126 138 40 39 557 25 557 1 2 60</string>
    <string>2016-10-12 01:25:42 127 84 40 14 562 25 562 1 2 60</string>
    <string>2016-10-12 01:25:42 128 108 40 25 566 25 566 1 3 60</string>
    <string>2016-10-12 01:25:43 129 89 40 16 571 25 571 1 3 60</string>
    <string>2016-10-12 01:25:43 130 75 40 10 575 25 575 1 4 60</string>
    <string>2016-10-12 01:25:44 131 95 40 19 580 25 580 1 4 60</string>
    <string>2016-10-12 01:25:44 132 109 40 25 584 25 584 1 5 60</string>
    <string>2016-10-12 01:25:45 133 129 40 35 589 25 589 1 5 60</string>
    <string>2016-10-12 01:25:45 134 110 40 26 594 25 594 1 6 60</string>
    <string>2016-10-12 01:25:46 135 96 40 19 598 25 598 1 6 60</string>
    <string>2016-10-12 01:25:46 136 84 40 14 602 25 602 1 7 60</string>
    <string>2016-10-12 01:25:47 137 125 40 33 607 25 607 1 7 60</string>
    <string>2016-10-12 01:25:47 137 125 40 33 607 25 607 1 7 60</string>
    <string>2016-10-12 01:25:48 138 76 40 10 611 25 611 1 8 60</string>
    <string>2016-10-12 01:25:48 139 128 40 34 615 25 615 1 8 60</string>
    <string>2016-10-12 01:25:49 140 112 40 27 620 25 620 1 9 60</string>
    <string>2016-10-12 01:25:49 141 98 40 20 624 25 624 1 9 60</string>
    <string>2016-10-12 01:25:50 142 123 40 32 629 25 629 1 10 60</string>
    <string>2016-10-12 01:25:50 143 127 40 34 633 25 633 1 10 60</string>
    <string>2016-10-12 01:25:51 144 84 40 14 636 25 636 1 11 60</string>
    <string>2016-10-12 01:25:51 145 110 40 26 640 25 640 1 11 60</string>
    <string>2016-10-12 01:25:52 146 119 40 30 643 25 643 1 12 60</string>
    <string>2016-10-12 01:25:52 147 80 40 12 647 25 647 1 12 60</string>
    <string>2016-10-12 01:25:53 148 66 40 5 650 25 650 1 13 60</string>
    <string>2016-10-12 01:25:53 149 98 40 20 653 25 653 1 13 60</string>
    <string>2016-10-12 01:25:54 150 100 40 21 656 25 656 1 14 60</string>
    <string>2016-10-12 01:25:54 151 81 40 12 660 25 660 1 14 60</string>
    <string>2016-10-12 01:25:55 152 129 40 35 664 25 664 1 15 60</string>
    <string>2016-10-12 01:25:55 153 117 40 29 667 25 667 1 15 60</string>
    <string>2016-10-12 01:25:56 154 92 40 17 671 25 671 1 16 60</string>
    <string>2016-10-12 01:25:56 155 93 40 18 674 25 674 1 16 60</string>
    <string>2016-10-12 01:25:57 156 66 40 5 677 25 677 1 17 60</string>
    <string>2016-10-12 01:25:57 157 107 40 25 681 25 681 1 17 60</string>
    <string>2016-10-12 01:25:58 158 64 40 5 684 25 684 1 18 60</string>
    <string>2016-10-12 01:25:58 159 61 40 3 688 25 688 1 18 60</string>
    <string>2016-10-12 01:25:59 160 78 40 11 691 25 691 1 19 60</string>
    <string>2016-10-12 01:25:59 161 60 40 3 695 25 695 1 19 60</string>
    <string>2016-10-12 01:26:00 162 84 40 14 698 25 698 1 20 60</string>
    <string>2016-10-12 01:26:00 163 60 40 3 702 25 702 1 20 60</string>
    <string>2016-10-12 01:26:01 164 113 40 27 705 25 705 1 21 60</string>
    <string>2016-10-12 01:26:01 165 130 40 35 709 25 709 1 21 60</string>
    <string>2016-10-12 01:26:02 166 132 40 36 713 25 713 1 22 60</string>
    <string>2016-10-12 01:26:02 166 132 40 36 713 25 713 1 22 60</string>
    <string>2016-10-12 01:26:03 167 122 40 31 717 25 717 1 22 60</string>
    <string>2016-10-12 01:26:03 168 79 40 11 720 25 720 1 23 60</string>
    <string>2016-10-12 01:26:04 169 67 40 6 723 25 723 1 23 60</string>
    <string>2016-10-12 01:26:10 170 108 40 25 727 25 727 1 24 60</string>
    <string>2016-10-12 01:26:11 171 97 40 20 728 25 728 1 25 60</string>
    <string>2016-10-12 01:26:15 171 97 40 20 728 25 728 1 25 60</string>
    <string>2016-10-12 01:26:15 172 106 40 24 731 25 731 1 26 60</string>
    <string>2016-10-12 01:26:16 172 106 40 24 731 25 731 1 26 60</string>
    <string>2016-10-12 01:26:18 173 79 40 12 734 25 734 1 26 60</string>
    <string>2016-10-12 01:26:19 174 109 40 25 736 25 736 1 28 60</string>
    <string>2016-10-12 01:26:19 175 94 40 19 740 25 740 1 28 60</string>
    <string>2016-10-12 01:26:20 176 116 40 28 743 25 743 1 28 60</string>
    <string>2016-10-12 01:26:20 177 101 40 22 747 25 747 1 29 60</string>
    <string>2016-10-12 01:26:21 178 125 40 33 750 25 750 1 30 60</string>
    <string>2016-10-12 01:26:21 179 122 40 31 754 25 754 1 30 60</string>
    <string>2016-10-12 01:26:22 180 124 40 32 757 25 757 1 30 60</string>
    <string>2016-10-12 01:26:22 181 74 40 9 760 25 760 1 31 60</string>
    <string>2016-10-12 01:26:23 182 91 40 17 763 25 763 1 31 60</string>
    <string>2016-10-12 01:26:23 183 103 40 23 767 25 767 1 32 60</string>
    <string>2016-10-12 01:26:24 184 136 40 38 771 25 771 1 32 60</string>
    <string>2016-10-12 01:26:24 185 129 40 34 773 25 773 1 33 60</string>
    <string>2016-10-12 01:26:25 186 90 40 17 778 25 778 1 33 60</string>
    <string>2016-10-12 01:26:25 187 76 40 10 782 25 782 1 34 60</string>
    <string>2016-10-12 01:26:26 188 108 40 25 786 25 786 1 34 60</string>
    <string>2016-10-12 01:26:26 189 90 40 16 790 25 790 1 35 60</string>
    <string>2016-10-12 01:26:27 190 91 40 17 794 25 794 1 35 60</string>
    <string>2016-10-12 01:26:27 191 139 40 39 798 25 798 1 36 60</string>
    <string>2016-10-12 01:26:28 192 128 40 34 802 25 802 1 36 60</string>
    <string>2016-10-12 01:26:28 193 109 40 25 806 25 806 1 37 60</string>
    <string>2016-10-12 01:26:29 194 66 40 5 809 25 809 1 37 60</string>
    <string>2016-10-12 01:26:29 195 76 40 10 813 25 813 1 38 60</string>
    <string>2016-10-12 01:26:30 196 100 40 21 816 25 816 1 38 60</string>
    <string>2016-10-12 01:26:30 197 61 40 3 820 25 820 1 39 60</string>
    <string>2016-10-12 01:26:31 198 91 40 17 823 25 823 1 40 60</string>
    <string>2016-10-12 01:26:31 199 124 40 32 827 25 827 1 40 60</string>
    <string>2016-10-12 01:26:32 200 77 40 10 831 25 831 1 40 60</string>
    <string>2016-10-12 01:26:32 201 87 40 15 835 25 835 1 41 60</string>
    <string>2016-10-12 01:26:33 202 66 40 6 838 25 838 1 41 60</string>
    <string>2016-10-12 01:26:33 202 66 40 6 838 25 838 1 41 60</string>
    <string>2016-10-12 01:26:34 203 99 40 21 842 25 842 1 42 60</string>
    <string>2016-10-12 01:26:34 204 125 40 33 846 25 846 1 42 60</string>
    <string>2016-10-12 01:26:35 205 126 40 33 850 25 850 1 43 60</string>
    <string>2016-10-12 01:26:35 206 79 40 11 854 25 854 1 43 60</string>
    <string>2016-10-12 01:26:36 207 76 40 10 858 25 858 1 44 60</string>
    <string>2016-10-12 01:26:36 208 61 40 3 861 25 861 1 44 60</string>
    <string>2016-10-12 01:26:37 209 110 40 26 865 25 865 1 45 60</string>
    <string>2016-10-12 01:26:37 210 67 40 6 868 25 868 1 45 60</string>
  </Results>
</ServerData>