<?xml version="1.0"?>
<ServerData xmlns:xsi="http://www.w3.org/2001/XMLSchema-instance" xmlns:xsd="http://www.w3.org/2001/XMLSchema">
  <Name>hdhsahd</Name>
  <Password>hfahdah</Password>
  <Doctor>false</Doctor>
  <Messages />
  <Results>
    <string>2016-10-19 10:34:12 1 10 40 2 0 25 0 0 0 60</string>
    <string>2016-10-19 10:34:13 2 66 40 41 4 25 4 0 0 60</string>
    <string>2016-10-19 10:34:13 3 114 40 342 9 25 9 0 1 60</string>
    <string>2016-10-19 10:34:14 4 100 40 253 13 25 13 0 1 60</string>
    <string>2016-10-19 10:34:14 5 120 40 375 18 25 18 0 2 60</string>
    <string>2016-10-19 10:34:15 6 105 40 286 22 25 22 0 2 60</string>
    <string>2016-10-19 10:34:15 7 74 40 88 27 25 27 0 3 60</string>
    <string>2016-10-19 10:34:16 8 104 40 276 31 25 31 0 3 60</string>
    <string>2016-10-19 10:34:16 9 76 40 106 35 25 35 0 4 60</string>
    <string>2016-10-19 10:34:17 10 73 40 87 40 25 40 0 4 60</string>
    <string>2016-10-19 10:34:17 11 139 40 497 44 25 44 0 5 60</string>
    <string>2016-10-19 10:34:18 12 79 40 120 49 25 49 0 5 60</string>
    <string>2016-10-19 10:34:18 13 89 40 182 54 25 54 0 6 60</string>
    <string>2016-10-19 10:34:19 14 113 40 332 58 25 58 0 6 60</string>
    <string>2016-10-19 10:34:19 15 123 40 395 63 25 63 0 7 60</string>
    <string>2016-10-19 10:34:20 16 124 40 403 67 25 67 0 7 60</string>
    <string>2016-10-19 10:34:20 17 68 40 54 71 25 71 0 7 60</string>
    <string>2016-10-19 10:34:21 18 129 40 437 76 25 76 0 8 60</string>
    <string>2016-10-19 10:34:21 19 95 40 223 80 25 80 0 8 60</string>
    <string>2016-10-19 10:34:22 20 68 40 52 84 25 84 0 9 60</string>
    <string>2016-10-19 10:34:22 21 129 40 435 89 25 89 0 9 60</string>
    <string>2016-10-19 10:34:23 22 110 40 319 94 25 94 0 10 60</string>
    <string>2016-10-19 10:34:23 23 134 40 468 98 25 98 0 10 60</string>
    <string>2016-10-19 10:34:24 24 116 40 352 103 25 103 0 11 60</string>
    <string>2016-10-19 10:34:24 25 60 40 2 107 25 107 0 11 60</string>
    <string>2016-10-19 10:34:25 26 121 40 385 112 25 112 0 12 60</string>
    <string>2016-10-19 10:34:25 27 94 40 215 116 25 116 0 12 60</string>
    <string>2016-10-19 10:34:26 28 111 40 321 120 25 120 0 13 60</string>
    <string>2016-10-19 10:34:26 29 92 40 204 125 25 125 0 13 60</string>
    <string>2016-10-19 10:34:27 30 65 40 34 129 25 129 0 14 60</string>
  </Results>
</ServerData>