<?xml version="1.0"?>
<ServerData xmlns:xsi="http://www.w3.org/2001/XMLSchema-instance" xmlns:xsd="http://www.w3.org/2001/XMLSchema">
  <Name>hfcewojfjoifew</Name>
  <Password>jfieow</Password>
  <Doctor>false</Doctor>
  <Messages />
  <Results>
    <string>2016-10-18 12:41:59 1 10 40 2 0 25 0 0 0 60</string>
    <string>2016-10-18 12:42:00 2 85 40 14 4 25 4 0 0 60</string>
    <string>2016-10-18 12:42:00 3 66 40 6 9 25 9 0 1 60</string>
    <string>2016-10-18 12:42:01 4 119 40 30 13 25 13 0 1 60</string>
    <string>2016-10-18 12:42:01 5 129 40 35 18 25 18 0 2 60</string>
    <string>2016-10-18 12:42:02 6 73 40 9 22 25 22 0 2 60</string>
    <string>2016-10-18 12:42:02 7 135 40 37 27 25 27 0 3 60</string>
    <string>2016-10-18 12:42:03 8 120 40 31 31 25 31 0 3 60</string>
    <string>2016-10-18 12:42:03 9 60 40 3 36 25 36 0 4 60</string>
    <string>2016-10-18 12:42:04 10 121 40 31 41 25 41 0 4 60</string>
    <string>2016-10-18 12:42:04 11 107 40 24 45 25 45 0 4 60</string>
    <string>2016-10-18 12:42:05 12 88 40 16 50 25 50 0 5 60</string>
    <string>2016-10-18 12:42:05 13 112 40 27 54 25 54 0 5 60</string>
    <string>2016-10-18 12:42:06 14 94 40 18 59 25 59 0 6 60</string>
    <string>2016-10-18 12:42:06 15 79 40 12 63 25 63 0 6 60</string>
    <string>2016-10-18 12:42:07 16 99 40 21 68 25 68 0 7 60</string>
    <string>2016-10-18 12:42:07 17 80 40 12 73 25 73 0 7 60</string>
    <string>2016-10-18 12:42:08 18 66 40 6 77 25 77 0 8 60</string>
    <string>2016-10-18 12:42:08 19 127 40 34 82 25 82 0 8 60</string>
    <string>2016-10-18 12:42:09 20 71 40 8 86 25 86 0 9 60</string>
    <string>2016-10-18 12:42:09 21 133 40 36 91 25 91 0 9 60</string>
    <string>2016-10-18 12:42:10 22 118 40 30 95 25 95 0 10 60</string>
    <string>2016-10-18 12:42:10 23 138 40 39 100 25 100 0 10 60</string>
    <string>2016-10-18 12:42:11 24 119 40 30 105 25 105 0 11 60</string>
    <string>2016-10-18 12:42:11 25 105 40 24 109 25 109 0 11 60</string>
    <string>2016-10-18 12:42:12 26 86 40 15 114 25 114 0 12 60</string>
    <string>2016-10-18 12:42:12 27 110 40 26 118 25 118 0 12 60</string>
    <string>2016-10-18 12:42:13 28 92 40 17 123 25 123 0 13 60</string>
    <string>2016-10-18 12:42:13 29 78 40 11 127 25 127 0 13 60</string>
    <string>2016-10-18 12:42:14 30 97 40 20 132 25 132 0 14 60</string>
    <string>2016-10-18 12:42:14 31 78 40 11 137 25 137 0 14 60</string>
    <string>2016-10-18 12:42:15 32 64 40 5 141 25 141 0 15 60</string>
    <string>2016-10-18 12:42:15 33 126 40 33 146 25 146 0 15 60</string>
    <string>2016-10-18 12:42:16 34 70 40 7 150 25 150 0 16 60</string>
    <string>2016-10-18 12:42:16 35 131 40 36 155 25 155 0 16 60</string>
    <string>2016-10-18 12:42:17 36 117 40 29 159 25 159 0 17 60</string>
    <string>2016-10-18 12:42:17 37 136 40 38 164 25 164 0 17 60</string>
    <string>2016-10-18 12:42:18 38 118 40 29 169 25 169 0 18 60</string>
    <string>2016-10-18 12:42:18 39 103 40 23 173 25 173 0 18 60</string>
    <string>2016-10-18 12:42:19 40 85 40 14 178 25 178 0 19 60</string>
    <string>2016-10-18 12:42:19 41 109 40 25 182 25 182 0 19 60</string>
    <string>2016-10-18 12:42:20 42 90 40 17 187 25 187 0 20 60</string>
    <string>2016-10-18 12:42:20 43 76 40 10 191 25 191 0 20 60</string>
    <string>2016-10-18 12:42:21 44 95 40 19 196 25 196 0 21 60</string>
    <string>2016-10-18 12:42:21 45 77 40 10 201 25 201 0 21 60</string>
    <string>2016-10-18 12:42:22 46 62 40 4 205 25 205 0 22 60</string>
    <string>2016-10-18 12:42:22 47 124 40 32 210 25 210 0 22 60</string>
    <string>2016-10-18 12:42:23 48 68 40 6 214 25 214 0 23 60</string>
    <string>2016-10-18 12:42:23 49 129 40 35 219 25 219 0 23 60</string>
    <string>2016-10-18 12:42:24 50 110 40 26 224 25 224 0 24 60</string>
    <string>2016-10-18 12:42:24 51 134 40 37 228 25 228 0 24 60</string>
    <string>2016-10-18 12:42:25 52 116 40 28 233 25 233 0 25 60</string>
    <string>2016-10-18 12:42:25 53 101 40 22 237 25 237 0 25 60</string>
    <string>2016-10-18 12:42:26 54 83 40 13 242 25 242 0 26 60</string>
    <string>2016-10-18 12:42:26 55 107 40 24 246 25 246 0 26 60</string>
    <string>2016-10-18 12:42:27 56 88 40 16 251 25 251 0 27 60</string>
    <string>2016-10-18 12:42:27 57 69 40 7 256 25 256 0 27 60</string>
    <string>2016-10-18 12:42:28 58 93 40 18 260 25 260 0 28 60</string>
    <string>2016-10-18 12:42:28 59 75 40 10 265 25 265 0 28 60</string>
    <string>2016-10-18 12:42:29 60 61 40 3 269 25 269 0 29 60</string>
    <string>2016-10-18 12:42:29 61 122 40 31 274 25 274 0 29 60</string>
    <string>2016-10-18 12:42:30 62 66 40 5 278 25 278 0 30 60</string>
    <string>2016-10-18 12:42:30 63 127 40 34 283 25 283 0 30 60</string>
    <string>2016-10-18 12:42:31 64 109 40 25 288 25 288 0 31 60</string>
    <string>2016-10-18 12:42:31 65 133 40 36 292 25 292 0 31 60</string>
    <string>2016-10-18 12:42:32 66 114 40 28 297 25 297 0 32 60</string>
    <string>2016-10-18 12:42:32 67 100 40 21 301 25 301 0 32 60</string>
    <string>2016-10-18 12:42:33 68 81 40 12 306 25 306 0 33 60</string>
    <string>2016-10-18 12:42:33 69 105 40 24 310 25 310 0 33 60</string>
    <string>2016-10-18 12:42:34 70 86 40 15 315 25 315 0 34 60</string>
    <string>2016-10-18 12:42:34 71 68 40 6 320 25 320 0 34 60</string>
    <string>2016-10-18 12:42:35 72 92 40 17 324 25 324 0 35 60</string>
    <string>2016-10-18 12:42:35 73 73 40 9 329 25 329 0 35 60</string>
    <string>2016-10-18 12:42:36 74 139 40 39 333 25 333 0 36 60</string>
    <string>2016-10-18 12:42:36 75 120 40 31 338 25 338 0 36 60</string>
    <string>2016-10-18 12:42:37 76 64 40 5 342 25 342 0 37 60</string>
    <string>2016-10-18 12:42:37 77 125 40 33 347 25 347 0 37 60</string>
    <string>2016-10-18 12:42:38 78 107 40 24 352 25 352 0 38 60</string>
    <string>2016-10-18 12:42:38 79 131 40 35 356 25 356 0 38 60</string>
    <string>2016-10-18 12:42:39 80 112 40 27 361 25 361 0 39 60</string>
    <string>2016-10-18 12:42:39 81 98 40 20 365 25 365 0 39 60</string>
    <string>2016-10-18 12:42:40 82 79 40 12 370 25 370 0 40 60</string>
    <string>2016-10-18 12:42:40 83 103 40 23 374 25 374 0 40 60</string>
    <string>2016-10-18 12:42:41 84 84 40 14 379 25 379 0 41 60</string>
    <string>2016-10-18 12:42:41 85 66 40 5 384 25 384 0 41 60</string>
    <string>2016-10-18 12:42:42 86 90 40 17 388 25 388 0 42 60</string>
    <string>2016-10-18 12:42:42 87 71 40 8 393 25 393 0 42 60</string>
    <string>2016-10-18 12:42:43 88 137 40 38 397 25 397 0 43 60</string>
    <string>2016-10-18 12:42:43 89 118 40 30 402 25 402 0 43 60</string>
    <string>2016-10-18 12:42:44 90 62 40 4 406 25 406 0 44 60</string>
    <string>2016-10-18 12:42:44 91 124 40 32 411 25 411 0 44 60</string>
    <string>2016-10-18 12:42:45 92 105 40 24 416 25 416 0 45 60</string>
    <string>2016-10-18 12:42:45 93 129 40 35 420 25 420 0 45 60</string>
    <string>2016-10-18 12:42:46 94 110 40 26 425 25 425 0 46 60</string>
    <string>2016-10-18 12:42:46 95 96 40 19 429 25 429 0 46 60</string>
    <string>2016-10-18 12:42:47 96 77 40 11 434 25 434 0 47 60</string>
    <string>2016-10-18 12:42:47 97 139 40 39 439 25 439 0 47 60</string>
    <string>2016-10-18 12:42:48 98 83 40 13 443 25 443 0 48 60</string>
    <string>2016-10-18 12:42:48 99 64 40 5 448 25 448 0 48 60</string>
    <string>2016-10-18 12:42:49 100 88 40 16 452 25 452 0 49 60</string>
    <string>2016-10-18 12:42:49 101 69 40 7 457 25 457 0 49 60</string>
    <string>2016-10-18 12:42:50 102 135 40 37 461 25 461 0 50 60</string>
    <string>2016-10-18 12:42:50 103 116 40 29 466 25 466 0 50 60</string>
    <string>2016-10-18 12:42:51 104 98 40 20 471 25 471 0 51 60</string>
    <string>2016-10-18 12:42:51 105 122 40 31 475 25 475 0 51 60</string>
    <string>2016-10-18 12:42:52 106 103 40 23 480 25 480 0 52 60</string>
    <string>2016-10-18 12:42:52 107 127 40 34 484 25 484 0 52 60</string>
    <string>2016-10-18 12:42:53 108 108 40 25 489 25 489 0 53 60</string>
    <string>2016-10-18 12:42:53 109 94 40 19 493 25 493 0 53 60</string>
    <string>2016-10-18 12:42:54 110 76 40 10 498 25 498 0 54 60</string>
    <string>2016-10-18 12:42:54 111 137 40 38 503 25 503 0 54 60</string>
    <string>2016-10-18 12:42:55 112 81 40 12 507 25 507 0 55 60</string>
    <string>2016-10-18 12:42:55 113 62 40 4 512 25 512 0 55 60</string>
    <string>2016-10-18 12:42:56 114 86 40 15 516 25 516 0 56 60</string>
    <string>2016-10-18 12:42:56 115 67 40 6 521 25 521 0 56 60</string>
    <string>2016-10-18 12:42:57 116 133 40 37 525 25 525 0 57 60</string>
    <string>2016-10-18 12:42:57 117 115 40 28 530 25 530 0 57 60</string>
    <string>2016-10-18 12:42:58 118 96 40 19 535 25 535 0 58 60</string>
    <string>2016-10-18 12:42:58 119 120 40 30 539 25 539 0 58 60</string>
    <string>2016-10-18 12:42:59 120 101 40 22 544 25 544 0 59 60</string>
    <string>2016-10-18 12:42:59 121 125 40 33 548 25 548 0 59 60</string>
    <string>2016-10-18 12:43:00 122 107 40 24 553 25 553 1 0 60</string>
    <string>2016-10-18 12:43:00 123 92 40 18 557 25 557 1 0 60</string>
    <string>2016-10-18 12:43:01 124 74 40 9 562 25 562 1 1 60</string>
    <string>2016-10-18 12:43:01 125 135 40 37 567 25 567 1 1 60</string>
    <string>2016-10-18 12:43:02 126 79 40 12 571 25 571 1 2 60</string>
    <string>2016-10-18 12:43:02 127 60 40 3 576 25 576 1 2 60</string>
    <string>2016-10-18 12:43:03 128 84 40 14 580 25 580 1 3 60</string>
    <string>2016-10-18 12:43:03 129 66 40 5 585 25 585 1 3 60</string>
    <string>2016-10-18 12:43:04 130 127 40 34 590 25 590 1 4 60</string>
    <string>2016-10-18 12:43:04 131 113 40 27 594 25 594 1 4 60</string>
    <string>2016-10-18 12:43:05 132 94 40 19 599 25 599 1 5 60</string>
    <string>2016-10-18 12:43:05 133 118 40 30 603 25 603 1 5 60</string>
    <string>2016-10-18 12:43:06 134 99 40 21 608 25 608 1 6 60</string>
    <string>2016-10-18 12:43:06 135 123 40 32 612 25 612 1 6 60</string>
    <string>2016-10-18 12:43:07 136 105 40 23 617 25 617 1 7 60</string>
    <string>2016-10-18 12:43:07 137 86 40 15 622 25 622 1 7 60</string>
    <string>2016-10-18 12:43:08 138 72 40 8 626 25 626 1 8 60</string>
    <string>2016-10-18 12:43:08 139 133 40 37 631 25 631 1 8 60</string>
    <string>2016-10-18 12:43:09 140 77 40 11 635 25 635 1 9 60</string>
    <string>2016-10-18 12:43:09 141 139 40 39 640 25 640 1 9 60</string>
    <string>2016-10-18 12:43:10 142 83 40 13 644 25 644 1 10 60</string>
    <string>2016-10-18 12:43:10 143 64 40 5 649 25 649 1 10 60</string>
    <string>2016-10-18 12:43:11 144 125 40 33 654 25 654 1 11 60</string>
    <string>2016-10-18 12:43:11 145 111 40 26 658 25 658 1 11 60</string>
    <string>2016-10-18 12:43:12 146 92 40 18 663 25 663 1 12 60</string>
    <string>2016-10-18 12:43:12 147 116 40 29 667 25 667 1 12 60</string>
    <string>2016-10-18 12:43:13 148 98 40 20 672 25 672 1 13 60</string>
    <string>2016-10-18 12:43:13 149 122 40 31 676 25 676 1 13 60</string>
    <string>2016-10-18 12:43:14 150 103 40 23 681 25 681 1 14 60</string>
    <string>2016-10-18 12:43:14 151 84 40 14 686 25 686 1 14 60</string>
    <string>2016-10-18 12:43:15 152 70 40 7 690 25 690 1 15 60</string>
    <string>2016-10-18 12:43:15 153 131 40 36 695 25 695 1 15 60</string>
    <string>2016-10-18 12:43:16 154 75 40 10 699 25 699 1 16 60</string>
    <string>2016-10-18 12:43:16 155 137 40 38 704 25 704 1 16 60</string>
    <string>2016-10-18 12:43:17 156 81 40 12 708 25 708 1 17 60</string>
    <string>2016-10-18 12:43:17 157 62 40 4 713 25 713 1 17 60</string>
    <string>2016-10-18 12:43:18 158 123 40 32 718 25 718 1 18 60</string>
    <string>2016-10-18 12:43:18 159 109 40 25 722 25 722 1 18 60</string>
    <string>2016-10-18 12:43:19 160 90 40 17 727 25 727 1 19 60</string>
    <string>2016-10-18 12:43:19 161 114 40 28 731 25 731 1 19 60</string>
    <string>2016-10-18 12:43:20 162 96 40 19 736 25 736 1 20 60</string>
    <string>2016-10-18 12:43:20 163 120 40 30 740 25 740 1 20 60</string>
    <string>2016-10-18 12:43:21 164 101 40 22 745 25 745 1 21 60</string>
    <string>2016-10-18 12:43:21 165 82 40 13 750 25 750 1 21 60</string>
    <string>2016-10-18 12:43:22 166 68 40 7 754 25 754 1 22 60</string>
    <string>2016-10-18 12:43:22 167 130 40 35 759 25 759 1 22 60</string>
    <string>2016-10-18 12:43:23 168 74 40 9 763 25 763 1 23 60</string>
    <string>2016-10-18 12:43:23 169 135 40 37 768 25 768 1 23 60</string>
    <string>2016-10-18 12:43:24 170 116 40 29 773 25 773 1 24 60</string>
    <string>2016-10-18 12:43:24 171 60 40 3 777 25 777 1 24 60</string>
    <string>2016-10-18 12:43:25 172 135 40 37 782 25 782 1 25 60</string>
    <string>2016-10-18 12:43:25 173 79 40 11 786 25 786 1 25 60</string>
    <string>2016-10-18 12:43:26 174 60 40 3 791 25 791 1 26 60</string>
    <string>2016-10-18 12:43:26 175 121 40 31 796 25 796 1 26 60</string>
    <string>2016-10-18 12:43:27 176 65 40 5 800 25 800 1 27 60</string>
    <string>2016-10-18 12:43:27 177 127 40 34 805 25 805 1 27 60</string>
    <string>2016-10-18 12:43:28 178 112 40 27 809 25 809 1 28 60</string>
    <string>2016-10-18 12:43:28 179 94 40 18 814 25 814 1 28 60</string>
    <string>2016-10-18 12:43:29 180 118 40 29 818 25 818 1 29 60</string>
    <string>2016-10-18 12:43:29 181 99 40 21 823 25 823 1 29 60</string>
    <string>2016-10-18 12:43:30 182 80 40 12 828 25 828 1 30 60</string>
    <string>2016-10-18 12:43:30 183 104 40 23 832 25 832 1 30 60</string>
    <string>2016-10-18 12:43:31 184 86 40 15 837 25 837 1 31 60</string>
    <string>2016-10-18 12:43:31 185 71 40 8 841 25 841 1 31 60</string>
    <string>2016-10-18 12:43:32 186 133 40 36 846 25 846 1 32 60</string>
    <string>2016-10-18 12:43:32 187 77 40 10 850 25 850 1 32 60</string>
    <string>2016-10-18 12:43:33 188 138 40 39 855 25 855 1 33 60</string>
    <string>2016-10-18 12:43:33 189 119 40 30 860 25 860 1 33 60</string>
    <string>2016-10-18 12:43:34 190 63 40 4 864 25 864 1 34 60</string>
    <string>2016-10-18 12:43:34 191 125 40 33 869 25 869 1 34 60</string>
    <string>2016-10-18 12:43:35 192 111 40 26 873 25 873 1 35 60</string>
    <string>2016-10-18 12:43:35 193 92 40 17 878 25 878 1 35 60</string>
    <string>2016-10-18 12:43:36 194 111 40 27 883 25 883 1 36 60</string>
    <string>2016-10-18 12:43:36 195 97 40 20 887 25 887 1 36 60</string>
    <string>2016-10-18 12:43:37 196 79 40 11 892 25 892 1 37 60</string>
    <string>2016-10-18 12:43:37 197 103 40 22 896 25 896 1 37 60</string>
    <string>2016-10-18 12:43:38 198 84 40 14 901 25 901 1 38 60</string>
    <string>2016-10-18 12:43:38 199 70 40 7 905 25 905 1 38 60</string>
    <string>2016-10-18 12:43:39 200 131 40 36 910 25 910 1 39 60</string>
    <string>2016-10-18 12:43:39 201 71 40 8 915 25 915 1 39 60</string>
    <string>2016-10-18 12:43:40 202 136 40 38 919 25 919 1 40 60</string>
    <string>2016-10-18 12:43:40 203 118 40 29 924 25 924 1 40 60</string>
    <string>2016-10-18 12:43:41 204 62 40 3 928 25 928 1 41 60</string>
    <string>2016-10-18 12:43:41 205 123 40 32 933 25 933 1 41 60</string>
    <string>2016-10-18 12:43:42 206 109 40 25 937 25 937 1 42 60</string>
    <string>2016-10-18 12:43:42 207 90 40 17 942 25 942 1 42 60</string>
    <string>2016-10-18 12:43:43 208 110 40 26 947 25 947 1 43 60</string>
    <string>2016-10-18 12:43:43 209 95 40 19 951 25 951 1 43 60</string>
    <string>2016-10-18 12:43:44 210 77 40 10 956 25 956 1 44 60</string>
    <string>2016-10-18 12:43:44 211 101 40 22 960 25 960 1 44 60</string>
    <string>2016-10-18 12:43:45 212 82 40 13 965 25 965 1 45 60</string>
    <string>2016-10-18 12:43:45 213 68 40 6 969 25 969 1 45 60</string>
    <string>2016-10-18 12:43:46 214 129 40 35 974 25 974 1 46 60</string>
    <string>2016-10-18 12:43:46 215 69 40 7 979 25 979 1 46 60</string>
    <string>2016-10-18 12:43:47 216 134 40 37 983 25 983 1 47 60</string>
    <string>2016-10-18 12:43:47 217 116 40 29 988 25 988 1 47 60</string>
    <string>2016-10-18 12:43:48 218 60 40 3 992 25 992 1 48 60</string>
    <string>2016-10-18 12:43:48 219 121 40 31 997 25 997 1 48 60</string>
    <string>2016-10-18 12:43:49 220 107 40 24 1001 25 1001 1 49 60</string>
    <string>2016-10-18 12:43:49 221 88 40 16 1006 25 1006 1 49 60</string>
    <string>2016-10-18 12:43:50 222 108 40 25 1011 25 1011 1 50 60</string>
    <string>2016-10-18 12:43:50 223 94 40 18 1015 25 1015 1 50 60</string>
    <string>2016-10-18 12:43:51 224 75 40 10 1020 25 1020 1 50 60</string>
    <string>2016-10-18 12:43:51 225 99 40 21 1024 25 1024 1 51 60</string>
    <string>2016-10-18 12:43:52 226 80 40 12 1029 25 1029 1 51 60</string>
    <string>2016-10-18 12:43:52 227 66 40 6 1033 25 1033 1 52 60</string>
    <string>2016-10-18 12:43:53 228 127 40 34 1038 25 1038 1 52 60</string>
    <string>2016-10-18 12:43:53 229 67 40 6 1043 25 1043 1 53 60</string>
    <string>2016-10-18 12:43:54 230 133 40 36 1047 25 1047 1 53 60</string>
    <string>2016-10-18 12:43:54 231 114 40 28 1052 25 1052 1 54 60</string>
    <string>2016-10-18 12:43:55 232 138 40 39 1056 25 1056 1 54 60</string>
    <string>2016-10-18 12:43:55 233 119 40 30 1061 25 1061 1 55 60</string>
    <string>2016-10-18 12:43:56 234 101 40 22 1066 25 1066 1 55 60</string>
    <string>2016-10-18 12:43:56 235 86 40 15 1070 25 1070 1 56 60</string>
    <string>2016-10-18 12:43:57 236 106 40 24 1075 25 1075 1 56 60</string>
    <string>2016-10-18 12:43:57 237 92 40 17 1079 25 1079 1 57 60</string>
    <string>2016-10-18 12:43:58 238 73 40 9 1084 25 1084 1 57 60</string>
    <string>2016-10-18 12:43:58 239 97 40 20 1088 25 1088 1 58 60</string>
    <string>2016-10-18 12:43:59 240 78 40 11 1093 25 1093 1 58 60</string>
    <string>2016-10-18 12:43:59 241 60 40 3 1098 25 1098 1 59 60</string>
    <string>2016-10-18 12:44:00 242 126 40 33 1102 25 1102 1 59 60</string>
    <string>2016-10-18 12:44:00 243 65 40 5 1107 25 1107 2 0 60</string>
    <string>2016-10-18 12:44:01 244 131 40 35 1111 25 1111 2 0 60</string>
    <string>2016-10-18 12:44:01 245 112 40 27 1116 25 1116 2 1 60</string>
    <string>2016-10-18 12:44:02 246 136 40 38 1120 25 1120 2 1 60</string>
    <string>2016-10-18 12:44:02 247 117 40 29 1125 25 1125 2 2 60</string>
    <string>2016-10-18 12:44:03 248 99 40 21 1130 25 1130 2 2 60</string>
    <string>2016-10-18 12:44:03 249 85 40 14 1134 25 1134 2 3 60</string>
    <string>2016-10-18 12:44:04 250 104 40 23 1139 25 1139 2 3 60</string>
    <string>2016-10-18 12:44:04 251 90 40 17 1143 25 1143 2 4 60</string>
    <string>2016-10-18 12:44:05 252 71 40 8 1148 25 1148 2 4 60</string>
    <string>2016-10-18 12:44:05 253 95 40 19 1152 25 1152 2 5 60</string>
    <string>2016-10-18 12:44:06 254 77 40 10 1157 25 1157 2 5 60</string>
    <string>2016-10-18 12:44:06 255 138 40 39 1162 25 1162 2 6 60</string>
    <string>2016-10-18 12:44:07 256 124 40 32 1166 25 1166 2 6 60</string>
    <string>2016-10-18 12:44:07 257 63 40 4 1171 25 1171 2 7 60</string>
    <string>2016-10-18 12:44:08 258 129 40 35 1175 25 1175 2 7 60</string>
    <string>2016-10-18 12:44:08 259 110 40 26 1180 25 1180 2 8 60</string>
    <string>2016-10-18 12:44:09 260 134 40 37 1184 25 1184 2 8 60</string>
    <string>2016-10-18 12:44:09 261 116 40 28 1189 25 1189 2 9 60</string>
    <string>2016-10-18 12:44:10 262 97 40 20 1194 25 1194 2 9 60</string>
    <string>2016-10-18 12:44:10 263 83 40 13 1198 25 1198 2 10 60</string>
    <string>2016-10-18 12:44:11 264 102 40 22 1203 25 1203 2 10 60</string>
    <string>2016-10-18 12:44:11 265 88 40 16 1207 25 1207 2 11 60</string>
    <string>2016-10-18 12:44:12 266 69 40 7 1212 25 1212 2 11 60</string>
    <string>2016-10-18 12:44:12 268 75 40 10 1221 25 1221 2 12 60</string>
    <string>2016-10-18 12:44:13 269 136 40 38 1226 25 1226 2 13 60</string>
    <string>2016-10-18 12:44:13 269 136 40 38 1226 25 1226 2 13 60</string>
    <string>2016-10-18 12:44:14 270 122 40 31 1230 25 1230 2 13 60</string>
    <string>2016-10-18 12:44:14 271 61 40 3 1235 25 1235 2 14 60</string>
    <string>2016-10-18 12:44:15 272 127 40 34 1239 25 1239 2 14 60</string>
    <string>2016-10-18 12:44:15 273 109 40 25 1244 25 1244 2 15 60</string>
    <string>2016-10-18 12:44:16 274 90 40 17 1249 25 1249 2 15 60</string>
    <string>2016-10-18 12:44:16 275 114 40 28 1253 25 1253 2 16 60</string>
    <string>2016-10-18 12:44:17 276 95 40 19 1258 25 1258 2 16 60</string>
  </Results>
</ServerData>