<?xml version="1.0"?>
<ServerData xmlns:xsi="http://www.w3.org/2001/XMLSchema-instance" xmlns:xsd="http://www.w3.org/2001/XMLSchema">
  <Name>jafeiowafjew</Name>
  <Password>feijwo</Password>
  <Doctor>false</Doctor>
  <Messages />
  <Results>
    <string>2016-10-12 11:30:05 1 0 0 0 0 30 0 0 0 0</string>
    <string>2016-10-12 11:30:06 2 0 0 0 0 30 0 0 0 0</string>
    <string>2016-10-12 11:30:06 3 0 0 0 0 30 0 0 0 0</string>
    <string>2016-10-12 11:30:07 4 0 0 0 0 30 0 0 0 0</string>
    <string>2016-10-12 11:30:07 5 0 0 0 0 30 0 0 0 0</string>
    <string>2016-10-12 11:30:08 6 0 0 0 0 30 0 0 0 0</string>
    <string>2016-10-12 11:30:08 7 0 0 0 0 30 0 0 0 0</string>
    <string>2016-10-12 11:30:09 8 0 0 0 0 30 0 0 0 0</string>
    <string>2016-10-12 11:30:09 9 0 0 0 0 30 0 0 0 0</string>
    <string>2016-10-12 11:30:10 10 0 0 0 0 30 0 0 0 0</string>
    <string>2016-10-12 11:30:10 11 0 0 0 0 30 0 0 0 0</string>
    <string>2016-10-12 11:30:11 12 0 0 0 0 30 0 0 0 0</string>
    <string>2016-10-12 11:30:11 13 0 0 0 0 30 0 0 0 0</string>
    <string>2016-10-12 11:30:12 14 0 0 0 0 30 0 0 0 0</string>
    <string>2016-10-12 11:30:12 15 0 0 0 0 30 0 0 0 0</string>
    <string>2016-10-12 11:30:13 16 0 0 0 0 30 0 0 0 0</string>
    <string>2016-10-12 11:30:13 17 0 0 0 0 30 0 0 0 0</string>
    <string>2016-10-12 11:30:14 18 0 0 0 0 30 0 0 0 0</string>
    <string>2016-10-12 11:30:14 19 0 0 0 0 30 0 0 0 0</string>
    <string>2016-10-12 11:30:15 20 0 0 0 0 30 0 0 0 0</string>
    <string>2016-10-12 11:30:15 21 0 0 0 0 30 0 0 0 0</string>
    <string>2016-10-12 11:30:16 22 0 0 0 0 30 0 0 0 0</string>
    <string>2016-10-12 11:30:16 23 0 0 0 0 30 0 0 0 0</string>
    <string>2016-10-12 11:30:17 24 0 0 0 0 30 0 0 0 0</string>
    <string>2016-10-12 11:30:17 25 0 0 0 0 30 0 0 0 0</string>
    <string>2016-10-12 11:30:18 26 0 0 0 0 30 0 0 0 0</string>
    <string>2016-10-12 11:30:18 27 0 0 0 0 30 0 0 0 0</string>
    <string>2016-10-12 11:30:19 28 0 0 0 0 30 0 0 0 0</string>
    <string>2016-10-12 11:30:19 29 0 0 0 0 30 0 0 0 0</string>
    <string>2016-10-12 11:30:20 30 0 0 0 0 30 0 0 0 0</string>
    <string>2016-10-12 11:30:20 31 0 0 0 0 30 0 0 0 0</string>
    <string>2016-10-12 11:30:21 32 0 64 227 0 30 0 0 0 0</string>
    <string>2016-10-12 11:30:21 33 0 64 227 0 30 0 0 0 15</string>
    <string>2016-10-12 11:30:22 34 0 64 227 0 30 0 0 1 30</string>
    <string>2016-10-12 11:30:22 35 0 64 227 0 30 0 0 1 30</string>
    <string>2016-10-12 11:30:23 36 0 64 227 0 30 0 0 2 30</string>
    <string>2016-10-12 11:30:23 37 0 67 238 0 30 0 0 2 30</string>
    <string>2016-10-12 11:30:24 38 0 67 238 0 30 0 0 3 30</string>
    <string>2016-10-12 11:30:24 39 0 67 238 0 30 0 0 3 30</string>
    <string>2016-10-12 11:30:25 40 0 67 238 0 30 0 0 4 30</string>
    <string>2016-10-12 11:30:25 41 0 75 266 0 30 0 0 4 30</string>
    <string>2016-10-12 11:30:26 42 0 75 266 0 30 0 0 5 30</string>
    <string>2016-10-12 11:30:26 43 0 75 266 0 30 0 0 5 30</string>
    <string>2016-10-12 11:30:27 44 0 75 266 0 30 0 0 6 30</string>
    <string>2016-10-12 11:30:27 45 0 180 639 0 30 0 0 6 30</string>
    <string>2016-10-12 11:30:28 46 0 180 639 0 30 0 0 7 30</string>
    <string>2016-10-12 11:30:28 47 0 180 639 0 30 0 0 7 30</string>
    <string>2016-10-12 11:30:29 48 0 180 639 0 30 0 0 8 30</string>
    <string>2016-10-12 11:30:29 49 0 199 706 0 30 0 0 8 30</string>
    <string>2016-10-12 11:30:30 50 0 199 706 1 30 1 0 9 30</string>
    <string>2016-10-12 11:30:30 51 0 199 706 1 30 1 0 9 30</string>
    <string>2016-10-12 11:30:31 52 0 199 706 1 30 1 0 10 30</string>
    <string>2016-10-12 11:30:31 53 0 199 706 1 30 1 0 10 30</string>
    <string>2016-10-12 11:30:32 54 0 199 706 1 30 1 0 11 30</string>
    <string>2016-10-12 11:30:32 55 0 199 706 1 30 1 0 11 30</string>
    <string>2016-10-12 11:30:33 56 0 199 706 1 30 1 0 12 30</string>
    <string>2016-10-12 11:30:33 57 0 199 706 1 30 1 0 12 30</string>
    <string>2016-10-12 11:30:34 58 0 199 706 1 30 1 0 13 30</string>
    <string>2016-10-12 11:30:34 59 0 199 706 2 30 1 0 13 30</string>
    <string>2016-10-12 11:30:35 60 0 199 706 2 30 1 0 14 30</string>
    <string>2016-10-12 11:30:35 61 0 195 692 2 30 1 0 14 30</string>
    <string>2016-10-12 11:30:36 62 0 195 692 2 30 1 0 15 30</string>
    <string>2016-10-12 11:30:36 63 0 195 692 2 30 1 0 15 30</string>
    <string>2016-10-12 11:30:37 64 0 195 692 2 30 1 0 16 30</string>
    <string>2016-10-12 11:30:37 65 0 191 678 2 30 1 0 16 30</string>
    <string>2016-10-12 11:30:38 66 0 191 678 2 30 2 0 17 30</string>
    <string>2016-10-12 11:30:38 67 0 191 678 2 30 2 0 17 30</string>
    <string>2016-10-12 11:30:39 68 0 191 678 2 30 2 0 18 30</string>
    <string>2016-10-12 11:30:39 69 0 188 667 2 30 2 0 18 30</string>
    <string>2016-10-12 11:30:40 70 0 188 667 3 30 2 0 19 30</string>
    <string>2016-10-12 11:30:40 71 0 188 667 3 30 2 0 19 30</string>
    <string>2016-10-12 11:30:41 72 0 188 667 3 35 2 0 20 35</string>
    <string>2016-10-12 11:30:41 73 0 188 667 3 55 2 0 20 50</string>
    <string>2016-10-12 11:30:42 74 0 184 653 3 75 2 0 21 65</string>
    <string>2016-10-12 11:30:42 75 0 184 653 3 95 2 0 21 80</string>
    <string>2016-10-12 11:30:43 76 0 184 653 3 115 3 0 22 95</string>
    <string>2016-10-12 11:30:43 77 0 178 632 3 135 3 0 22 110</string>
    <string>2016-10-12 11:30:44 78 0 178 632 3 155 3 0 23 125</string>
    <string>2016-10-12 11:30:44 79 0 178 632 3 175 3 0 23 140</string>
    <string>2016-10-12 11:30:45 80 0 178 632 3 195 4 0 24 155</string>
    <string>2016-10-12 11:30:45 81 0 178 632 4 220 4 0 24 170</string>
    <string>2016-10-12 11:30:46 82 0 163 579 4 240 5 0 25 185</string>
    <string>2016-10-12 11:30:46 83 0 163 579 4 260 5 0 25 200</string>
    <string>2016-10-12 11:30:47 84 0 163 579 4 285 6 0 26 218</string>
    <string>2016-10-12 11:30:47 85 0 163 579 4 305 6 0 26 230</string>
    <string>2016-10-12 11:30:48 86 0 140 497 4 325 7 0 27 248</string>
    <string>2016-10-12 11:30:48 87 0 140 497 4 345 7 0 27 260</string>
    <string>2016-10-12 11:30:49 88 0 140 497 4 370 8 0 28 278</string>
    <string>2016-10-12 11:30:49 89 0 140 497 4 390 8 0 28 293</string>
    <string>2016-10-12 11:30:50 90 0 101 359 4 400 10 0 29 308</string>
    <string>2016-10-12 11:30:50 91 0 101 359 4 400 10 0 29 323</string>
    <string>2016-10-12 11:30:51 92 0 101 359 4 400 12 0 30 338</string>
    <string>2016-10-12 11:30:51 93 0 101 359 4 400 12 0 30 353</string>
    <string>2016-10-12 11:30:52 94 0 101 359 4 400 13 0 31 368</string>
    <string>2016-10-12 11:30:52 95 0 24 85 4 400 13 0 31 383</string>
    <string>2016-10-12 11:30:53 96 0 24 85 4 400 15 0 32 398</string>
    <string>2016-10-12 11:30:53 97 0 24 85 4 400 15 0 32 400</string>
    <string>2016-10-12 11:30:54 98 0 0 0 4 400 16 0 33 400</string>
    <string>2016-10-12 11:30:54 99 0 0 0 4 400 16 0 33 0</string>
    <string>2016-10-12 11:30:55 100 0 0 0 4 400 16 0 33 0</string>
    <string>2016-10-12 11:30:55 101 0 0 0 4 400 16 0 33 0</string>
    <string>2016-10-12 11:30:56 101 0 0 0 4 400 16 0 33 0</string>
    <string>2016-10-12 11:30:56 103 0 0 0 4 400 16 0 33 0</string>
    <string>2016-10-12 11:30:57 103 0 0 0 4 400 16 0 33 0</string>
    <string>2016-10-12 11:30:57 105 0 0 0 4 400 16 0 33 0</string>
    <string>2016-10-12 11:30:58 105 0 0 0 4 400 16 0 33 0</string>
    <string>2016-10-12 11:30:58 107 0 0 0 4 400 16 0 33 0</string>
    <string>2016-10-12 11:30:59 107 0 0 0 4 400 16 0 33 0</string>
    <string>2016-10-12 11:30:59 108 0 0 0 4 400 16 0 33 0</string>
    <string>2016-10-12 11:31:00 109 0 0 0 4 400 16 0 33 0</string>
    <string>2016-10-12 11:31:00 110 0 0 0 4 400 16 0 33 0</string>
    <string>2016-10-12 11:31:01 111 0 0 0 4 400 16 0 33 0</string>
    <string>2016-10-12 11:31:01 112 0 0 0 4 25 16 0 33 0</string>
    <string>2016-10-12 11:31:02 113 0 0 0 4 25 16 0 33 0</string>
    <string>2016-10-12 11:31:02 114 0 0 0 4 25 16 0 33 0</string>
    <string>2016-10-12 11:31:03 115 0 0 0 4 25 16 0 33 0</string>
    <string>2016-10-12 11:31:03 116 0 0 0 4 25 16 0 33 0</string>
    <string>2016-10-12 11:31:04 117 0 0 0 4 25 16 0 33 0</string>
    <string>2016-10-12 11:31:04 118 0 0 0 4 25 16 0 33 0</string>
    <string>2016-10-12 11:31:05 119 0 0 0 4 25 16 0 33 0</string>
    <string>2016-10-12 11:31:05 120 0 0 0 4 25 16 0 33 0</string>
    <string>2016-10-12 11:31:06 121 0 0 0 4 25 16 0 33 0</string>
    <string>2016-10-12 11:31:06 122 0 0 0 4 25 16 0 33 0</string>
    <string>2016-10-12 11:31:07 123 0 0 0 4 25 16 0 33 0</string>
    <string>2016-10-12 11:31:07 124 0 17 60 4 25 16 0 33 12</string>
    <string>2016-10-12 11:31:08 125 0 17 60 4 25 16 0 34 24</string>
    <string>2016-10-12 11:31:08 126 0 17 60 4 25 16 0 34 25</string>
    <string>2016-10-12 11:31:09 127 0 17 60 4 25 17 0 35 25</string>
    <string>2016-10-12 11:31:09 128 0 14 50 4 25 17 0 35 25</string>
    <string>2016-10-12 11:31:10 129 0 14 50 4 25 17 0 36 25</string>
    <string>2016-10-12 11:31:10 130 0 14 50 4 25 17 0 36 25</string>
    <string>2016-10-12 11:31:11 131 0 14 50 4 25 17 0 37 25</string>
    <string>2016-10-12 11:31:11 132 0 14 50 4 25 17 0 37 25</string>
    <string>2016-10-12 11:31:12 133 0 12 43 4 25 17 0 38 25</string>
    <string>2016-10-12 11:31:12 134 0 12 43 4 25 17 0 38 25</string>
    <string>2016-10-12 11:31:13 135 0 12 43 4 25 17 0 39 25</string>
    <string>2016-10-12 11:31:13 136 0 12 43 4 25 17 0 39 25</string>
    <string>2016-10-12 11:31:14 137 0 12 43 4 25 17 0 40 25</string>
    <string>2016-10-12 11:31:14 138 0 12 43 4 25 17 0 40 25</string>
    <string>2016-10-12 11:31:15 139 0 12 43 4 25 17 0 41 25</string>
    <string>2016-10-12 11:31:15 140 0 12 43 4 25 17 0 41 25</string>
    <string>2016-10-12 11:31:16 141 0 12 43 4 25 17 0 42 25</string>
    <string>2016-10-12 11:31:16 142 0 12 43 4 25 17 0 42 25</string>
    <string>2016-10-12 11:31:17 143 0 12 43 4 25 17 0 43 25</string>
    <string>2016-10-12 11:31:17 144 0 12 43 4 25 17 0 43 25</string>
    <string>2016-10-12 11:31:18 145 0 12 43 4 25 17 0 44 25</string>
    <string>2016-10-12 11:31:18 146 0 12 43 4 25 17 0 44 25</string>
    <string>2016-10-12 11:31:19 147 0 11 39 4 25 18 0 45 25</string>
    <string>2016-10-12 11:31:19 148 0 11 39 4 25 18 0 45 25</string>
    <string>2016-10-12 11:31:20 149 0 11 39 4 25 18 0 46 25</string>
    <string>2016-10-12 11:31:20 150 0 11 39 4 25 18 0 46 25</string>
    <string>2016-10-12 11:31:21 151 0 11 39 4 25 18 0 47 25</string>
    <string>2016-10-12 11:31:21 152 0 0 0 4 25 18 0 47 0</string>
    <string>2016-10-12 11:31:22 153 0 0 0 4 25 18 0 47 0</string>
    <string>2016-10-12 11:31:22 154 0 0 0 4 25 18 0 47 0</string>
    <string>2016-10-12 11:31:23 155 0 0 0 4 25 18 0 47 0</string>
    <string>2016-10-12 11:31:23 156 0 22 78 4 25 18 0 47 3</string>
    <string>2016-10-12 11:31:24 157 0 22 78 4 25 18 0 48 18</string>
    <string>2016-10-12 11:31:24 158 0 22 78 4 25 18 0 48 25</string>
    <string>2016-10-12 11:31:25 159 0 22 78 4 25 18 0 49 25</string>
    <string>2016-10-12 11:31:25 160 0 22 78 4 25 18 0 49 25</string>
    <string>2016-10-12 11:31:26 161 0 32 114 4 25 18 0 50 25</string>
    <string>2016-10-12 11:31:26 162 0 32 114 5 25 18 0 50 25</string>
    <string>2016-10-12 11:31:27 163 0 32 114 5 25 18 0 51 25</string>
    <string>2016-10-12 11:31:27 164 0 32 114 5 25 18 0 51 25</string>
    <string>2016-10-12 11:31:28 165 0 39 138 5 25 18 0 52 25</string>
    <string>2016-10-12 11:31:28 166 0 39 138 5 25 18 0 52 25</string>
    <string>2016-10-12 11:31:29 167 0 39 138 5 25 18 0 53 25</string>
    <string>2016-10-12 11:31:29 168 0 39 138 5 25 18 0 53 25</string>
    <string>2016-10-12 11:31:30 169 0 35 124 5 25 18 0 54 25</string>
    <string>2016-10-12 11:31:30 170 0 35 124 5 25 18 0 54 25</string>
    <string>2016-10-12 11:31:31 171 0 35 124 5 25 19 0 55 25</string>
    <string>2016-10-12 11:31:31 171 0 35 124 5 25 19 0 55 25</string>
    <string>2016-10-12 11:31:32 173 0 35 124 5 25 19 0 56 25</string>
    <string>2016-10-12 11:31:32 174 0 38 135 5 25 19 0 56 25</string>
    <string>2016-10-12 11:31:33 175 0 38 135 5 25 19 0 57 25</string>
    <string>2016-10-12 11:31:33 176 0 38 135 5 25 19 0 57 25</string>
    <string>2016-10-12 11:31:34 177 0 38 135 5 25 19 0 58 25</string>
    <string>2016-10-12 11:31:34 178 0 36 128 5 25 19 0 59 25</string>
    <string>2016-10-12 11:31:35 179 0 36 128 5 25 19 0 59 25</string>
    <string>2016-10-12 11:31:35 180 0 36 128 5 25 19 1 0 25</string>
    <string>2016-10-12 11:31:36 181 0 36 128 5 25 19 1 0 25</string>
    <string>2016-10-12 11:31:36 182 0 20 71 5 25 19 1 1 25</string>
    <string>2016-10-12 11:31:37 183 0 20 71 5 25 19 1 1 25</string>
    <string>2016-10-12 11:31:37 184 0 20 71 5 25 19 1 2 25</string>
    <string>2016-10-12 11:31:38 185 0 20 71 5 25 19 1 2 25</string>
    <string>2016-10-12 11:31:38 186 0 20 71 5 25 19 1 3 25</string>
    <string>2016-10-12 11:31:39 187 0 20 71 5 25 19 1 3 25</string>
    <string>2016-10-12 11:31:39 188 0 20 71 5 25 19 1 4 25</string>
    <string>2016-10-12 11:31:40 189 0 0 0 5 25 19 1 4 25</string>
    <string>2016-10-12 11:31:40 190 0 0 0 5 25 19 1 4 0</string>
    <string>2016-10-12 11:31:41 191 0 0 0 5 25 19 1 4 0</string>
    <string>2016-10-12 11:31:41 192 0 0 0 5 25 19 1 4 0</string>
    <string>2016-10-12 11:31:42 193 0 0 0 5 25 19 1 4 0</string>
    <string>2016-10-12 11:31:42 194 0 0 0 5 25 19 1 4 0</string>
    <string>2016-10-12 11:31:43 195 0 0 0 5 25 19 1 4 0</string>
    <string>2016-10-12 11:31:43 196 0 0 0 5 25 19 1 4 0</string>
    <string>2016-10-12 11:31:44 197 0 0 0 5 25 19 1 4 0</string>
    <string>2016-10-12 11:31:44 198 0 0 0 5 25 19 1 4 0</string>
    <string>2016-10-12 11:31:45 199 0 0 0 5 25 19 1 4 0</string>
    <string>2016-10-12 11:31:45 199 0 0 0 5 25 19 1 4 0</string>
    <string>2016-10-12 11:31:46 200 0 0 0 5 25 19 1 4 0</string>
    <string>2016-10-12 11:31:46 201 0 0 0 5 25 19 1 4 0</string>
    <string>2016-10-12 11:31:47 202 0 0 0 5 25 19 1 4 0</string>
    <string>2016-10-12 11:31:47 203 0 0 0 5 25 19 1 4 0</string>
    <string>2016-10-12 11:31:48 204 0 0 0 5 25 19 1 4 0</string>
    <string>2016-10-12 11:31:48 205 0 0 0 5 25 19 1 4 0</string>
    <string>2016-10-12 11:31:49 206 0 0 0 5 25 19 1 4 0</string>
    <string>2016-10-12 11:31:49 207 0 0 0 5 25 19 1 4 0</string>
    <string>2016-10-12 11:31:50 208 0 0 0 5 25 19 1 4 0</string>
    <string>2016-10-12 11:31:50 209 0 11 39 5 25 19 1 4 12</string>
    <string>2016-10-12 11:31:51 210 0 11 39 5 25 20 1 5 25</string>
    <string>2016-10-12 11:31:51 211 0 11 39 5 25 20 1 5 25</string>
    <string>2016-10-12 11:31:52 212 0 11 39 5 25 20 1 6 25</string>
    <string>2016-10-12 11:31:52 213 0 11 39 5 25 20 1 6 25</string>
    <string>2016-10-12 11:31:53 214 0 0 0 5 25 20 1 6 0</string>
    <string>2016-10-12 11:31:53 215 0 0 0 5 25 20 1 6 0</string>
    <string>2016-10-12 11:31:54 216 0 0 0 5 25 20 1 6 0</string>
    <string>2016-10-12 11:31:54 217 0 0 0 5 25 20 1 6 0</string>
    <string>2016-10-12 11:31:55 218 0 14 50 5 25 20 1 7 6</string>
    <string>2016-10-12 11:31:55 219 0 14 50 5 25 20 1 7 21</string>
    <string>2016-10-12 11:31:56 220 0 14 50 5 25 20 1 8 25</string>
    <string>2016-10-12 11:31:56 221 0 14 50 5 25 20 1 8 25</string>
    <string>2016-10-12 11:31:57 222 0 14 50 5 25 20 1 9 25</string>
    <string>2016-10-12 11:31:57 223 0 11 39 5 25 20 1 9 25</string>
    <string>2016-10-12 11:31:58 224 0 11 39 5 25 20 1 10 25</string>
    <string>2016-10-12 11:31:58 225 0 11 39 5 25 20 1 10 25</string>
    <string>2016-10-12 11:31:59 226 0 11 39 5 25 20 1 11 25</string>
    <string>2016-10-12 11:31:59 227 0 11 39 5 25 20 1 11 25</string>
    <string>2016-10-12 11:32:00 228 0 0 0 5 25 20 1 11 0</string>
    <string>2016-10-12 11:32:00 229 0 0 0 5 25 20 1 11 0</string>
    <string>2016-10-12 11:32:01 230 0 0 0 5 25 20 1 11 0</string>
    <string>2016-10-12 11:32:01 231 0 0 0 5 25 20 1 11 0</string>
    <string>2016-10-12 11:32:02 232 0 0 0 5 25 20 1 11 0</string>
    <string>2016-10-12 11:32:02 233 0 15 53 5 25 20 1 11 15</string>
    <string>2016-10-12 11:32:03 234 0 15 53 5 25 20 1 12 25</string>
    <string>2016-10-12 11:32:03 235 0 15 53 5 25 20 1 12 25</string>
    <string>2016-10-12 11:32:04 236 0 15 53 5 25 20 1 13 25</string>
    <string>2016-10-12 11:32:04 237 0 10 36 5 25 20 1 13 25</string>
    <string>2016-10-12 11:32:05 238 0 10 36 5 25 20 1 14 25</string>
    <string>2016-10-12 11:32:05 239 0 10 36 5 25 20 1 14 25</string>
    <string>2016-10-12 11:32:06 240 0 10 36 5 25 21 1 15 25</string>
    <string>2016-10-12 11:32:06 241 0 10 36 5 25 21 1 15 25</string>
    <string>2016-10-12 11:32:07 242 0 10 36 5 25 21 1 16 25</string>
    <string>2016-10-12 11:32:07 243 0 10 36 5 25 21 1 16 25</string>
    <string>2016-10-12 11:32:08 244 0 10 36 5 25 21 1 17 25</string>
    <string>2016-10-12 11:32:08 245 0 10 36 5 25 21 1 17 25</string>
    <string>2016-10-12 11:32:09 246 0 15 53 5 25 21 1 18 25</string>
    <string>2016-10-12 11:32:09 247 0 15 53 5 25 21 1 19 25</string>
    <string>2016-10-12 11:32:10 248 0 15 53 5 25 21 1 19 25</string>
    <string>2016-10-12 11:32:10 249 0 15 53 5 25 21 1 20 25</string>
    <string>2016-10-12 11:32:11 250 0 16 57 5 25 21 1 20 25</string>
    <string>2016-10-12 11:32:11 251 0 16 57 5 25 21 1 21 25</string>
    <string>2016-10-12 11:32:12 252 0 16 57 5 25 21 1 21 25</string>
    <string>2016-10-12 11:32:12 253 0 16 57 5 25 21 1 22 25</string>
    <string>2016-10-12 11:32:13 254 0 16 57 5 25 21 1 22 25</string>
    <string>2016-10-12 11:32:13 255 0 18 64 5 25 21 1 23 25</string>
    <string>2016-10-12 11:32:14 256 0 18 64 5 25 21 1 23 25</string>
    <string>2016-10-12 11:32:14 257 0 18 64 5 25 21 1 24 25</string>
    <string>2016-10-12 11:32:15 258 0 18 64 5 25 21 1 24 25</string>
    <string>2016-10-12 11:32:15 259 0 14 50 5 25 22 1 25 25</string>
    <string>2016-10-12 11:32:16 260 0 14 50 5 25 22 1 25 25</string>
    <string>2016-10-12 11:32:16 261 0 14 50 5 25 22 1 26 25</string>
    <string>2016-10-12 11:32:17 262 0 14 50 5 25 22 1 26 25</string>
    <string>2016-10-12 11:32:17 263 0 14 50 5 25 22 1 27 25</string>
    <string>2016-10-12 11:32:18 264 0 18 64 5 25 22 1 27 25</string>
    <string>2016-10-12 11:32:18 265 0 18 64 5 25 22 1 28 25</string>
    <string>2016-10-12 11:32:19 266 0 18 64 5 25 22 1 28 25</string>
    <string>2016-10-12 11:32:19 266 0 18 64 5 25 22 1 28 25</string>
    <string>2016-10-12 11:32:20 268 0 18 64 5 25 22 1 29 25</string>
    <string>2016-10-12 11:32:20 268 0 18 64 5 25 22 1 29 25</string>
    <string>2016-10-12 11:32:21 269 0 0 0 5 25 22 1 29 0</string>
    <string>2016-10-12 11:32:21 270 0 0 0 5 25 22 1 29 0</string>
    <string>2016-10-12 11:32:22 271 0 0 0 5 25 22 1 29 0</string>
    <string>2016-10-12 11:32:22 272 0 0 0 5 25 22 1 29 0</string>
    <string>2016-10-12 11:32:23 273 0 0 0 5 25 22 1 29 0</string>
    <string>2016-10-12 11:32:23 274 0 0 0 5 25 22 1 29 0</string>
    <string>2016-10-12 11:32:24 275 0 0 0 5 25 22 1 29 0</string>
    <string>2016-10-12 11:32:24 276 0 0 0 5 25 22 1 29 0</string>
    <string>2016-10-12 11:32:25 277 0 0 0 5 25 22 1 29 0</string>
    <string>2016-10-12 11:32:25 278 0 0 0 5 25 22 1 29 0</string>
    <string>2016-10-12 11:32:26 279 0 0 0 5 25 22 1 29 0</string>
    <string>2016-10-12 11:32:26 280 0 0 0 5 25 22 1 29 0</string>
    <string>2016-10-12 11:32:27 281 0 0 0 5 25 22 1 29 0</string>
  </Results>
</ServerData>