<?xml version="1.0"?>
<ServerData xmlns:xsi="http://www.w3.org/2001/XMLSchema-instance" xmlns:xsd="http://www.w3.org/2001/XMLSchema">
  <Name>jefoiwajfoiwafj</Name>
  <Password>fjeiwofjw</Password>
  <Doctor>false</Doctor>
  <Messages />
  <Results>
    <string>2016-10-18 02:21:13 1 0 0 0 0 30 0 0 0 0</string>
    <string>2016-10-18 02:21:14 2 0 0 0 0 30 0 0 0 0</string>
    <string>2016-10-18 02:21:14 3 0 0 0 0 30 0 0 0 0</string>
    <string>2016-10-18 02:21:15 4 0 0 0 0 30 0 0 0 0</string>
    <string>2016-10-18 02:21:15 5 0 0 0 0 30 0 0 0 0</string>
    <string>2016-10-18 02:21:16 6 0 59 209 0 30 0 0 0 12</string>
    <string>2016-10-18 02:21:16 7 0 59 209 0 30 0 0 1 27</string>
    <string>2016-10-18 02:21:17 8 0 59 209 0 30 0 0 1 30</string>
    <string>2016-10-18 02:21:17 9 0 59 209 0 30 0 0 2 30</string>
    <string>2016-10-18 02:21:18 10 0 73 259 0 30 0 0 2 30</string>
    <string>2016-10-18 02:21:18 11 0 73 259 0 30 0 0 3 30</string>
    <string>2016-10-18 02:21:19 12 0 73 259 0 30 0 0 3 30</string>
    <string>2016-10-18 02:21:19 13 0 73 259 0 30 0 0 4 30</string>
    <string>2016-10-18 02:21:20 14 0 82 291 0 30 0 0 4 30</string>
    <string>2016-10-18 02:21:20 15 0 82 291 0 30 0 0 5 30</string>
    <string>2016-10-18 02:21:21 16 0 82 291 0 30 0 0 5 30</string>
    <string>2016-10-18 02:21:21 17 0 82 291 0 30 0 0 6 30</string>
    <string>2016-10-18 02:21:22 18 0 89 316 0 30 0 0 6 30</string>
    <string>2016-10-18 02:21:22 19 0 89 316 0 30 0 0 7 30</string>
    <string>2016-10-18 02:21:23 19 0 89 316 0 30 0 0 7 30</string>
    <string>2016-10-18 02:21:23 19 0 89 316 0 30 0 0 7 30</string>
    <string>2016-10-18 02:21:24 19 0 89 316 0 30 0 0 7 30</string>
    <string>2016-10-18 02:21:24 19 0 89 316 0 30 0 0 7 30</string>
    <string>2016-10-18 02:21:25 19 0 89 316 0 30 0 0 7 30</string>
    <string>2016-10-18 02:21:25 19 0 89 316 0 30 0 0 7 30</string>
    <string>2016-10-18 02:21:26 19 0 89 316 0 30 0 0 7 30</string>
    <string>2016-10-18 02:21:26 19 0 89 316 0 30 0 0 7 30</string>
    <string>2016-10-18 02:21:27 19 0 89 316 0 30 0 0 7 30</string>
    <string>2016-10-18 02:21:27 19 0 89 316 0 30 0 0 7 30</string>
    <string>2016-10-18 02:21:28 19 0 89 316 0 30 0 0 7 30</string>
    <string>2016-10-18 02:21:28 19 0 89 316 0 30 0 0 7 30</string>
    <string>2016-10-18 02:21:29 19 0 89 316 0 30 0 0 7 30</string>
    <string>2016-10-18 02:21:29 19 0 89 316 0 30 0 0 7 30</string>
    <string>2016-10-18 02:21:30 19 0 89 316 0 30 0 0 7 30</string>
    <string>2016-10-18 02:21:30 19 0 89 316 0 30 0 0 7 30</string>
    <string>2016-10-18 02:21:31 19 0 89 316 0 30 0 0 7 30</string>
    <string>2016-10-18 02:21:31 19 0 89 316 0 30 0 0 7 30</string>
    <string>2016-10-18 02:21:32 19 0 89 316 0 30 0 0 7 30</string>
    <string>2016-10-18 02:21:32 19 0 89 316 0 30 0 0 7 30</string>
    <string>2016-10-18 02:21:33 19 0 89 316 0 30 0 0 7 30</string>
    <string>2016-10-18 02:21:33 19 0 89 316 0 30 0 0 7 30</string>
    <string>2016-10-18 02:21:34 19 0 89 316 0 30 0 0 7 30</string>
    <string>2016-10-18 02:21:34 19 0 89 316 0 30 0 0 7 30</string>
    <string>2016-10-18 02:21:35 19 0 89 316 0 30 0 0 7 30</string>
    <string>2016-10-18 02:21:35 19 0 89 316 0 30 0 0 7 30</string>
    <string>2016-10-18 02:21:36 19 0 89 316 0 30 0 0 7 30</string>
    <string>2016-10-18 02:21:36 19 0 89 316 0 30 0 0 7 30</string>
  </Results>
</ServerData>