<?xml version="1.0"?>
<ServerData xmlns:xsi="http://www.w3.org/2001/XMLSchema-instance" xmlns:xsd="http://www.w3.org/2001/XMLSchema">
  <Name>jewoiajfa</Name>
  <Password>jfiew1</Password>
  <Doctor>false</Doctor>
  <Messages />
  <Results>
    <string>2016-10-18 09:40:00 1 10 40 2 0 25 0 0 0 60</string>
    <string>2016-10-18 09:40:01 2 92 40 18 4 25 4 0 0 60</string>
    <string>2016-10-18 09:40:01 3 74 40 9 9 25 9 0 0 60</string>
    <string>2016-10-18 09:40:02 4 98 40 20 13 25 13 0 1 60</string>
    <string>2016-10-18 09:40:02 5 79 40 11 18 25 18 0 1 60</string>
    <string>2016-10-18 09:40:03 6 132 40 36 22 25 22 0 2 60</string>
    <string>2016-10-18 09:40:03 7 113 40 27 27 25 27 0 2 60</string>
    <string>2016-10-18 09:40:04 8 66 40 5 32 25 32 0 3 60</string>
    <string>2016-10-18 09:40:04 9 131 40 36 36 25 36 0 3 60</string>
    <string>2016-10-18 09:40:05 10 113 40 27 41 25 41 0 4 60</string>
    <string>2016-10-18 09:40:05 11 137 40 38 45 25 45 0 4 60</string>
    <string>2016-10-18 09:40:06 12 118 40 30 50 25 50 0 5 60</string>
    <string>2016-10-18 09:40:06 13 62 40 4 54 25 54 0 5 60</string>
    <string>2016-10-18 09:40:07 14 123 40 32 59 25 59 0 6 60</string>
    <string>2016-10-18 09:40:07 15 105 40 23 64 25 64 0 6 60</string>
    <string>2016-10-18 09:40:08 16 90 40 17 68 25 68 0 7 60</string>
    <string>2016-10-18 09:40:08 17 72 40 8 73 25 73 0 7 60</string>
    <string>2016-10-18 09:40:09 18 96 40 19 77 25 77 0 8 60</string>
    <string>2016-10-18 09:40:09 19 77 40 11 82 25 82 0 8 60</string>
    <string>2016-10-18 09:40:10 20 101 40 22 86 25 86 0 9 60</string>
    <string>2016-10-18 09:40:10 21 82 40 13 91 25 91 0 9 60</string>
    <string>2016-10-18 09:40:11 22 64 40 4 96 25 96 0 10 60</string>
    <string>2016-10-18 09:40:11 23 129 40 35 100 25 100 0 10 60</string>
    <string>2016-10-18 09:40:12 24 111 40 26 105 25 105 0 11 60</string>
    <string>2016-10-18 09:40:12 25 135 40 37 109 25 109 0 11 60</string>
    <string>2016-10-18 09:40:13 26 116 40 29 114 25 114 0 12 60</string>
    <string>2016-10-18 09:40:13 27 97 40 20 119 25 119 0 12 60</string>
    <string>2016-10-18 09:40:14 28 121 40 31 123 25 123 0 13 60</string>
    <string>2016-10-18 09:40:14 29 103 40 23 128 25 128 0 13 60</string>
    <string>2016-10-18 09:40:15 30 89 40 16 132 25 132 0 14 60</string>
    <string>2016-10-18 09:40:15 31 70 40 7 137 25 137 0 14 60</string>
    <string>2016-10-18 09:40:16 32 94 40 18 141 25 141 0 15 60</string>
    <string>2016-10-18 09:40:16 33 75 40 10 146 25 146 0 15 60</string>
    <string>2016-10-18 09:40:17 34 137 40 38 151 25 151 0 16 60</string>
    <string>2016-10-18 09:40:17 35 81 40 12 155 25 155 0 16 60</string>
    <string>2016-10-18 09:40:18 36 62 40 4 160 25 160 0 17 60</string>
    <string>2016-10-18 09:40:18 37 128 40 34 164 25 164 0 17 60</string>
    <string>2016-10-18 09:40:19 38 109 40 25 169 25 169 0 18 60</string>
    <string>2016-10-18 09:40:19 39 133 40 36 173 25 173 0 18 60</string>
    <string>2016-10-18 09:40:20 40 114 40 28 178 25 178 0 19 60</string>
    <string>2016-10-18 09:40:20 41 96 40 19 183 25 183 0 19 60</string>
    <string>2016-10-18 09:40:21 43 101 40 22 192 25 192 0 20 60</string>
    <string>2016-10-18 09:40:21 43 101 40 22 192 25 192 0 20 60</string>
    <string>2016-10-18 09:40:22 44 87 40 15 196 25 196 0 21 60</string>
    <string>2016-10-18 09:40:22 45 68 40 6 201 25 201 0 21 60</string>
    <string>2016-10-18 09:40:23 46 92 40 18 205 25 205 0 22 60</string>
    <string>2016-10-18 09:40:23 47 73 40 9 210 25 210 0 22 60</string>
    <string>2016-10-18 09:40:24 48 135 40 37 215 25 215 0 23 60</string>
    <string>2016-10-18 09:40:24 49 79 40 11 219 25 219 0 23 60</string>
    <string>2016-10-18 09:40:25 50 60 40 3 224 25 224 0 24 60</string>
    <string>2016-10-18 09:40:25 51 126 40 33 228 25 228 0 24 60</string>
    <string>2016-10-18 09:40:26 52 107 40 25 233 25 233 0 25 60</string>
    <string>2016-10-18 09:40:26 53 127 40 34 238 25 238 0 25 60</string>
    <string>2016-10-18 09:40:27 54 112 40 27 242 25 242 0 26 60</string>
    <string>2016-10-18 09:40:27 55 94 40 18 247 25 247 0 26 60</string>
    <string>2016-10-18 09:40:28 56 118 40 29 251 25 251 0 27 60</string>
    <string>2016-10-18 09:40:28 57 99 40 21 256 25 256 0 27 60</string>
    <string>2016-10-18 09:40:29 58 85 40 14 260 25 260 0 28 60</string>
    <string>2016-10-18 09:40:29 59 66 40 6 265 25 265 0 28 60</string>
    <string>2016-10-18 09:40:30 60 90 40 17 269 25 269 0 29 60</string>
    <string>2016-10-18 09:40:30 61 72 40 8 274 25 274 0 29 60</string>
    <string>2016-10-18 09:40:31 62 133 40 36 279 25 279 0 30 60</string>
    <string>2016-10-18 09:40:31 63 77 40 11 283 25 283 0 30 60</string>
    <string>2016-10-18 09:40:32 64 138 40 39 288 25 288 0 31 60</string>
    <string>2016-10-18 09:40:32 65 124 40 32 292 25 292 0 31 60</string>
    <string>2016-10-18 09:40:33 66 105 40 24 297 25 297 0 32 60</string>
    <string>2016-10-18 09:40:33 67 129 40 35 301 25 301 0 32 60</string>
    <string>2016-10-18 09:40:34 68 111 40 26 306 25 306 0 33 60</string>
    <string>2016-10-18 09:40:34 69 92 40 18 311 25 311 0 33 60</string>
    <string>2016-10-18 09:40:35 70 116 40 29 315 25 315 0 34 60</string>
    <string>2016-10-18 09:40:35 71 126 40 33 320 25 320 0 34 60</string>
    <string>2016-10-18 09:40:36 72 70 40 7 324 25 324 0 35 60</string>
    <string>2016-10-18 09:40:36 73 131 40 36 329 25 329 0 35 60</string>
    <string>2016-10-18 09:40:37 74 117 40 29 333 25 333 0 36 60</string>
    <string>2016-10-18 09:40:37 75 98 40 21 338 25 338 0 36 60</string>
    <string>2016-10-18 09:40:38 76 118 40 30 343 25 343 0 37 60</string>
    <string>2016-10-18 09:40:38 77 104 40 23 347 25 347 0 37 60</string>
    <string>2016-10-18 09:40:39 78 85 40 14 352 25 352 0 38 60</string>
    <string>2016-10-18 09:40:39 79 109 40 25 356 25 356 0 38 60</string>
    <string>2016-10-18 09:40:40 80 90 40 17 361 25 361 0 39 60</string>
    <string>2016-10-18 09:40:40 81 76 40 10 365 25 365 0 39 60</string>
    <string>2016-10-18 09:40:41 82 138 40 39 370 25 370 0 40 60</string>
    <string>2016-10-18 09:40:41 83 77 40 11 375 25 375 0 40 60</string>
    <string>2016-10-18 09:40:42 84 63 40 4 379 25 379 0 41 60</string>
    <string>2016-10-18 09:40:42 85 124 40 32 384 25 384 0 41 60</string>
    <string>2016-10-18 09:40:43 86 68 40 7 388 25 388 0 42 60</string>
    <string>2016-10-18 09:40:43 87 129 40 35 393 25 393 0 42 60</string>
    <string>2016-10-18 09:40:44 88 115 40 28 397 25 397 0 43 60</string>
    <string>2016-10-18 09:40:44 89 97 40 20 402 25 402 0 43 60</string>
    <string>2016-10-18 09:40:45 90 116 40 29 407 25 407 0 44 60</string>
    <string>2016-10-18 09:40:45 91 102 40 22 411 25 411 0 44 60</string>
    <string>2016-10-18 09:40:46 92 135 40 37 416 25 416 0 45 60</string>
    <string>2016-10-18 09:40:46 93 120 40 31 420 25 420 0 45 60</string>
    <string>2016-10-18 09:40:47 94 102 40 22 425 25 425 0 46 60</string>
    <string>2016-10-18 09:40:47 95 121 40 31 430 25 430 0 46 60</string>
    <string>2016-10-18 09:40:48 96 107 40 24 434 25 434 0 47 60</string>
    <string>2016-10-18 09:40:48 97 88 40 16 439 25 439 0 47 60</string>
    <string>2016-10-18 09:40:49 98 112 40 27 443 25 443 0 48 60</string>
    <string>2016-10-18 09:40:49 99 94 40 18 448 25 448 0 48 60</string>
    <string>2016-10-18 09:40:50 101 61 40 3 457 25 457 0 49 60</string>
    <string>2016-10-18 09:40:50 101 61 40 3 457 25 457 0 49 60</string>
    <string>2016-10-18 09:40:51 102 80 40 12 462 25 462 0 50 60</string>
    <string>2016-10-18 09:40:51 103 66 40 6 466 25 466 0 50 60</string>
    <string>2016-10-18 09:40:52 104 127 40 34 471 25 471 0 51 60</string>
    <string>2016-10-18 09:40:52 105 71 40 8 475 25 475 0 51 60</string>
    <string>2016-10-18 09:40:53 106 133 40 36 480 25 480 0 52 60</string>
    <string>2016-10-18 09:40:53 107 114 40 28 485 25 485 0 52 60</string>
    <string>2016-10-18 09:40:54 108 71 40 8 489 25 489 0 53 60</string>
    <string>2016-10-18 09:40:54 109 132 40 36 494 25 494 0 53 60</string>
    <string>2016-10-18 09:40:55 110 76 40 10 498 25 498 0 54 60</string>
    <string>2016-10-18 09:40:56 112 119 40 30 508 25 508 0 55 60</string>
    <string>2016-10-18 09:40:56 112 119 40 30 508 25 508 0 55 60</string>
    <string>2016-10-18 09:40:56 113 105 40 24 512 25 512 0 55 60</string>
    <string>2016-10-18 09:40:57 114 124 40 33 517 25 517 0 56 60</string>
    <string>2016-10-18 09:40:57 115 110 40 26 521 25 521 0 56 60</string>
    <string>2016-10-18 09:40:58 116 92 40 17 526 25 526 0 57 60</string>
    <string>2016-10-18 09:40:58 117 116 40 28 530 25 530 0 57 60</string>
    <string>2016-10-18 09:40:59 118 97 40 20 535 25 535 0 58 60</string>
    <string>2016-10-18 09:40:59 119 78 40 11 540 25 540 0 58 60</string>
    <string>2016-10-18 09:41:00 120 64 40 5 544 25 544 0 59 60</string>
    <string>2016-10-18 09:41:00 121 84 40 14 549 25 549 0 59 60</string>
    <string>2016-10-18 09:41:01 122 69 40 7 553 25 553 1 0 60</string>
    <string>2016-10-18 09:41:01 123 131 40 35 558 25 558 1 0 60</string>
    <string>2016-10-18 09:41:02 124 75 40 10 562 25 562 1 1 60</string>
    <string>2016-10-18 09:41:02 125 136 40 38 567 25 567 1 1 60</string>
    <string>2016-10-18 09:41:03 126 117 40 29 572 25 572 1 2 60</string>
    <string>2016-10-18 09:41:03 127 103 40 23 576 25 576 1 2 60</string>
    <string>2016-10-18 09:41:04 128 123 40 32 581 25 581 1 3 60</string>
    <string>2016-10-18 09:41:04 129 108 40 25 585 25 585 1 3 60</string>
    <string>2016-10-18 09:41:05 130 90 40 16 590 25 590 1 4 60</string>
    <string>2016-10-18 09:41:05 131 114 40 28 594 25 594 1 4 60</string>
    <string>2016-10-18 09:41:06 132 95 40 19 599 25 599 1 5 60</string>
    <string>2016-10-18 09:41:06 133 76 40 10 604 25 604 1 5 60</string>
    <string>2016-10-18 09:41:07 134 62 40 4 608 25 608 1 6 60</string>
    <string>2016-10-18 09:41:07 135 82 40 13 613 25 613 1 6 60</string>
    <string>2016-10-18 09:41:08 136 67 40 6 617 25 617 1 7 60</string>
    <string>2016-10-18 09:41:08 137 129 40 35 622 25 622 1 7 60</string>
    <string>2016-10-18 09:41:09 138 73 40 9 626 25 626 1 8 60</string>
    <string>2016-10-18 09:41:09 139 134 40 37 631 25 631 1 8 60</string>
    <string>2016-10-18 09:41:10 140 115 40 28 636 25 636 1 9 60</string>
    <string>2016-10-18 09:41:10 141 101 40 22 640 25 640 1 9 60</string>
    <string>2016-10-18 09:41:11 142 121 40 31 645 25 645 1 10 60</string>
    <string>2016-10-18 09:41:11 143 107 40 24 649 25 649 1 10 60</string>
    <string>2016-10-18 09:41:12 144 88 40 16 654 25 654 1 11 60</string>
    <string>2016-10-18 09:41:12 145 112 40 27 658 25 658 1 11 60</string>
    <string>2016-10-18 09:41:13 146 93 40 18 663 25 663 1 12 60</string>
    <string>2016-10-18 09:41:13 147 75 40 9 668 25 668 1 12 60</string>
    <string>2016-10-18 09:41:14 148 60 40 3 672 25 672 1 13 60</string>
    <string>2016-10-18 09:41:14 149 80 40 12 677 25 677 1 13 60</string>
    <string>2016-10-18 09:41:15 150 66 40 5 681 25 681 1 14 60</string>
    <string>2016-10-18 09:41:15 151 127 40 34 686 25 686 1 14 60</string>
    <string>2016-10-18 09:41:16 152 108 40 25 691 25 691 1 15 60</string>
    <string>2016-10-18 09:41:16 153 132 40 36 695 25 695 1 15 60</string>
    <string>2016-10-18 09:41:17 154 114 40 28 700 25 700 1 16 60</string>
    <string>2016-10-18 09:41:18 156 119 40 30 709 25 709 1 17 60</string>
    <string>2016-10-18 09:41:18 156 119 40 30 709 25 709 1 17 60</string>
    <string>2016-10-18 09:41:18 157 105 40 23 713 25 713 1 17 60</string>
    <string>2016-10-18 09:41:19 158 86 40 15 718 25 718 1 18 60</string>
    <string>2016-10-18 09:41:19 159 67 40 6 723 25 723 1 18 60</string>
    <string>2016-10-18 09:41:20 160 91 40 17 727 25 727 1 19 60</string>
    <string>2016-10-18 09:41:20 161 73 40 9 732 25 732 1 19 60</string>
    <string>2016-10-18 09:41:21 162 139 40 39 736 25 736 1 20 60</string>
    <string>2016-10-18 09:41:21 163 78 40 11 741 25 741 1 20 60</string>
    <string>2016-10-18 09:41:22 164 64 40 5 745 25 745 1 21 60</string>
    <string>2016-10-18 09:41:22 165 125 40 33 750 25 750 1 21 60</string>
    <string>2016-10-18 09:41:23 166 107 40 24 755 25 755 1 22 60</string>
    <string>2016-10-18 09:41:23 167 131 40 35 759 25 759 1 22 60</string>
    <string>2016-10-18 09:41:24 168 112 40 27 764 25 764 1 23 60</string>
    <string>2016-10-18 09:41:24 169 98 40 20 768 25 768 1 23 60</string>
    <string>2016-10-18 09:41:25 170 117 40 29 773 25 773 1 24 60</string>
    <string>2016-10-18 09:41:25 171 103 40 23 777 25 777 1 24 60</string>
    <string>2016-10-18 09:41:26 172 84 40 14 782 25 782 1 25 60</string>
    <string>2016-10-18 09:41:26 173 66 40 5 787 25 787 1 25 60</string>
    <string>2016-10-18 09:41:27 174 90 40 16 791 25 791 1 26 60</string>
    <string>2016-10-18 09:41:27 175 71 40 8 796 25 796 1 26 60</string>
    <string>2016-10-18 09:41:28 176 137 40 38 800 25 800 1 27 60</string>
    <string>2016-10-18 09:41:28 177 76 40 10 805 25 805 1 27 60</string>
    <string>2016-10-18 09:41:29 178 62 40 4 809 25 809 1 28 60</string>
    <string>2016-10-18 09:41:29 179 123 40 32 814 25 814 1 28 60</string>
    <string>2016-10-18 09:41:30 180 105 40 23 819 25 819 1 29 60</string>
    <string>2016-10-18 09:41:30 181 129 40 34 823 25 823 1 29 60</string>
    <string>2016-10-18 09:41:31 182 110 40 26 828 25 828 1 30 60</string>
    <string>2016-10-18 09:41:31 183 96 40 19 832 25 832 1 30 60</string>
    <string>2016-10-18 09:41:32 184 115 40 28 837 25 837 1 31 60</string>
    <string>2016-10-18 09:41:32 185 101 40 22 841 25 841 1 31 60</string>
    <string>2016-10-18 09:41:33 186 82 40 13 846 25 846 1 32 60</string>
    <string>2016-10-18 09:41:33 187 64 40 4 851 25 851 1 32 60</string>
    <string>2016-10-18 09:41:34 188 88 40 16 855 25 855 1 33 60</string>
    <string>2016-10-18 09:41:34 189 69 40 7 860 25 860 1 33 60</string>
    <string>2016-10-18 09:41:35 190 135 40 37 864 25 864 1 34 60</string>
    <string>2016-10-18 09:41:35 191 74 40 9 869 25 869 1 34 60</string>
    <string>2016-10-18 09:41:36 192 60 40 3 873 25 873 1 35 60</string>
    <string>2016-10-18 09:41:36 193 122 40 31 878 25 878 1 35 60</string>
    <string>2016-10-18 09:41:37 194 103 40 23 883 25 883 1 36 60</string>
    <string>2016-10-18 09:41:37 195 127 40 34 887 25 887 1 36 60</string>
    <string>2016-10-18 09:41:38 196 108 40 25 892 25 892 1 37 60</string>
    <string>2016-10-18 09:41:38 197 94 40 18 896 25 896 1 37 60</string>
    <string>2016-10-18 09:41:39 198 114 40 27 901 25 901 1 38 60</string>
    <string>2016-10-18 09:41:39 199 95 40 19 906 25 906 1 38 60</string>
    <string>2016-10-18 09:41:40 200 81 40 12 910 25 910 1 39 60</string>
    <string>2016-10-18 09:41:40 201 62 40 4 915 25 915 1 39 60</string>
    <string>2016-10-18 09:41:41 202 86 40 15 919 25 919 1 40 60</string>
    <string>2016-10-18 09:41:41 203 67 40 6 924 25 924 1 40 60</string>
    <string>2016-10-18 09:41:42 204 133 40 37 928 25 928 1 41 60</string>
    <string>2016-10-18 09:41:42 205 73 40 9 933 25 933 1 41 60</string>
    <string>2016-10-18 09:41:43 206 138 40 39 937 25 937 1 41 60</string>
    <string>2016-10-18 09:41:43 207 120 40 30 942 25 942 1 42 60</string>
    <string>2016-10-18 09:41:44 208 101 40 22 947 25 947 1 42 60</string>
    <string>2016-10-18 09:41:44 209 125 40 33 951 25 951 1 43 60</string>
    <string>2016-10-18 09:41:45 210 106 40 24 956 25 956 1 43 60</string>
    <string>2016-10-18 09:41:45 211 92 40 18 960 25 960 1 44 60</string>
    <string>2016-10-18 09:41:46 212 112 40 27 965 25 965 1 44 60</string>
    <string>2016-10-18 09:41:46 213 93 40 18 970 25 970 1 45 60</string>
    <string>2016-10-18 09:41:47 214 79 40 11 974 25 974 1 45 60</string>
    <string>2016-10-18 09:41:47 215 60 40 3 979 25 979 1 46 60</string>
    <string>2016-10-18 09:41:48 216 84 40 14 983 25 983 1 46 60</string>
    <string>2016-10-18 09:41:48 217 65 40 5 988 25 988 1 47 60</string>
    <string>2016-10-18 09:41:49 218 131 40 36 992 25 992 1 47 60</string>
    <string>2016-10-18 09:41:49 219 71 40 8 997 25 997 1 48 60</string>
    <string>2016-10-18 09:41:50 220 132 40 36 1002 25 1002 1 48 60</string>
    <string>2016-10-18 09:41:50 221 118 40 30 1006 25 1006 1 49 60</string>
    <string>2016-10-18 09:41:51 222 99 40 21 1011 25 1011 1 49 60</string>
    <string>2016-10-18 09:41:51 223 123 40 32 1015 25 1015 1 50 60</string>
    <string>2016-10-18 09:41:52 224 105 40 23 1020 25 1020 1 50 60</string>
    <string>2016-10-18 09:41:52 225 90 40 17 1024 25 1024 1 51 60</string>
    <string>2016-10-18 09:41:53 226 110 40 26 1029 25 1029 1 51 60</string>
    <string>2016-10-18 09:41:53 227 91 40 17 1034 25 1034 1 52 60</string>
    <string>2016-10-18 09:41:54 228 77 40 11 1038 25 1038 1 52 60</string>
    <string>2016-10-18 09:41:54 229 138 40 39 1043 25 1043 1 53 60</string>
    <string>2016-10-18 09:41:55 230 82 40 13 1047 25 1047 1 53 60</string>
    <string>2016-10-18 09:41:55 231 64 40 4 1052 25 1052 1 54 60</string>
    <string>2016-10-18 09:41:56 232 129 40 35 1056 25 1056 1 54 60</string>
    <string>2016-10-18 09:41:56 233 69 40 7 1061 25 1061 1 55 60</string>
    <string>2016-10-18 09:41:57 234 130 40 35 1066 25 1066 1 55 60</string>
    <string>2016-10-18 09:41:57 235 116 40 29 1070 25 1070 1 56 60</string>
    <string>2016-10-18 09:41:58 236 97 40 20 1075 25 1075 1 56 60</string>
    <string>2016-10-18 09:41:58 237 121 40 31 1079 25 1079 1 57 60</string>
    <string>2016-10-18 09:41:59 238 103 40 22 1084 25 1084 1 57 60</string>
    <string>2016-10-18 09:41:59 239 88 40 16 1088 25 1088 1 58 60</string>
    <string>2016-10-18 09:42:00 240 108 40 25 1093 25 1093 1 58 60</string>
    <string>2016-10-18 09:42:00 241 89 40 16 1098 25 1098 1 59 60</string>
    <string>2016-10-18 09:42:01 242 75 40 10 1102 25 1102 1 59 60</string>
    <string>2016-10-18 09:42:01 243 136 40 38 1107 25 1107 2 0 60</string>
    <string>2016-10-18 09:42:02 244 80 40 12 1111 25 1111 2 0 60</string>
    <string>2016-10-18 09:42:02 245 62 40 4 1116 25 1116 2 1 60</string>
    <string>2016-10-18 09:42:03 246 123 40 32 1121 25 1121 2 1 60</string>
    <string>2016-10-18 09:42:03 247 67 40 6 1125 25 1125 2 2 60</string>
    <string>2016-10-18 09:42:04 248 128 40 34 1130 25 1130 2 2 60</string>
    <string>2016-10-18 09:42:04 249 114 40 28 1134 25 1134 2 3 60</string>
    <string>2016-10-18 09:42:05 250 96 40 19 1139 25 1139 2 3 60</string>
    <string>2016-10-18 09:42:05 251 120 40 30 1143 25 1143 2 4 60</string>
    <string>2016-10-18 09:42:06 252 101 40 22 1148 25 1148 2 4 60</string>
    <string>2016-10-18 09:42:06 253 82 40 13 1153 25 1153 2 5 60</string>
    <string>2016-10-18 09:42:07 254 106 40 24 1157 25 1157 2 5 60</string>
    <string>2016-10-18 09:42:07 255 88 40 15 1162 25 1162 2 6 60</string>
    <string>2016-10-18 09:42:08 256 73 40 9 1166 25 1166 2 6 60</string>
    <string>2016-10-18 09:42:08 257 135 40 37 1171 25 1171 2 7 60</string>
    <string>2016-10-18 09:42:09 258 79 40 11 1175 25 1175 2 7 60</string>
    <string>2016-10-18 09:42:09 259 60 40 3 1180 25 1180 2 8 60</string>
    <string>2016-10-18 09:42:10 260 121 40 31 1185 25 1185 2 8 60</string>
    <string>2016-10-18 09:42:10 261 65 40 5 1189 25 1189 2 9 60</string>
    <string>2016-10-18 09:42:11 262 127 40 34 1194 25 1194 2 9 60</string>
    <string>2016-10-18 09:42:11 263 112 40 27 1198 25 1198 2 10 60</string>
    <string>2016-10-18 09:42:12 264 94 40 18 1203 25 1203 2 10 60</string>
    <string>2016-10-18 09:42:12 265 126 40 33 1208 25 1208 2 11 60</string>
    <string>2016-10-18 09:42:13 266 70 40 8 1212 25 1212 2 11 60</string>
    <string>2016-10-18 09:42:13 267 65 40 5 1217 25 1217 2 12 60</string>
    <string>2016-10-18 09:42:14 268 126 40 33 1222 25 1222 2 12 60</string>
    <string>2016-10-18 09:42:14 269 121 40 31 1226 25 1226 2 13 60</string>
    <string>2016-10-18 09:42:15 270 103 40 22 1231 25 1231 2 13 60</string>
    <string>2016-10-18 09:42:15 271 89 40 16 1235 25 1235 2 14 60</string>
    <string>2016-10-18 09:42:16 272 70 40 7 1240 25 1240 2 14 60</string>
    <string>2016-10-18 09:42:16 273 94 40 18 1244 25 1244 2 15 60</string>
    <string>2016-10-18 09:42:17 274 75 40 10 1249 25 1249 2 15 60</string>
    <string>2016-10-18 09:42:17 275 136 40 38 1254 25 1254 2 16 60</string>
    <string>2016-10-18 09:42:18 276 80 40 12 1258 25 1258 2 16 60</string>
    <string>2016-10-18 09:42:18 277 62 40 4 1263 25 1263 2 17 60</string>
    <string>2016-10-18 09:42:19 278 128 40 34 1267 25 1267 2 17 60</string>
    <string>2016-10-18 09:42:19 279 109 40 25 1272 25 1272 2 18 60</string>
    <string>2016-10-18 09:42:20 280 90 40 17 1277 25 1277 2 18 60</string>
    <string>2016-10-18 09:42:20 281 114 40 28 1281 25 1281 2 19 60</string>
    <string>2016-10-18 09:42:21 282 96 40 19 1286 25 1286 2 19 60</string>
    <string>2016-10-18 09:42:21 283 120 40 30 1290 25 1290 2 20 60</string>
    <string>2016-10-18 09:42:22 284 101 40 22 1295 25 1295 2 20 60</string>
    <string>2016-10-18 09:42:22 285 87 40 15 1299 25 1299 2 21 60</string>
    <string>2016-10-18 09:42:23 286 68 40 6 1304 25 1304 2 21 60</string>
    <string>2016-10-18 09:42:23 287 129 40 35 1309 25 1309 2 22 60</string>
    <string>2016-10-18 09:42:24 288 73 40 9 1313 25 1313 2 22 60</string>
    <string>2016-10-18 09:42:24 289 135 40 37 1318 25 1318 2 23 60</string>
    <string>2016-10-18 09:42:25 290 79 40 11 1322 25 1322 2 23 60</string>
    <string>2016-10-18 09:42:25 291 60 40 3 1327 25 1327 2 24 60</string>
    <string>2016-10-18 09:42:26 292 126 40 33 1331 25 1331 2 24 60</string>
    <string>2016-10-18 09:42:26 293 107 40 25 1336 25 1336 2 25 60</string>
    <string>2016-10-18 09:42:27 294 88 40 16 1341 25 1341 2 25 60</string>
    <string>2016-10-18 09:42:27 295 112 40 27 1345 25 1345 2 26 60</string>
    <string>2016-10-18 09:42:28 296 94 40 18 1350 25 1350 2 26 60</string>
    <string>2016-10-18 09:42:28 297 118 40 29 1354 25 1354 2 27 60</string>
    <string>2016-10-18 09:42:29 298 99 40 21 1359 25 1359 2 27 60</string>
    <string>2016-10-18 09:42:29 299 85 40 14 1363 25 1363 2 28 60</string>
    <string>2016-10-18 09:42:30 300 66 40 6 1368 25 1368 2 28 60</string>
    <string>2016-10-18 09:42:30 301 128 40 34 1373 25 1373 2 29 60</string>
    <string>2016-10-18 09:42:31 302 72 40 8 1377 25 1377 2 29 60</string>
    <string>2016-10-18 09:42:31 303 133 40 36 1382 25 1382 2 30 60</string>
    <string>2016-10-18 09:42:32 304 77 40 11 1386 25 1386 2 30 60</string>
    <string>2016-10-18 09:42:32 305 138 40 39 1391 25 1391 2 31 60</string>
    <string>2016-10-18 09:42:33 306 120 40 30 1396 25 1396 2 31 60</string>
    <string>2016-10-18 09:42:33 307 105 40 24 1400 25 1400 2 32 60</string>
    <string>2016-10-18 09:42:34 308 87 40 15 1405 25 1405 2 32 60</string>
    <string>2016-10-18 09:42:34 309 111 40 26 1409 25 1409 2 33 60</string>
    <string>2016-10-18 09:42:35 310 92 40 18 1414 25 1414 2 33 60</string>
    <string>2016-10-18 09:42:36 311 116 40 29 1418 25 1418 2 34 60</string>
    <string>2016-10-18 09:42:36 312 97 40 20 1423 25 1423 2 34 60</string>
    <string>2016-10-18 09:42:36 313 83 40 13 1427 25 1427 2 35 60</string>
    <string>2016-10-18 09:42:37 314 64 40 5 1432 25 1432 2 35 60</string>
    <string>2016-10-18 09:42:37 315 126 40 33 1437 25 1437 2 36 60</string>
    <string>2016-10-18 09:42:38 316 70 40 7 1441 25 1441 2 36 60</string>
    <string>2016-10-18 09:42:38 317 131 40 36 1446 25 1446 2 37 60</string>
    <string>2016-10-18 09:42:39 318 75 40 10 1450 25 1450 2 37 60</string>
    <string>2016-10-18 09:42:39 319 85 40 14 1455 25 1455 2 38 60</string>
    <string>2016-10-18 09:42:40 320 109 40 25 1459 25 1459 2 38 60</string>
    <string>2016-10-18 09:42:40 321 90 40 17 1464 25 1464 2 39 60</string>
    <string>2016-10-18 09:42:41 322 72 40 8 1469 25 1469 2 39 60</string>
    <string>2016-10-18 09:42:41 323 137 40 39 1473 25 1473 2 40 60</string>
    <string>2016-10-18 09:42:42 324 119 40 30 1478 25 1478 2 40 60</string>
    <string>2016-10-18 09:42:42 325 63 40 4 1482 25 1482 2 41 60</string>
    <string>2016-10-18 09:42:43 326 124 40 32 1487 25 1487 2 41 60</string>
    <string>2016-10-18 09:42:43 327 68 40 6 1491 25 1491 2 42 60</string>
    <string>2016-10-18 09:42:44 328 129 40 35 1496 25 1496 2 42 60</string>
    <string>2016-10-18 09:42:44 329 111 40 26 1501 25 1501 2 43 60</string>
    <string>2016-10-18 09:42:45 330 97 40 20 1505 25 1505 2 43 60</string>
    <string>2016-10-18 09:42:45 331 78 40 11 1510 25 1510 2 44 60</string>
    <string>2016-10-18 09:42:46 332 102 40 22 1514 25 1514 2 44 60</string>
    <string>2016-10-18 09:42:46 333 83 40 13 1519 25 1519 2 45 60</string>
    <string>2016-10-18 09:42:47 334 107 40 25 1523 25 1523 2 45 60</string>
    <string>2016-10-18 09:42:47 335 89 40 16 1528 25 1528 2 46 60</string>
    <string>2016-10-18 09:42:48 336 70 40 7 1533 25 1533 2 46 60</string>
    <string>2016-10-18 09:42:48 337 136 40 38 1537 25 1537 2 47 60</string>
    <string>2016-10-18 09:42:49 338 117 40 29 1542 25 1542 2 47 60</string>
    <string>2016-10-18 09:42:49 339 61 40 3 1546 25 1546 2 48 60</string>
    <string>2016-10-18 09:42:50 340 122 40 32 1551 25 1551 2 48 60</string>
    <string>2016-10-18 09:42:50 341 66 40 6 1555 25 1555 2 49 60</string>
    <string>2016-10-18 09:42:51 342 128 40 34 1560 25 1560 2 49 60</string>
    <string>2016-10-18 09:42:51 343 109 40 25 1565 25 1565 2 50 60</string>
    <string>2016-10-18 09:42:52 344 95 40 19 1569 25 1569 2 50 60</string>
    <string>2016-10-18 09:42:52 345 76 40 10 1574 25 1574 2 51 60</string>
    <string>2016-10-18 09:42:53 346 100 40 21 1578 25 1578 2 51 60</string>
    <string>2016-10-18 09:42:53 347 81 40 13 1583 25 1583 2 52 60</string>
    <string>2016-10-18 09:42:54 348 63 40 4 1588 25 1588 2 52 60</string>
    <string>2016-10-18 09:42:54 349 87 40 15 1592 25 1592 2 53 60</string>
    <string>2016-10-18 09:42:55 350 68 40 6 1597 25 1597 2 53 60</string>
    <string>2016-10-18 09:42:55 351 134 40 37 1601 25 1601 2 54 60</string>
    <string>2016-10-18 09:42:56 352 115 40 28 1606 25 1606 2 54 60</string>
    <string>2016-10-18 09:42:56 353 139 40 39 1610 25 1610 2 55 60</string>
    <string>2016-10-18 09:42:57 354 120 40 31 1615 25 1615 2 55 60</string>
    <string>2016-10-18 09:42:57 355 102 40 22 1620 25 1620 2 56 60</string>
    <string>2016-10-18 09:42:58 356 126 40 33 1624 25 1624 2 56 60</string>
    <string>2016-10-18 09:42:58 357 107 40 25 1629 25 1629 2 57 60</string>
    <string>2016-10-18 09:42:59 358 93 40 18 1633 25 1633 2 57 60</string>
    <string>2016-10-18 09:42:59 359 74 40 9 1638 25 1638 2 58 60</string>
    <string>2016-10-18 09:43:00 360 98 40 20 1642 25 1642 2 58 60</string>
    <string>2016-10-18 09:43:00 361 80 40 12 1647 25 1647 2 59 60</string>
    <string>2016-10-18 09:43:01 362 132 40 36 1651 25 1651 2 59 60</string>
    <string>2016-10-18 09:43:01 363 114 40 28 1656 25 1656 3 0 60</string>
    <string>2016-10-18 09:43:02 364 95 40 19 1661 25 1661 3 0 60</string>
    <string>2016-10-18 09:43:02 365 119 40 30 1665 25 1665 3 1 60</string>
    <string>2016-10-18 09:43:03 366 100 40 21 1670 25 1670 3 1 60</string>
    <string>2016-10-18 09:43:03 367 86 40 15 1674 25 1674 3 2 60</string>
    <string>2016-10-18 09:43:04 368 67 40 6 1679 25 1679 3 2 60</string>
    <string>2016-10-18 09:43:04 369 91 40 17 1683 25 1683 3 3 60</string>
    <string>2016-10-18 09:43:05 370 73 40 9 1688 25 1688 3 3 60</string>
    <string>2016-10-18 09:43:05 371 134 40 37 1693 25 1693 3 4 60</string>
    <string>2016-10-18 09:43:06 372 78 40 11 1697 25 1697 3 4 60</string>
    <string>2016-10-18 09:43:06 373 139 40 39 1702 25 1702 3 5 60</string>
    <string>2016-10-18 09:43:07 374 125 40 33 1706 25 1706 3 5 60</string>
    <string>2016-10-18 09:43:07 375 106 40 24 1711 25 1711 3 6 60</string>
    <string>2016-10-18 09:43:08 376 130 40 35 1715 25 1715 3 6 60</string>
    <string>2016-10-18 09:43:08 377 112 40 27 1720 25 1720 3 7 60</string>
    <string>2016-10-18 09:43:09 378 93 40 18 1725 25 1725 3 7 60</string>
    <string>2016-10-18 09:43:09 379 117 40 29 1729 25 1729 3 8 60</string>
    <string>2016-10-18 09:43:10 380 98 40 21 1734 25 1734 3 8 60</string>
    <string>2016-10-18 09:43:10 381 84 40 14 1738 25 1738 3 9 60</string>
    <string>2016-10-18 09:43:11 382 66 40 5 1743 25 1743 3 9 60</string>
    <string>2016-10-18 09:43:11 383 85 40 14 1748 25 1748 3 10 60</string>
    <string>2016-10-18 09:43:12 384 71 40 8 1752 25 1752 3 10 60</string>
    <string>2016-10-18 09:43:12 385 132 40 36 1757 25 1757 3 11 60</string>
    <string>2016-10-18 09:43:13 386 76 40 10 1761 25 1761 3 11 60</string>
    <string>2016-10-18 09:43:13 387 138 40 39 1766 25 1766 3 12 60</string>
    <string>2016-10-18 09:43:14 388 123 40 32 1770 25 1770 3 12 60</string>
    <string>2016-10-18 09:43:14 389 105 40 23 1775 25 1775 3 13 60</string>
    <string>2016-10-18 09:43:15 390 129 40 34 1779 25 1779 3 13 60</string>
    <string>2016-10-18 09:43:15 391 110 40 26 1784 25 1784 3 14 60</string>
    <string>2016-10-18 09:43:16 392 91 40 17 1789 25 1789 3 14 60</string>
    <string>2016-10-18 09:43:16 393 115 40 28 1793 25 1793 3 15 60</string>
    <string>2016-10-18 09:43:17 394 97 40 20 1798 25 1798 3 15 60</string>
    <string>2016-10-18 09:43:17 395 82 40 13 1802 25 1802 3 16 60</string>
    <string>2016-10-18 09:43:18 396 64 40 4 1807 25 1807 3 16 60</string>
    <string>2016-10-18 09:43:18 397 83 40 13 1812 25 1812 3 17 60</string>
    <string>2016-10-18 09:43:19 398 69 40 7 1816 25 1816 3 17 60</string>
    <string>2016-10-18 09:43:19 399 130 40 35 1821 25 1821 3 18 60</string>
    <string>2016-10-18 09:43:20 400 74 40 9 1825 25 1825 3 18 60</string>
    <string>2016-10-18 09:43:20 401 136 40 38 1830 25 1830 3 19 60</string>
    <string>2016-10-18 09:43:21 402 121 40 31 1834 25 1834 3 19 60</string>
    <string>2016-10-18 09:43:21 403 103 40 23 1839 25 1839 3 20 60</string>
    <string>2016-10-18 09:43:22 404 122 40 32 1844 25 1844 3 20 60</string>
    <string>2016-10-18 09:43:22 405 108 40 25 1848 25 1848 3 21 60</string>
    <string>2016-10-18 09:43:23 406 89 40 16 1853 25 1853 3 21 60</string>
    <string>2016-10-18 09:43:23 407 113 40 27 1857 25 1857 3 22 60</string>
    <string>2016-10-18 09:43:24 408 95 40 19 1862 25 1862 3 22 60</string>
    <string>2016-10-18 09:43:24 409 81 40 12 1866 25 1866 3 23 60</string>
    <string>2016-10-18 09:43:25 410 62 40 4 1871 25 1871 3 23 60</string>
    <string>2016-10-18 09:43:25 411 81 40 13 1876 25 1876 3 24 60</string>
    <string>2016-10-18 09:43:26 412 67 40 6 1880 25 1880 3 24 60</string>
    <string>2016-10-18 09:43:26 413 129 40 34 1885 25 1885 3 25 60</string>
    <string>2016-10-18 09:43:27 414 73 40 9 1889 25 1889 3 25 60</string>
    <string>2016-10-18 09:43:27 415 134 40 37 1894 25 1894 3 26 60</string>
    <string>2016-10-18 09:43:28 416 115 40 28 1899 25 1899 3 26 60</string>
    <string>2016-10-18 09:43:28 417 101 40 22 1903 25 1903 3 27 60</string>
    <string>2016-10-18 09:43:29 418 121 40 31 1908 25 1908 3 27 60</string>
    <string>2016-10-18 09:43:29 419 106 40 24 1912 25 1912 3 28 60</string>
    <string>2016-10-18 09:43:30 420 88 40 16 1917 25 1917 3 28 60</string>
    <string>2016-10-18 09:43:30 421 112 40 27 1921 25 1921 3 29 60</string>
    <string>2016-10-18 09:43:31 422 93 40 18 1926 25 1926 3 29 60</string>
    <string>2016-10-18 09:43:31 423 74 40 9 1931 25 1931 3 30 60</string>
    <string>2016-10-18 09:43:32 424 60 40 3 1935 25 1935 3 30 60</string>
    <string>2016-10-18 09:43:32 425 80 40 12 1940 25 1940 3 31 60</string>
    <string>2016-10-18 09:43:33 426 65 40 5 1944 25 1944 3 31 60</string>
    <string>2016-10-18 09:43:33 427 127 40 34 1949 25 1949 3 32 60</string>
    <string>2016-10-18 09:43:34 428 71 40 8 1953 25 1953 3 32 60</string>
    <string>2016-10-18 09:43:34 429 132 40 36 1958 25 1958 3 33 60</string>
    <string>2016-10-18 09:43:35 430 113 40 27 1963 25 1963 3 33 60</string>
    <string>2016-10-18 09:43:35 431 99 40 21 1967 25 1967 3 34 60</string>
    <string>2016-10-18 09:43:36 432 119 40 30 1972 25 1972 3 34 60</string>
    <string>2016-10-18 09:43:36 433 104 40 23 1976 25 1976 3 35 60</string>
    <string>2016-10-18 09:43:37 434 86 40 15 1981 25 1981 3 35 60</string>
    <string>2016-10-18 09:43:37 435 110 40 26 1985 25 1985 3 36 60</string>
    <string>2016-10-18 09:43:38 436 104 40 23 1990 25 1990 3 36 60</string>
    <string>2016-10-18 09:43:38 437 124 40 32 1995 25 1995 3 37 60</string>
    <string>2016-10-18 09:43:39 438 110 40 26 1999 25 1999 3 37 60</string>
    <string>2016-10-18 09:43:39 439 91 40 17 2004 25 2004 3 37 60</string>
    <string>2016-10-18 09:43:40 440 115 40 28 2008 25 2008 3 38 60</string>
    <string>2016-10-18 09:43:40 441 96 40 19 2013 25 2013 3 38 60</string>
    <string>2016-10-18 09:43:41 442 78 40 11 2018 25 2018 3 39 60</string>
    <string>2016-10-18 09:43:41 443 63 40 4 2022 25 2022 3 39 60</string>
    <string>2016-10-18 09:43:42 444 83 40 13 2027 25 2027 3 40 60</string>
    <string>2016-10-18 09:43:42 445 69 40 7 2031 25 2031 3 40 60</string>
    <string>2016-10-18 09:43:43 446 130 40 35 2036 25 2036 3 41 60</string>
    <string>2016-10-18 09:43:43 447 74 40 9 2040 25 2040 3 41 60</string>
    <string>2016-10-18 09:43:44 448 135 40 38 2045 25 2045 3 42 60</string>
    <string>2016-10-18 09:43:44 449 117 40 29 2050 25 2050 3 42 60</string>
    <string>2016-10-18 09:43:45 450 102 40 22 2054 25 2054 3 43 60</string>
    <string>2016-10-18 09:43:45 451 122 40 31 2059 25 2059 3 43 60</string>
    <string>2016-10-18 09:43:46 452 108 40 25 2063 25 2063 3 44 60</string>
    <string>2016-10-18 09:43:46 453 89 40 16 2068 25 2068 3 44 60</string>
    <string>2016-10-18 09:43:47 454 70 40 8 2073 25 2073 3 45 60</string>
    <string>2016-10-18 09:43:47 455 94 40 19 2077 25 2077 3 45 60</string>
    <string>2016-10-18 09:43:48 456 76 40 10 2082 25 2082 3 46 60</string>
    <string>2016-10-18 09:43:48 457 61 40 3 2086 25 2086 3 46 60</string>
    <string>2016-10-18 09:43:49 458 81 40 12 2091 25 2091 3 47 60</string>
    <string>2016-10-18 09:43:49 459 67 40 6 2095 25 2095 3 47 60</string>
    <string>2016-10-18 09:43:50 460 128 40 34 2100 25 2100 3 48 60</string>
    <string>2016-10-18 09:43:50 461 72 40 8 2104 25 2104 3 48 60</string>
    <string>2016-10-18 09:43:51 462 133 40 37 2109 25 2109 3 49 60</string>
    <string>2016-10-18 09:43:51 463 115 40 28 2114 25 2114 3 49 60</string>
    <string>2016-10-18 09:43:52 464 101 40 21 2118 25 2118 3 50 60</string>
    <string>2016-10-18 09:43:52 465 120 40 31 2123 25 2123 3 50 60</string>
    <string>2016-10-18 09:43:53 466 106 40 24 2127 25 2127 3 51 60</string>
    <string>2016-10-18 09:43:53 467 87 40 15 2132 25 2132 3 51 60</string>
    <string>2016-10-18 09:43:54 468 69 40 7 2137 25 2137 3 52 60</string>
    <string>2016-10-18 09:43:54 469 93 40 18 2141 25 2141 3 52 60</string>
    <string>2016-10-18 09:43:55 470 74 40 9 2146 25 2146 3 53 60</string>
    <string>2016-10-18 09:43:55 471 60 40 3 2150 25 2150 3 53 60</string>
    <string>2016-10-18 09:43:56 472 79 40 12 2155 25 2155 3 54 60</string>
    <string>2016-10-18 09:43:56 473 65 40 5 2159 25 2159 3 54 60</string>
    <string>2016-10-18 09:43:57 474 126 40 33 2164 25 2164 3 55 60</string>
    <string>2016-10-18 09:43:57 475 108 40 25 2169 25 2169 3 55 60</string>
    <string>2016-10-18 09:43:58 476 132 40 36 2173 25 2173 3 56 60</string>
  </Results>
</ServerData>