<?xml version="1.0"?>
<ServerData xmlns:xsi="http://www.w3.org/2001/XMLSchema-instance" xmlns:xsd="http://www.w3.org/2001/XMLSchema">
  <Name>jfeiwoajfoiew</Name>
  <Password>jfeiow</Password>
  <Doctor>false</Doctor>
  <Messages />
  <Results>
    <string>2016-10-18 09:45:14 1 0 0 0 0 30 0 0 0 0</string>
    <string>2016-10-18 09:45:15 2 0 0 0 0 30 0 0 0 0</string>
    <string>2016-10-18 09:45:15 3 0 0 0 0 30 0 0 0 0</string>
    <string>2016-10-18 09:45:16 4 0 0 0 0 30 0 0 0 0</string>
    <string>2016-10-18 09:45:16 5 0 0 0 0 30 0 0 0 0</string>
    <string>2016-10-18 09:45:17 6 0 0 0 0 30 0 0 0 0</string>
    <string>2016-10-18 09:45:17 7 0 0 0 0 30 0 0 0 0</string>
    <string>2016-10-18 09:45:18 8 0 0 0 0 30 0 0 0 0</string>
    <string>2016-10-18 09:45:18 9 0 0 0 0 30 0 0 0 0</string>
    <string>2016-10-18 09:45:19 10 0 0 0 0 30 0 0 0 0</string>
    <string>2016-10-18 09:45:19 11 0 69 245 0 30 0 0 0 6</string>
    <string>2016-10-18 09:45:20 12 0 69 245 0 30 0 0 1 21</string>
    <string>2016-10-18 09:45:20 13 0 69 245 0 30 0 0 1 30</string>
    <string>2016-10-18 09:45:21 14 0 69 245 0 30 0 0 2 30</string>
    <string>2016-10-18 09:45:21 15 0 79 280 0 30 0 0 2 30</string>
    <string>2016-10-18 09:45:22 16 0 79 280 0 30 0 0 3 30</string>
    <string>2016-10-18 09:45:22 17 0 79 280 0 30 0 0 3 30</string>
    <string>2016-10-18 09:45:23 18 0 79 280 0 30 0 0 4 30</string>
    <string>2016-10-18 09:45:23 19 0 78 277 0 30 0 0 4 30</string>
    <string>2016-10-18 09:45:24 20 0 78 277 0 30 0 0 5 30</string>
    <string>2016-10-18 09:45:24 21 0 78 277 0 30 0 0 5 30</string>
    <string>2016-10-18 09:45:25 22 0 78 277 0 30 0 0 6 30</string>
    <string>2016-10-18 09:45:25 23 0 78 277 0 30 0 0 6 30</string>
    <string>2016-10-18 09:45:26 24 0 78 277 0 30 0 0 7 30</string>
    <string>2016-10-18 09:45:26 25 0 78 277 0 30 0 0 7 30</string>
    <string>2016-10-18 09:45:27 26 0 78 277 0 30 0 0 8 30</string>
    <string>2016-10-18 09:45:27 27 0 77 273 0 30 0 0 8 30</string>
    <string>2016-10-18 09:45:28 28 0 77 273 0 30 1 0 9 30</string>
    <string>2016-10-18 09:45:28 29 0 77 273 0 30 1 0 9 30</string>
    <string>2016-10-18 09:45:29 30 0 77 273 0 30 1 0 10 30</string>
    <string>2016-10-18 09:45:29 31 0 79 280 0 30 1 0 10 30</string>
    <string>2016-10-18 09:45:30 32 0 79 280 0 30 1 0 11 30</string>
    <string>2016-10-18 09:45:30 33 0 79 280 0 30 1 0 11 30</string>
    <string>2016-10-18 09:45:31 34 0 79 280 0 30 1 0 12 30</string>
    <string>2016-10-18 09:45:31 35 0 79 280 0 30 1 0 12 30</string>
    <string>2016-10-18 09:45:32 36 0 80 284 0 30 1 0 13 30</string>
    <string>2016-10-18 09:45:32 37 0 80 284 1 30 1 0 13 30</string>
    <string>2016-10-18 09:45:33 38 0 80 284 1 30 1 0 14 30</string>
    <string>2016-10-18 09:45:33 39 0 80 284 1 30 1 0 14 30</string>
    <string>2016-10-18 09:45:34 40 0 83 295 1 30 1 0 15 30</string>
    <string>2016-10-18 09:45:34 41 0 83 295 1 30 1 0 15 30</string>
    <string>2016-10-18 09:45:35 42 0 83 295 1 30 1 0 16 30</string>
    <string>2016-10-18 09:45:35 43 0 83 295 1 30 1 0 16 30</string>
    <string>2016-10-18 09:45:36 44 0 82 291 1 30 2 0 17 30</string>
    <string>2016-10-18 09:45:36 45 0 82 291 1 30 2 0 17 30</string>
    <string>2016-10-18 09:45:37 46 0 82 291 1 30 2 0 18 30</string>
    <string>2016-10-18 09:45:37 47 0 82 291 1 30 2 0 18 30</string>
    <string>2016-10-18 09:45:38 48 0 81 288 1 30 2 0 19 30</string>
    <string>2016-10-18 09:45:38 49 0 81 288 1 30 2 0 19 30</string>
    <string>2016-10-18 09:45:39 50 0 81 288 1 30 2 0 20 30</string>
    <string>2016-10-18 09:45:39 51 0 81 288 1 30 2 0 20 30</string>
    <string>2016-10-18 09:45:40 52 0 81 288 1 30 2 0 21 30</string>
    <string>2016-10-18 09:45:40 53 0 81 288 1 30 2 0 21 30</string>
    <string>2016-10-18 09:45:41 54 0 81 288 1 30 2 0 22 30</string>
    <string>2016-10-18 09:45:41 55 0 81 288 1 30 2 0 22 30</string>
    <string>2016-10-18 09:45:42 56 0 79 280 1 30 2 0 23 30</string>
    <string>2016-10-18 09:45:42 57 0 79 280 1 30 2 0 23 30</string>
    <string>2016-10-18 09:45:43 58 0 79 280 1 30 2 0 24 30</string>
    <string>2016-10-18 09:45:43 59 0 79 280 1 30 2 0 24 30</string>
    <string>2016-10-18 09:45:44 60 0 76 270 1 30 3 0 25 30</string>
    <string>2016-10-18 09:45:44 61 0 76 270 1 30 3 0 25 30</string>
    <string>2016-10-18 09:45:45 62 0 76 270 2 30 3 0 26 30</string>
    <string>2016-10-18 09:45:45 63 96 76 270 2 30 3 0 26 30</string>
    <string>2016-10-18 09:45:46 64 96 77 273 2 30 3 0 27 30</string>
    <string>2016-10-18 09:45:46 65 100 77 273 2 30 3 0 27 30</string>
    <string>2016-10-18 09:45:47 66 100 77 273 2 30 3 0 28 30</string>
    <string>2016-10-18 09:45:47 67 100 77 273 2 30 3 0 28 30</string>
    <string>2016-10-18 09:45:48 68 100 77 273 2 30 3 0 29 30</string>
    <string>2016-10-18 09:45:48 69 100 77 273 2 30 3 0 29 30</string>
    <string>2016-10-18 09:45:49 70 96 77 273 2 30 3 0 30 30</string>
    <string>2016-10-18 09:45:49 71 100 77 273 2 30 3 0 30 30</string>
    <string>2016-10-18 09:45:50 72 99 77 273 2 30 3 0 31 30</string>
    <string>2016-10-18 09:45:50 73 99 77 273 2 30 3 0 31 30</string>
    <string>2016-10-18 09:45:51 74 101 77 273 2 30 3 0 32 30</string>
    <string>2016-10-18 09:45:51 75 99 77 273 2 30 3 0 32 30</string>
    <string>2016-10-18 09:45:52 76 101 74 263 2 30 3 0 33 30</string>
    <string>2016-10-18 09:45:52 77 101 74 263 2 30 3 0 33 30</string>
    <string>2016-10-18 09:45:53 78 101 74 263 2 30 4 0 34 30</string>
    <string>2016-10-18 09:45:53 79 101 74 263 2 30 4 0 34 30</string>
    <string>2016-10-18 09:45:54 80 101 74 263 2 30 4 0 35 30</string>
    <string>2016-10-18 09:45:54 81 101 73 259 2 30 4 0 35 30</string>
    <string>2016-10-18 09:45:55 82 99 73 259 2 30 4 0 36 30</string>
    <string>2016-10-18 09:45:55 83 99 73 259 2 30 4 0 36 30</string>
    <string>2016-10-18 09:45:56 84 99 73 259 2 30 4 0 37 30</string>
    <string>2016-10-18 09:45:56 85 98 76 270 2 30 4 0 37 30</string>
    <string>2016-10-18 09:45:57 86 98 76 270 2 30 4 0 38 30</string>
    <string>2016-10-18 09:45:57 87 99 76 270 2 30 4 0 38 30</string>
    <string>2016-10-18 09:45:58 88 99 76 270 2 30 4 0 39 30</string>
    <string>2016-10-18 09:45:58 89 98 80 284 3 30 4 0 39 30</string>
    <string>2016-10-18 09:45:59 90 99 80 284 3 30 4 0 40 30</string>
    <string>2016-10-18 09:45:59 91 98 80 284 3 30 4 0 40 30</string>
    <string>2016-10-18 09:46:00 92 98 80 284 3 30 4 0 41 30</string>
    <string>2016-10-18 09:46:00 93 99 83 295 3 30 4 0 41 30</string>
    <string>2016-10-18 09:46:01 94 98 83 295 3 30 5 0 42 30</string>
    <string>2016-10-18 09:46:01 95 99 83 295 3 30 5 0 42 30</string>
    <string>2016-10-18 09:46:02 96 99 83 295 3 30 5 0 43 30</string>
    <string>2016-10-18 09:46:02 97 101 81 288 3 30 5 0 43 30</string>
    <string>2016-10-18 09:46:03 98 100 81 288 3 30 5 0 44 30</string>
    <string>2016-10-18 09:46:03 99 101 81 288 3 30 5 0 44 30</string>
    <string>2016-10-18 09:46:04 100 101 81 288 3 30 5 0 45 30</string>
    <string>2016-10-18 09:46:04 101 100 78 277 3 30 5 0 45 30</string>
    <string>2016-10-18 09:46:05 102 100 78 277 3 30 5 0 46 30</string>
    <string>2016-10-18 09:46:05 103 99 78 277 3 30 5 0 46 30</string>
    <string>2016-10-18 09:46:06 104 100 78 277 3 30 5 0 47 30</string>
    <string>2016-10-18 09:46:06 105 100 77 273 3 30 5 0 47 30</string>
    <string>2016-10-18 09:46:07 106 100 77 273 3 30 5 0 48 30</string>
    <string>2016-10-18 09:46:07 107 100 77 273 3 30 5 0 48 30</string>
    <string>2016-10-18 09:46:08 108 100 77 273 3 30 5 0 49 30</string>
    <string>2016-10-18 09:46:08 109 101 77 273 3 30 5 0 49 30</string>
    <string>2016-10-18 09:46:09 110 101 76 270 3 30 6 0 50 30</string>
    <string>2016-10-18 09:46:09 111 102 76 270 3 30 6 0 50 30</string>
    <string>2016-10-18 09:46:10 112 102 76 270 3 30 6 0 51 30</string>
    <string>2016-10-18 09:46:10 113 102 76 270 3 30 6 0 51 30</string>
    <string>2016-10-18 09:46:11 114 102 77 273 3 30 6 0 52 30</string>
    <string>2016-10-18 09:46:11 115 101 77 273 4 30 6 0 52 30</string>
    <string>2016-10-18 09:46:12 116 102 77 273 4 30 6 0 53 30</string>
    <string>2016-10-18 09:46:12 117 102 77 273 4 30 6 0 53 30</string>
    <string>2016-10-18 09:46:13 118 102 77 273 4 30 6 0 54 30</string>
    <string>2016-10-18 09:46:13 119 102 77 273 4 30 6 0 54 30</string>
    <string>2016-10-18 09:46:14 120 102 77 273 4 30 6 0 55 30</string>
    <string>2016-10-18 09:46:14 121 102 77 273 4 30 6 0 55 30</string>
    <string>2016-10-18 09:46:15 122 102 79 280 4 30 6 0 56 30</string>
    <string>2016-10-18 09:46:15 123 102 79 280 4 30 6 0 56 30</string>
    <string>2016-10-18 09:46:16 124 102 79 280 4 30 6 0 57 30</string>
    <string>2016-10-18 09:46:16 125 103 79 280 4 30 6 0 57 30</string>
    <string>2016-10-18 09:46:17 126 102 78 277 4 30 6 0 58 30</string>
    <string>2016-10-18 09:46:17 127 103 78 277 4 30 6 0 58 30</string>
    <string>2016-10-18 09:46:18 128 103 78 277 4 30 7 0 59 30</string>
    <string>2016-10-18 09:46:18 129 103 78 277 4 30 7 0 59 30</string>
    <string>2016-10-18 09:46:19 130 102 78 277 4 30 7 1 0 30</string>
    <string>2016-10-18 09:46:19 131 102 83 295 4 30 7 1 0 30</string>
    <string>2016-10-18 09:46:20 132 102 83 295 4 30 7 1 1 30</string>
    <string>2016-10-18 09:46:20 133 102 83 295 4 30 7 1 1 30</string>
    <string>2016-10-18 09:46:21 134 102 83 295 4 30 7 1 2 30</string>
    <string>2016-10-18 09:46:21 135 102 87 309 4 30 7 1 2 30</string>
    <string>2016-10-18 09:46:22 136 102 87 309 4 30 7 1 3 30</string>
    <string>2016-10-18 09:46:22 137 101 87 309 4 30 7 1 3 30</string>
    <string>2016-10-18 09:46:23 138 101 87 309 4 30 7 1 4 30</string>
    <string>2016-10-18 09:46:23 139 101 101 359 5 30 7 1 4 30</string>
    <string>2016-10-18 09:46:24 140 101 101 359 5 30 7 1 5 30</string>
    <string>2016-10-18 09:46:24 141 102 101 359 5 30 7 1 5 30</string>
    <string>2016-10-18 09:46:25 142 101 101 359 5 30 7 1 6 30</string>
    <string>2016-10-18 09:46:25 143 101 105 373 5 30 7 1 6 30</string>
    <string>2016-10-18 09:46:26 144 101 105 373 5 30 8 1 7 30</string>
    <string>2016-10-18 09:46:26 145 102 105 373 5 30 8 1 7 30</string>
    <string>2016-10-18 09:46:27 146 102 105 373 5 30 8 1 8 30</string>
    <string>2016-10-18 09:46:27 147 101 109 387 5 30 8 1 8 30</string>
    <string>2016-10-18 09:46:28 148 101 109 387 5 30 8 1 9 30</string>
    <string>2016-10-18 09:46:28 149 101 109 387 5 30 8 1 9 30</string>
    <string>2016-10-18 09:46:29 150 101 109 387 5 30 8 1 10 30</string>
    <string>2016-10-18 09:46:29 151 101 111 394 5 30 8 1 10 30</string>
    <string>2016-10-18 09:46:30 152 101 111 394 5 30 8 1 11 30</string>
    <string>2016-10-18 09:46:30 153 101 111 394 5 30 8 1 11 30</string>
    <string>2016-10-18 09:46:31 154 101 111 394 5 30 8 1 12 30</string>
    <string>2016-10-18 09:46:31 155 0 111 394 5 30 8 1 12 30</string>
    <string>2016-10-18 09:46:32 156 0 111 394 5 30 8 1 13 30</string>
    <string>2016-10-18 09:46:32 157 0 111 394 5 30 8 1 13 30</string>
    <string>2016-10-18 09:46:33 158 0 111 394 6 30 8 1 14 30</string>
    <string>2016-10-18 09:46:33 159 0 111 394 6 30 8 1 14 30</string>
    <string>2016-10-18 09:46:34 160 0 109 387 6 30 9 1 15 30</string>
    <string>2016-10-18 09:46:34 161 0 109 387 6 30 9 1 15 30</string>
    <string>2016-10-18 09:46:35 162 97 109 387 6 30 9 1 16 30</string>
    <string>2016-10-18 09:46:35 163 97 109 387 6 30 9 1 16 30</string>
    <string>2016-10-18 09:46:36 164 97 107 380 6 30 9 1 17 30</string>
    <string>2016-10-18 09:46:36 165 97 107 380 6 30 9 1 17 30</string>
    <string>2016-10-18 09:46:37 166 97 107 380 6 30 9 1 18 30</string>
    <string>2016-10-18 09:46:37 167 97 107 380 6 30 9 1 18 30</string>
    <string>2016-10-18 09:46:38 168 97 104 369 6 30 9 1 19 30</string>
    <string>2016-10-18 09:46:38 169 97 104 369 6 30 9 1 19 30</string>
    <string>2016-10-18 09:46:39 170 97 104 369 6 30 9 1 20 30</string>
    <string>2016-10-18 09:46:39 171 97 104 369 6 30 9 1 20 30</string>
    <string>2016-10-18 09:46:40 172 97 103 366 6 30 9 1 21 30</string>
    <string>2016-10-18 09:46:40 173 97 103 366 6 30 9 1 21 30</string>
    <string>2016-10-18 09:46:41 174 97 103 366 6 30 9 1 22 30</string>
    <string>2016-10-18 09:46:41 175 97 103 366 6 30 9 1 22 30</string>
    <string>2016-10-18 09:46:42 176 97 101 359 6 30 9 1 23 30</string>
    <string>2016-10-18 09:46:42 177 97 101 359 7 30 9 1 23 30</string>
    <string>2016-10-18 09:46:43 178 97 101 359 7 30 10 1 24 30</string>
    <string>2016-10-18 09:46:43 179 97 101 359 7 30 10 1 24 30</string>
    <string>2016-10-18 09:46:44 180 97 99 351 7 30 10 1 25 30</string>
    <string>2016-10-18 09:46:44 181 97 99 351 7 30 10 1 25 30</string>
    <string>2016-10-18 09:46:45 182 97 99 351 7 30 10 1 26 30</string>
    <string>2016-10-18 09:46:45 183 97 99 351 7 30 10 1 26 30</string>
    <string>2016-10-18 09:46:46 184 97 98 348 7 30 10 1 27 30</string>
    <string>2016-10-18 09:46:46 185 98 98 348 7 30 10 1 27 30</string>
    <string>2016-10-18 09:46:47 186 98 98 348 7 30 10 1 28 30</string>
    <string>2016-10-18 09:46:47 187 97 98 348 7 30 10 1 28 30</string>
    <string>2016-10-18 09:46:48 188 98 97 344 7 30 10 1 29 30</string>
    <string>2016-10-18 09:46:48 189 98 97 344 7 30 10 1 29 30</string>
    <string>2016-10-18 09:46:49 190 98 97 344 7 30 10 1 30 30</string>
    <string>2016-10-18 09:46:49 191 98 97 344 7 30 10 1 30 30</string>
    <string>2016-10-18 09:46:50 192 98 96 341 7 30 10 1 31 30</string>
    <string>2016-10-18 09:46:50 193 97 96 341 7 30 10 1 31 30</string>
    <string>2016-10-18 09:46:51 194 98 96 341 7 30 11 1 32 30</string>
    <string>2016-10-18 09:46:51 195 98 96 341 7 30 11 1 32 30</string>
    <string>2016-10-18 09:46:52 196 98 96 341 7 30 11 1 33 30</string>
    <string>2016-10-18 09:46:52 197 98 97 344 7 30 11 1 33 30</string>
    <string>2016-10-18 09:46:53 198 98 97 344 8 30 11 1 34 30</string>
    <string>2016-10-18 09:46:53 199 98 97 344 8 30 11 1 34 30</string>
    <string>2016-10-18 09:46:54 200 98 97 344 8 30 11 1 35 30</string>
    <string>2016-10-18 09:46:54 201 98 99 351 8 30 11 1 35 30</string>
    <string>2016-10-18 09:46:55 202 98 99 351 8 30 11 1 36 30</string>
    <string>2016-10-18 09:46:55 203 98 99 351 8 30 11 1 36 30</string>
    <string>2016-10-18 09:46:56 204 100 99 351 8 30 11 1 37 30</string>
    <string>2016-10-18 09:46:56 205 98 99 351 8 30 11 1 37 30</string>
    <string>2016-10-18 09:46:57 206 98 99 351 8 30 11 1 38 30</string>
    <string>2016-10-18 09:46:57 207 98 99 351 8 30 11 1 38 30</string>
    <string>2016-10-18 09:46:58 208 98 99 351 8 30 11 1 39 30</string>
    <string>2016-10-18 09:46:58 209 98 98 348 8 30 11 1 39 30</string>
    <string>2016-10-18 09:46:59 210 98 98 348 8 30 12 1 40 30</string>
    <string>2016-10-18 09:46:59 211 98 98 348 8 30 12 1 40 30</string>
    <string>2016-10-18 09:47:00 212 98 98 348 8 30 12 1 41 30</string>
    <string>2016-10-18 09:47:00 213 98 97 344 8 30 12 1 41 30</string>
    <string>2016-10-18 09:47:01 214 98 97 344 8 30 12 1 42 30</string>
    <string>2016-10-18 09:47:01 215 98 97 344 8 30 12 1 42 30</string>
    <string>2016-10-18 09:47:02 216 98 97 344 8 30 12 1 43 30</string>
    <string>2016-10-18 09:47:02 217 98 96 341 8 30 12 1 43 30</string>
    <string>2016-10-18 09:47:03 218 98 96 341 8 30 12 1 44 30</string>
    <string>2016-10-18 09:47:03 219 98 96 341 9 30 12 1 44 30</string>
    <string>2016-10-18 09:47:04 220 98 96 341 9 30 12 1 45 30</string>
    <string>2016-10-18 09:47:04 221 98 96 341 9 30 12 1 45 30</string>
    <string>2016-10-18 09:47:05 222 98 96 341 9 30 12 1 46 30</string>
    <string>2016-10-18 09:47:05 223 98 96 341 9 30 12 1 46 30</string>
    <string>2016-10-18 09:47:06 224 98 96 341 9 30 12 1 47 30</string>
    <string>2016-10-18 09:47:06 225 98 96 341 9 30 12 1 47 30</string>
    <string>2016-10-18 09:47:07 226 98 96 341 9 30 12 1 48 30</string>
    <string>2016-10-18 09:47:07 227 98 96 341 9 30 12 1 48 30</string>
    <string>2016-10-18 09:47:08 228 98 96 341 9 30 13 1 49 30</string>
    <string>2016-10-18 09:47:08 229 98 96 341 9 30 13 1 49 30</string>
    <string>2016-10-18 09:47:09 230 98 96 341 9 30 13 1 50 30</string>
    <string>2016-10-18 09:47:09 231 98 96 341 9 30 13 1 50 30</string>
    <string>2016-10-18 09:47:10 232 100 96 341 9 30 13 1 51 30</string>
    <string>2016-10-18 09:47:10 233 100 96 341 9 30 13 1 51 30</string>
    <string>2016-10-18 09:47:11 234 101 95 337 9 30 13 1 52 30</string>
    <string>2016-10-18 09:47:11 235 101 95 337 9 30 13 1 52 30</string>
    <string>2016-10-18 09:47:12 236 101 95 337 9 30 13 1 53 30</string>
    <string>2016-10-18 09:47:12 237 101 95 337 9 30 13 1 53 30</string>
    <string>2016-10-18 09:47:13 238 101 92 327 9 30 13 1 54 30</string>
    <string>2016-10-18 09:47:13 239 101 92 327 9 30 13 1 54 30</string>
    <string>2016-10-18 09:47:14 240 101 92 327 10 30 13 1 55 30</string>
    <string>2016-10-18 09:47:14 241 102 92 327 10 30 13 1 55 30</string>
    <string>2016-10-18 09:47:15 242 102 91 323 10 30 13 1 56 30</string>
    <string>2016-10-18 09:47:15 243 102 91 323 10 30 13 1 56 30</string>
    <string>2016-10-18 09:47:16 244 102 91 323 10 30 14 1 57 30</string>
    <string>2016-10-18 09:47:16 245 104 91 323 10 30 14 1 57 30</string>
    <string>2016-10-18 09:47:17 246 103 91 323 10 30 14 1 58 30</string>
    <string>2016-10-18 09:47:17 247 104 91 323 10 30 14 1 58 30</string>
    <string>2016-10-18 09:47:18 248 104 91 323 10 30 14 1 59 30</string>
    <string>2016-10-18 09:47:18 249 105 91 323 10 30 14 1 59 30</string>
    <string>2016-10-18 09:47:19 250 105 91 323 10 30 14 2 0 30</string>
    <string>2016-10-18 09:47:19 251 105 91 323 10 30 14 2 0 30</string>
    <string>2016-10-18 09:47:20 252 105 91 323 10 30 14 2 1 30</string>
    <string>2016-10-18 09:47:20 253 105 91 323 10 30 14 2 1 30</string>
    <string>2016-10-18 09:47:21 254 105 89 316 10 30 14 2 2 30</string>
    <string>2016-10-18 09:47:21 255 105 89 316 10 30 14 2 2 30</string>
    <string>2016-10-18 09:47:22 256 105 89 316 10 30 14 2 3 30</string>
    <string>2016-10-18 09:47:22 257 105 89 316 10 30 14 2 3 30</string>
    <string>2016-10-18 09:47:23 258 105 88 312 10 30 14 2 4 30</string>
    <string>2016-10-18 09:47:23 259 105 88 312 10 30 14 2 4 30</string>
    <string>2016-10-18 09:47:24 260 105 88 312 10 30 15 2 5 30</string>
    <string>2016-10-18 09:47:24 261 105 88 312 10 30 15 2 5 30</string>
    <string>2016-10-18 09:47:25 262 104 88 312 10 30 15 2 6 30</string>
    <string>2016-10-18 09:47:25 263 104 88 312 11 30 15 2 6 30</string>
    <string>2016-10-18 09:47:26 264 104 88 312 11 30 15 2 7 30</string>
    <string>2016-10-18 09:47:26 265 104 88 312 11 30 15 2 7 30</string>
    <string>2016-10-18 09:47:27 266 104 88 312 11 30 15 2 8 30</string>
    <string>2016-10-18 09:47:27 267 104 88 312 11 30 15 2 8 30</string>
    <string>2016-10-18 09:47:28 268 104 88 312 11 30 15 2 9 30</string>
    <string>2016-10-18 09:47:28 269 104 88 312 11 30 15 2 9 30</string>
    <string>2016-10-18 09:47:29 270 104 88 312 11 30 15 2 10 30</string>
    <string>2016-10-18 09:47:29 271 104 88 312 11 30 15 2 10 30</string>
    <string>2016-10-18 09:47:30 272 104 88 312 11 30 15 2 11 30</string>
    <string>2016-10-18 09:47:30 273 104 88 312 11 30 15 2 11 30</string>
    <string>2016-10-18 09:47:31 274 104 88 312 11 30 15 2 12 30</string>
    <string>2016-10-18 09:47:31 275 104 88 312 11 30 15 2 12 30</string>
    <string>2016-10-18 09:47:32 276 104 88 312 11 30 15 2 13 30</string>
    <string>2016-10-18 09:47:32 277 104 88 312 11 30 15 2 13 30</string>
    <string>2016-10-18 09:47:33 278 104 88 312 11 30 16 2 14 30</string>
    <string>2016-10-18 09:47:33 279 104 88 312 11 30 16 2 14 30</string>
    <string>2016-10-18 09:47:34 280 104 88 312 11 30 16 2 15 30</string>
    <string>2016-10-18 09:47:34 281 104 88 312 11 30 16 2 15 30</string>
    <string>2016-10-18 09:47:35 282 105 88 312 11 30 16 2 16 30</string>
    <string>2016-10-18 09:47:35 283 105 87 309 11 30 16 2 16 30</string>
    <string>2016-10-18 09:47:36 284 105 87 309 11 30 16 2 17 30</string>
    <string>2016-10-18 09:47:36 285 105 87 309 11 30 16 2 17 30</string>
    <string>2016-10-18 09:47:37 286 105 87 309 12 30 16 2 18 30</string>
    <string>2016-10-18 09:47:37 287 105 87 309 12 30 16 2 18 30</string>
    <string>2016-10-18 09:47:38 288 105 87 309 12 30 16 2 19 30</string>
    <string>2016-10-18 09:47:38 289 105 87 309 12 30 16 2 19 30</string>
    <string>2016-10-18 09:47:39 290 105 87 309 12 30 16 2 20 30</string>
    <string>2016-10-18 09:47:39 291 105 88 312 12 30 16 2 20 30</string>
    <string>2016-10-18 09:47:40 292 105 88 312 12 30 16 2 21 30</string>
    <string>2016-10-18 09:47:40 293 105 88 312 12 30 16 2 21 30</string>
    <string>2016-10-18 09:47:41 294 105 88 312 12 30 17 2 22 30</string>
    <string>2016-10-18 09:47:41 295 105 90 320 12 30 17 2 22 30</string>
    <string>2016-10-18 09:47:42 296 105 90 320 12 30 17 2 23 30</string>
    <string>2016-10-18 09:47:42 297 105 90 320 12 30 17 2 23 30</string>
    <string>2016-10-18 09:47:43 298 105 90 320 12 30 17 2 24 30</string>
    <string>2016-10-18 09:47:43 299 105 90 320 12 30 17 2 24 30</string>
    <string>2016-10-18 09:47:44 300 105 90 320 12 30 17 2 25 30</string>
    <string>2016-10-18 09:47:44 301 105 90 320 12 30 17 2 25 30</string>
    <string>2016-10-18 09:47:45 302 105 90 320 12 30 17 2 26 30</string>
    <string>2016-10-18 09:47:45 303 105 90 320 12 30 17 2 26 30</string>
    <string>2016-10-18 09:47:46 304 105 89 316 12 30 17 2 27 30</string>
    <string>2016-10-18 09:47:46 305 105 89 316 12 30 17 2 27 30</string>
    <string>2016-10-18 09:47:47 306 105 89 316 12 30 17 2 28 30</string>
    <string>2016-10-18 09:47:47 307 105 89 316 12 30 17 2 28 30</string>
    <string>2016-10-18 09:47:48 308 105 87 309 12 30 17 2 29 30</string>
    <string>2016-10-18 09:47:48 309 105 87 309 13 30 17 2 29 30</string>
    <string>2016-10-18 09:47:49 310 105 87 309 13 30 18 2 30 30</string>
    <string>2016-10-18 09:47:49 311 105 87 309 13 30 18 2 30 30</string>
    <string>2016-10-18 09:47:50 312 105 86 305 13 30 18 2 31 30</string>
    <string>2016-10-18 09:47:50 313 105 86 305 13 30 18 2 31 30</string>
    <string>2016-10-18 09:47:51 314 105 86 305 13 30 18 2 32 30</string>
    <string>2016-10-18 09:47:51 315 104 86 305 13 30 18 2 32 30</string>
    <string>2016-10-18 09:47:52 316 105 86 305 13 30 18 2 33 30</string>
    <string>2016-10-18 09:47:52 317 105 86 305 13 30 18 2 33 30</string>
    <string>2016-10-18 09:47:53 318 105 86 305 13 30 18 2 34 30</string>
    <string>2016-10-18 09:47:53 319 105 86 305 13 30 18 2 34 30</string>
    <string>2016-10-18 09:47:54 320 105 88 312 13 30 18 2 35 30</string>
    <string>2016-10-18 09:47:54 321 105 88 312 13 30 18 2 35 30</string>
    <string>2016-10-18 09:47:55 322 0 88 312 13 30 18 2 36 30</string>
    <string>2016-10-18 09:47:55 323 0 88 312 13 30 18 2 36 30</string>
    <string>2016-10-18 09:47:56 324 0 90 320 13 30 18 2 37 30</string>
    <string>2016-10-18 09:47:56 325 0 90 320 13 30 18 2 37 30</string>
    <string>2016-10-18 09:47:57 326 0 90 320 13 30 18 2 38 30</string>
    <string>2016-10-18 09:47:57 327 0 90 320 13 30 18 2 38 30</string>
    <string>2016-10-18 09:47:58 328 0 90 320 13 30 19 2 39 30</string>
    <string>2016-10-18 09:47:58 329 0 90 320 13 30 19 2 39 30</string>
    <string>2016-10-18 09:47:59 330 0 90 320 13 30 19 2 40 30</string>
    <string>2016-10-18 09:47:59 331 0 90 320 13 30 19 2 40 30</string>
    <string>2016-10-18 09:48:00 332 0 89 316 14 30 19 2 41 30</string>
    <string>2016-10-18 09:48:00 333 0 89 316 14 30 19 2 41 30</string>
    <string>2016-10-18 09:48:01 334 0 89 316 14 30 19 2 42 30</string>
    <string>2016-10-18 09:48:01 335 0 89 316 14 30 19 2 42 30</string>
    <string>2016-10-18 09:48:02 336 0 89 316 14 30 19 2 43 30</string>
    <string>2016-10-18 09:48:02 337 0 91 323 14 30 19 2 43 30</string>
    <string>2016-10-18 09:48:03 338 0 91 323 14 30 19 2 44 30</string>
    <string>2016-10-18 09:48:03 339 0 91 323 14 30 19 2 44 30</string>
    <string>2016-10-18 09:48:04 340 0 91 323 14 30 19 2 45 30</string>
    <string>2016-10-18 09:48:04 341 0 91 323 14 30 19 2 45 30</string>
    <string>2016-10-18 09:48:05 342 0 91 323 14 30 19 2 46 30</string>
    <string>2016-10-18 09:48:05 343 0 91 323 14 30 19 2 46 30</string>
    <string>2016-10-18 09:48:06 344 0 91 323 14 30 20 2 47 30</string>
    <string>2016-10-18 09:48:06 345 0 91 323 14 30 20 2 47 30</string>
    <string>2016-10-18 09:48:07 346 0 91 323 14 30 20 2 48 30</string>
    <string>2016-10-18 09:48:07 347 0 91 323 14 30 20 2 48 30</string>
    <string>2016-10-18 09:48:08 348 0 91 323 14 30 20 2 49 30</string>
    <string>2016-10-18 09:48:08 349 0 90 320 14 30 20 2 49 30</string>
    <string>2016-10-18 09:48:09 350 0 90 320 14 30 20 2 50 30</string>
    <string>2016-10-18 09:48:09 351 0 90 320 14 30 20 2 50 30</string>
    <string>2016-10-18 09:48:10 352 0 90 320 14 30 20 2 51 30</string>
    <string>2016-10-18 09:48:10 353 101 90 320 14 30 20 2 51 30</string>
    <string>2016-10-18 09:48:11 354 101 90 320 15 30 20 2 52 30</string>
    <string>2016-10-18 09:48:11 355 100 90 320 15 30 20 2 52 30</string>
    <string>2016-10-18 09:48:12 356 101 90 320 15 30 20 2 53 30</string>
    <string>2016-10-18 09:48:12 357 101 89 316 15 30 20 2 53 30</string>
    <string>2016-10-18 09:48:13 358 103 89 316 15 30 20 2 54 30</string>
    <string>2016-10-18 09:48:13 359 103 89 316 15 30 20 2 54 30</string>
    <string>2016-10-18 09:48:14 360 106 89 316 15 30 21 2 55 30</string>
    <string>2016-10-18 09:48:14 361 106 90 320 15 30 21 2 55 30</string>
    <string>2016-10-18 09:48:15 362 106 90 320 15 30 21 2 56 30</string>
    <string>2016-10-18 09:48:15 363 106 90 320 15 30 21 2 56 30</string>
    <string>2016-10-18 09:48:16 364 106 90 320 15 30 21 2 57 30</string>
    <string>2016-10-18 09:48:16 365 106 90 320 15 30 21 2 57 30</string>
    <string>2016-10-18 09:48:17 366 106 91 323 15 30 21 2 58 30</string>
    <string>2016-10-18 09:48:17 367 106 91 323 15 30 21 2 58 30</string>
    <string>2016-10-18 09:48:18 368 106 91 323 15 30 21 2 59 30</string>
    <string>2016-10-18 09:48:18 369 106 91 323 15 30 21 2 59 30</string>
    <string>2016-10-18 09:48:19 370 106 90 320 15 30 21 3 0 30</string>
    <string>2016-10-18 09:48:19 371 106 90 320 15 30 21 3 0 30</string>
    <string>2016-10-18 09:48:20 372 106 90 320 15 30 21 3 1 30</string>
    <string>2016-10-18 09:48:20 373 106 90 320 15 30 21 3 1 30</string>
    <string>2016-10-18 09:48:21 374 106 89 316 15 30 21 3 2 30</string>
    <string>2016-10-18 09:48:21 375 106 89 316 15 30 21 3 2 30</string>
    <string>2016-10-18 09:48:22 376 106 89 316 15 30 21 3 3 30</string>
    <string>2016-10-18 09:48:22 377 106 89 316 16 30 21 3 3 30</string>
    <string>2016-10-18 09:48:23 378 106 88 312 16 30 22 3 4 30</string>
    <string>2016-10-18 09:48:23 379 106 88 312 16 30 22 3 4 30</string>
    <string>2016-10-18 09:48:24 380 106 88 312 16 30 22 3 5 30</string>
    <string>2016-10-18 09:48:24 381 106 88 312 16 30 22 3 5 30</string>
    <string>2016-10-18 09:48:25 382 106 87 309 16 30 22 3 6 30</string>
    <string>2016-10-18 09:48:25 383 106 87 309 16 30 22 3 6 30</string>
    <string>2016-10-18 09:48:26 384 106 87 309 16 30 22 3 7 30</string>
    <string>2016-10-18 09:48:26 385 106 87 309 16 30 22 3 8 30</string>
    <string>2016-10-18 09:48:27 386 106 87 309 16 30 22 3 8 30</string>
    <string>2016-10-18 09:48:27 387 106 87 309 16 30 22 3 9 30</string>
    <string>2016-10-18 09:48:28 388 106 87 309 16 30 22 3 9 30</string>
    <string>2016-10-18 09:48:28 389 106 87 309 16 30 22 3 10 30</string>
    <string>2016-10-18 09:48:29 390 106 86 305 16 30 22 3 10 30</string>
    <string>2016-10-18 09:48:29 391 106 86 305 16 30 22 3 10 30</string>
    <string>2016-10-18 09:48:30 392 106 86 305 16 30 22 3 11 30</string>
    <string>2016-10-18 09:48:30 393 106 86 305 16 30 22 3 11 30</string>
    <string>2016-10-18 09:48:31 394 106 86 305 16 30 23 3 12 30</string>
    <string>2016-10-18 09:48:31 395 106 85 302 16 30 23 3 12 30</string>
    <string>2016-10-18 09:48:32 396 106 85 302 16 30 23 3 13 30</string>
    <string>2016-10-18 09:48:32 397 106 85 302 16 30 23 3 13 30</string>
    <string>2016-10-18 09:48:33 398 106 85 302 16 30 23 3 14 30</string>
    <string>2016-10-18 09:48:33 399 106 84 298 16 30 23 3 14 30</string>
    <string>2016-10-18 09:48:34 400 106 84 298 17 30 23 3 15 30</string>
    <string>2016-10-18 09:48:34 401 105 84 298 17 30 23 3 15 30</string>
    <string>2016-10-18 09:48:35 402 105 84 298 17 30 23 3 16 30</string>
    <string>2016-10-18 09:48:35 403 105 84 298 17 30 23 3 16 30</string>
    <string>2016-10-18 09:48:36 404 104 84 298 17 30 23 3 17 30</string>
    <string>2016-10-18 09:48:36 405 104 84 298 17 30 23 3 18 30</string>
    <string>2016-10-18 09:48:37 406 104 84 298 17 30 23 3 18 30</string>
    <string>2016-10-18 09:48:37 407 104 88 312 17 30 23 3 19 30</string>
    <string>2016-10-18 09:48:38 408 104 88 312 17 30 23 3 19 30</string>
    <string>2016-10-18 09:48:38 409 104 88 312 17 30 23 3 19 30</string>
    <string>2016-10-18 09:48:39 410 104 88 312 17 30 24 3 20 30</string>
    <string>2016-10-18 09:48:39 411 104 89 316 17 30 24 3 20 30</string>
    <string>2016-10-18 09:48:40 412 104 89 316 17 30 24 3 21 30</string>
    <string>2016-10-18 09:48:40 413 104 89 316 17 30 24 3 21 30</string>
    <string>2016-10-18 09:48:41 414 104 89 316 17 30 24 3 22 30</string>
    <string>2016-10-18 09:48:41 415 104 89 316 17 30 24 3 22 30</string>
    <string>2016-10-18 09:48:42 416 104 89 316 17 30 24 3 23 30</string>
    <string>2016-10-18 09:48:42 417 104 89 316 17 30 24 3 23 30</string>
    <string>2016-10-18 09:48:43 418 103 89 316 17 30 24 3 24 30</string>
    <string>2016-10-18 09:48:43 419 103 89 316 17 30 24 3 24 30</string>
    <string>2016-10-18 09:48:44 420 103 89 316 17 30 24 3 25 30</string>
    <string>2016-10-18 09:48:44 421 103 89 316 17 30 24 3 25 30</string>
    <string>2016-10-18 09:48:45 422 103 89 316 17 30 24 3 26 30</string>
    <string>2016-10-18 09:48:45 423 102 89 316 18 30 24 3 26 30</string>
    <string>2016-10-18 09:48:46 424 103 90 320 18 30 24 3 27 30</string>
    <string>2016-10-18 09:48:46 425 102 90 320 18 30 24 3 27 30</string>
    <string>2016-10-18 09:48:47 426 102 90 320 18 30 24 3 28 30</string>
    <string>2016-10-18 09:48:47 427 103 90 320 18 30 24 3 28 30</string>
    <string>2016-10-18 09:48:48 428 103 91 323 18 30 25 3 29 30</string>
    <string>2016-10-18 09:48:48 429 102 91 323 18 30 25 3 29 30</string>
    <string>2016-10-18 09:48:49 430 102 91 323 18 30 25 3 30 30</string>
    <string>2016-10-18 09:48:49 431 102 91 323 18 30 25 3 30 30</string>
    <string>2016-10-18 09:48:50 432 102 85 302 18 30 25 3 31 30</string>
    <string>2016-10-18 09:48:50 433 102 85 302 18 30 25 3 31 30</string>
    <string>2016-10-18 09:48:51 434 102 85 302 18 30 25 3 32 30</string>
    <string>2016-10-18 09:48:51 435 102 85 302 18 30 25 3 33 30</string>
    <string>2016-10-18 09:48:52 436 102 80 284 18 30 25 3 33 30</string>
    <string>2016-10-18 09:48:52 437 102 80 284 18 30 25 3 34 30</string>
    <string>2016-10-18 09:48:53 438 102 80 284 18 30 25 3 34 30</string>
    <string>2016-10-18 09:48:53 439 102 80 284 18 30 25 3 35 30</string>
    <string>2016-10-18 09:48:54 440 102 73 259 18 30 25 3 35 30</string>
    <string>2016-10-18 09:48:54 441 102 73 259 18 30 25 3 35 30</string>
    <string>2016-10-18 09:48:55 442 0 73 259 18 30 25 3 36 30</string>
    <string>2016-10-18 09:48:55 443 0 73 259 18 30 25 3 36 30</string>
    <string>2016-10-18 09:48:56 444 0 66 234 18 30 26 3 37 30</string>
    <string>2016-10-18 09:48:56 445 0 66 234 18 30 26 3 37 30</string>
    <string>2016-10-18 09:48:57 446 0 66 234 18 30 26 3 38 30</string>
    <string>2016-10-18 09:48:57 447 0 66 234 18 30 26 3 39 30</string>
    <string>2016-10-18 09:48:58 448 0 59 209 18 30 26 3 39 30</string>
    <string>2016-10-18 09:48:58 449 0 59 209 18 30 26 3 40 30</string>
    <string>2016-10-18 09:48:59 450 0 59 209 19 30 26 3 40 30</string>
    <string>2016-10-18 09:48:59 451 0 59 209 19 30 26 3 41 30</string>
    <string>2016-10-18 09:49:00 452 0 59 209 19 30 26 3 41 30</string>
    <string>2016-10-18 09:49:00 453 0 50 178 19 30 26 3 42 30</string>
    <string>2016-10-18 09:49:01 454 0 50 178 19 30 26 3 42 30</string>
    <string>2016-10-18 09:49:01 455 0 50 178 19 30 26 3 43 30</string>
    <string>2016-10-18 09:49:02 456 0 50 178 19 30 26 3 43 30</string>
    <string>2016-10-18 09:49:02 457 0 38 135 19 30 26 3 44 30</string>
    <string>2016-10-18 09:49:03 458 0 38 135 19 30 26 3 44 30</string>
    <string>2016-10-18 09:49:03 459 0 38 135 19 30 26 3 45 30</string>
    <string>2016-10-18 09:49:04 460 0 38 135 19 30 27 3 45 30</string>
    <string>2016-10-18 09:49:04 461 0 24 85 19 30 27 3 46 30</string>
    <string>2016-10-18 09:49:05 462 0 24 85 19 30 27 3 46 30</string>
    <string>2016-10-18 09:49:05 463 0 24 85 19 30 27 3 47 30</string>
    <string>2016-10-18 09:49:06 464 0 24 85 19 30 27 3 47 30</string>
    <string>2016-10-18 09:49:06 465 0 24 85 19 30 27 3 48 30</string>
    <string>2016-10-18 09:49:07 466 0 24 85 19 30 27 3 48 30</string>
    <string>2016-10-18 09:49:07 467 0 24 85 19 30 27 3 49 30</string>
    <string>2016-10-18 09:49:08 468 0 24 85 19 30 27 3 49 30</string>
    <string>2016-10-18 09:49:08 469 0 0 0 19 30 27 3 49 0</string>
    <string>2016-10-18 09:49:09 470 0 0 0 19 30 27 3 49 0</string>
    <string>2016-10-18 09:49:09 471 0 0 0 19 30 27 3 49 0</string>
    <string>2016-10-18 09:49:10 472 0 0 0 19 30 27 3 49 0</string>
    <string>2016-10-18 09:49:10 473 0 0 0 19 30 27 3 49 0</string>
    <string>2016-10-18 09:49:11 474 0 0 0 19 30 27 3 49 0</string>
    <string>2016-10-18 09:49:11 475 0 0 0 19 30 27 3 49 0</string>
    <string>2016-10-18 09:49:12 476 0 0 0 19 30 27 3 49 0</string>
    <string>2016-10-18 09:49:12 477 0 0 0 19 30 27 3 49 0</string>
    <string>2016-10-18 09:49:13 478 0 0 0 19 30 27 3 49 0</string>
    <string>2016-10-18 09:49:13 479 0 0 0 19 30 27 3 49 0</string>
    <string>2016-10-18 09:49:14 480 0 0 0 19 30 27 3 49 0</string>
    <string>2016-10-18 09:49:14 481 0 0 0 19 30 27 3 49 0</string>
    <string>2016-10-18 09:49:15 482 0 0 0 19 30 27 3 49 0</string>
    <string>2016-10-18 09:49:15 483 0 0 0 19 30 27 3 49 0</string>
    <string>2016-10-18 09:49:16 484 0 0 0 19 30 27 3 49 0</string>
    <string>2016-10-18 09:49:16 485 0 0 0 19 30 27 3 49 0</string>
    <string>2016-10-18 09:49:17 486 0 0 0 19 30 27 3 49 0</string>
    <string>2016-10-18 09:49:17 487 0 0 0 19 30 27 3 49 0</string>
    <string>2016-10-18 09:49:18 488 0 0 0 19 30 27 3 49 0</string>
    <string>2016-10-18 09:49:18 489 0 0 0 19 30 27 3 49 0</string>
    <string>2016-10-18 09:49:19 490 0 0 0 19 30 27 3 49 0</string>
    <string>2016-10-18 09:49:19 491 0 0 0 19 30 27 3 49 0</string>
    <string>2016-10-18 09:49:20 492 0 0 0 19 30 27 3 49 0</string>
    <string>2016-10-18 09:49:20 493 0 0 0 19 30 27 3 49 0</string>
    <string>2016-10-18 09:49:21 494 0 0 0 19 30 27 3 49 0</string>
    <string>2016-10-18 09:49:21 495 0 0 0 19 30 27 3 49 0</string>
    <string>2016-10-18 09:49:22 496 0 0 0 19 30 27 3 49 0</string>
    <string>2016-10-18 09:49:22 497 0 0 0 19 30 27 3 49 0</string>
    <string>2016-10-18 09:49:23 498 0 0 0 19 30 27 3 49 0</string>
    <string>2016-10-18 09:49:23 499 0 0 0 19 30 27 3 49 0</string>
    <string>2016-10-18 09:49:24 500 0 0 0 19 30 27 3 49 0</string>
    <string>2016-10-18 09:49:24 501 0 0 0 19 30 27 3 49 0</string>
    <string>2016-10-18 09:49:25 502 0 0 0 19 30 27 3 49 0</string>
    <string>2016-10-18 09:49:25 503 0 0 0 19 30 27 3 49 0</string>
    <string>2016-10-18 09:49:26 504 0 0 0 19 30 27 3 49 0</string>
    <string>2016-10-18 09:49:26 505 0 0 0 19 30 27 3 49 0</string>
    <string>2016-10-18 09:49:27 506 0 0 0 19 30 27 3 49 0</string>
    <string>2016-10-18 09:49:27 507 0 0 0 19 30 27 3 49 0</string>
    <string>2016-10-18 09:49:28 508 0 0 0 19 30 27 3 49 0</string>
    <string>2016-10-18 09:49:28 509 0 0 0 19 30 27 3 49 0</string>
    <string>2016-10-18 09:49:29 510 0 0 0 19 30 27 3 49 0</string>
    <string>2016-10-18 09:49:29 511 0 0 0 19 30 27 3 49 0</string>
    <string>2016-10-18 09:49:30 512 0 0 0 19 30 27 3 49 0</string>
    <string>2016-10-18 09:49:30 513 0 0 0 19 30 27 3 49 0</string>
    <string>2016-10-18 09:49:31 514 0 0 0 19 30 27 3 49 0</string>
    <string>2016-10-18 09:49:31 515 0 0 0 19 30 27 3 49 0</string>
    <string>2016-10-18 09:49:32 516 0 0 0 19 30 27 3 49 0</string>
    <string>2016-10-18 09:49:32 517 0 0 0 19 30 27 3 49 0</string>
    <string>2016-10-18 09:49:33 518 0 0 0 19 30 27 3 49 0</string>
    <string>2016-10-18 09:49:33 519 0 0 0 19 30 27 3 49 0</string>
    <string>2016-10-18 09:49:34 520 0 0 0 19 30 27 3 49 0</string>
    <string>2016-10-18 09:49:34 521 0 0 0 19 30 27 3 49 0</string>
    <string>2016-10-18 09:49:35 522 0 0 0 19 30 27 3 49 0</string>
    <string>2016-10-18 09:49:35 523 0 0 0 19 30 27 3 49 0</string>
    <string>2016-10-18 09:49:36 524 0 0 0 19 30 27 3 49 0</string>
    <string>2016-10-18 09:49:36 525 0 0 0 19 30 27 3 49 0</string>
    <string>2016-10-18 09:49:37 526 0 0 0 19 30 27 3 49 0</string>
    <string>2016-10-18 09:49:37 527 0 0 0 19 30 27 3 49 0</string>
    <string>2016-10-18 09:49:38 528 0 0 0 19 30 27 3 49 0</string>
    <string>2016-10-18 09:49:38 529 0 0 0 19 30 27 3 49 0</string>
    <string>2016-10-18 09:49:39 530 0 0 0 19 30 27 3 49 0</string>
    <string>2016-10-18 09:49:39 531 0 0 0 19 30 27 3 49 0</string>
    <string>2016-10-18 09:49:40 532 0 0 0 19 30 27 3 49 0</string>
    <string>2016-10-18 09:49:40 533 0 0 0 19 30 27 3 49 0</string>
    <string>2016-10-18 09:49:41 534 0 0 0 19 30 27 3 49 0</string>
    <string>2016-10-18 09:49:41 535 0 0 0 19 30 27 3 49 0</string>
    <string>2016-10-18 09:49:42 536 0 0 0 19 30 27 3 49 0</string>
    <string>2016-10-18 09:49:42 537 0 0 0 19 30 27 3 49 0</string>
    <string>2016-10-18 09:49:43 538 0 0 0 19 30 27 3 49 0</string>
    <string>2016-10-18 09:49:43 539 0 0 0 19 30 27 3 49 0</string>
    <string>2016-10-18 09:49:44 540 0 0 0 19 30 27 3 49 0</string>
    <string>2016-10-18 09:49:44 541 0 0 0 19 30 27 3 49 0</string>
    <string>2016-10-18 09:49:45 542 0 0 0 19 30 27 3 49 0</string>
    <string>2016-10-18 09:49:45 543 0 0 0 19 30 27 3 49 0</string>
    <string>2016-10-18 09:49:46 544 0 0 0 19 30 27 3 49 0</string>
    <string>2016-10-18 09:49:46 545 0 0 0 19 30 27 3 49 0</string>
    <string>2016-10-18 09:49:47 546 0 0 0 19 30 27 3 49 0</string>
    <string>2016-10-18 09:49:47 547 0 0 0 19 30 27 3 49 0</string>
    <string>2016-10-18 09:49:48 548 0 0 0 19 30 27 3 49 0</string>
    <string>2016-10-18 09:49:48 549 0 0 0 19 30 27 3 49 0</string>
    <string>2016-10-18 09:49:49 550 0 0 0 19 30 27 3 49 0</string>
    <string>2016-10-18 09:49:49 551 0 0 0 19 30 27 3 49 0</string>
    <string>2016-10-18 09:49:50 552 0 0 0 19 30 27 3 49 0</string>
    <string>2016-10-18 09:49:50 553 0 0 0 19 30 27 3 49 0</string>
    <string>2016-10-18 09:49:51 554 0 0 0 19 30 27 3 49 0</string>
    <string>2016-10-18 09:49:51 555 0 0 0 19 30 27 3 49 0</string>
    <string>2016-10-18 09:49:52 556 0 0 0 19 30 27 3 49 0</string>
    <string>2016-10-18 09:49:52 557 0 0 0 19 30 27 3 49 0</string>
    <string>2016-10-18 09:49:53 558 0 0 0 19 30 27 3 49 0</string>
    <string>2016-10-18 09:49:53 559 0 0 0 19 30 27 3 49 0</string>
    <string>2016-10-18 09:49:54 560 0 0 0 19 30 27 3 49 0</string>
    <string>2016-10-18 09:49:54 561 0 0 0 19 30 27 3 49 0</string>
    <string>2016-10-18 09:49:55 562 0 0 0 19 30 27 3 49 0</string>
    <string>2016-10-18 09:49:55 563 0 0 0 19 30 27 3 49 0</string>
    <string>2016-10-18 09:49:56 564 0 0 0 19 30 27 3 49 0</string>
    <string>2016-10-18 09:49:56 565 0 0 0 19 30 27 3 49 0</string>
    <string>2016-10-18 09:49:57 566 0 0 0 19 30 27 3 49 0</string>
    <string>2016-10-18 09:49:57 567 0 0 0 19 30 27 3 49 0</string>
    <string>2016-10-18 09:49:58 568 0 0 0 19 30 27 3 49 0</string>
    <string>2016-10-18 09:49:58 569 0 0 0 19 30 27 3 49 0</string>
    <string>2016-10-18 09:49:59 570 0 0 0 19 30 27 3 49 0</string>
    <string>2016-10-18 09:49:59 571 0 0 0 19 30 27 3 49 0</string>
    <string>2016-10-18 09:50:00 572 0 0 0 19 30 27 3 49 0</string>
    <string>2016-10-18 09:50:00 573 0 0 0 19 30 27 3 49 0</string>
    <string>2016-10-18 09:50:01 574 0 0 0 19 30 27 3 49 0</string>
    <string>2016-10-18 09:50:01 575 0 0 0 19 30 27 3 49 0</string>
    <string>2016-10-18 09:50:02 576 0 0 0 19 30 27 3 49 0</string>
    <string>2016-10-18 09:50:02 577 0 0 0 19 30 27 3 49 0</string>
    <string>2016-10-18 09:50:03 578 0 0 0 19 30 27 3 49 0</string>
    <string>2016-10-18 09:50:03 579 0 0 0 19 30 27 3 49 0</string>
    <string>2016-10-18 09:50:04 580 0 0 0 19 30 27 3 49 0</string>
    <string>2016-10-18 09:50:04 581 0 0 0 19 30 27 3 49 0</string>
    <string>2016-10-18 09:50:05 582 0 0 0 19 30 27 3 49 0</string>
    <string>2016-10-18 09:50:05 583 0 0 0 19 30 27 3 49 0</string>
    <string>2016-10-18 09:50:06 584 0 0 0 19 30 27 3 49 0</string>
    <string>2016-10-18 09:50:06 585 0 0 0 19 30 27 3 49 0</string>
    <string>2016-10-18 09:50:07 586 0 0 0 19 30 27 3 49 0</string>
    <string>2016-10-18 09:50:07 587 0 0 0 19 30 27 3 49 0</string>
    <string>2016-10-18 09:50:08 588 0 0 0 19 30 27 3 49 0</string>
    <string>2016-10-18 09:50:08 589 0 0 0 19 30 27 3 49 0</string>
    <string>2016-10-18 09:50:09 590 0 0 0 19 30 27 3 49 0</string>
    <string>2016-10-18 09:50:09 591 0 0 0 19 30 27 3 49 0</string>
    <string>2016-10-18 09:50:10 592 0 0 0 19 30 27 3 49 0</string>
    <string>2016-10-18 09:50:10 593 0 0 0 19 30 27 3 49 0</string>
    <string>2016-10-18 09:50:11 594 0 0 0 19 30 27 3 49 0</string>
    <string>2016-10-18 09:50:11 595 0 0 0 19 30 27 3 49 0</string>
    <string>2016-10-18 09:50:12 596 0 0 0 19 30 27 3 49 0</string>
    <string>2016-10-18 09:50:12 597 0 0 0 19 30 27 3 49 0</string>
    <string>2016-10-18 09:50:13 598 0 0 0 19 30 27 3 49 0</string>
    <string>2016-10-18 09:50:13 599 0 0 0 19 30 27 3 49 0</string>
    <string>2016-10-18 09:50:14 600 0 0 0 19 30 27 3 49 0</string>
    <string>2016-10-18 09:50:14 601 0 0 0 19 30 27 3 49 0</string>
    <string>2016-10-18 09:50:15 602 0 0 0 19 30 27 3 49 0</string>
    <string>2016-10-18 09:50:15 603 0 0 0 19 30 27 3 49 0</string>
    <string>2016-10-18 09:50:16 604 0 0 0 19 30 27 3 49 0</string>
    <string>2016-10-18 09:50:16 605 0 0 0 19 30 27 3 49 0</string>
  </Results>
</ServerData>