<?xml version="1.0"?>
<ServerData xmlns:xsi="http://www.w3.org/2001/XMLSchema-instance" xmlns:xsd="http://www.w3.org/2001/XMLSchema">
  <Name>jfeiwofj</Name>
  <Password>fejwio</Password>
  <Doctor>false</Doctor>
  <Messages />
  <Results>
    <string>2016-10-18 09:13:22 1 10 40 2 0 25 0 0 0 60</string>
    <string>2016-10-18 09:13:22 2 82 40 13 4 25 4 0 0 60</string>
    <string>2016-10-18 09:13:23 3 63 40 4 9 25 9 0 1 60</string>
    <string>2016-10-18 09:13:23 4 87 40 15 13 25 13 0 1 60</string>
    <string>2016-10-18 09:13:24 5 68 40 7 18 25 18 0 2 60</string>
    <string>2016-10-18 09:13:24 6 134 40 37 22 25 22 0 2 60</string>
    <string>2016-10-18 09:13:25 7 115 40 28 27 25 27 0 2 60</string>
    <string>2016-10-18 09:13:25 8 97 40 20 32 25 32 0 3 60</string>
    <string>2016-10-18 09:13:26 9 121 40 31 36 25 36 0 3 60</string>
    <string>2016-10-18 09:13:26 10 102 40 22 41 25 41 0 4 60</string>
    <string>2016-10-18 09:13:27 11 126 40 33 45 25 45 0 4 60</string>
    <string>2016-10-18 09:13:27 12 107 40 25 50 25 50 0 5 60</string>
    <string>2016-10-18 09:13:28 13 93 40 18 54 25 54 0 5 60</string>
    <string>2016-10-18 09:13:28 14 74 40 9 59 25 59 0 6 60</string>
    <string>2016-10-18 09:13:29 15 136 40 38 64 25 64 0 6 60</string>
    <string>2016-10-18 09:13:29 16 80 40 12 68 25 68 0 7 60</string>
    <string>2016-10-18 09:13:30 17 61 40 3 73 25 73 0 7 60</string>
    <string>2016-10-18 09:13:30 18 85 40 14 77 25 77 0 8 60</string>
    <string>2016-10-18 09:13:31 19 66 40 6 82 25 82 0 8 60</string>
    <string>2016-10-18 09:13:31 20 132 40 36 86 25 86 0 9 60</string>
    <string>2016-10-18 09:13:32 21 113 40 27 91 25 91 0 9 60</string>
    <string>2016-10-18 09:13:32 22 95 40 19 96 25 96 0 10 60</string>
    <string>2016-10-18 09:13:33 23 119 40 30 100 25 100 0 10 60</string>
    <string>2016-10-18 09:13:33 24 100 40 21 105 25 105 0 11 60</string>
    <string>2016-10-18 09:13:34 25 124 40 32 109 25 109 0 11 60</string>
    <string>2016-10-18 09:13:34 26 105 40 24 114 25 114 0 12 60</string>
    <string>2016-10-18 09:13:35 27 91 40 17 118 25 118 0 12 60</string>
    <string>2016-10-18 09:13:35 28 73 40 9 123 25 123 0 13 60</string>
    <string>2016-10-18 09:13:36 29 134 40 37 128 25 128 0 13 60</string>
    <string>2016-10-18 09:13:36 30 78 40 11 132 25 132 0 14 60</string>
    <string>2016-10-18 09:13:37 31 139 40 39 137 25 137 0 14 60</string>
    <string>2016-10-18 09:13:37 32 83 40 13 141 25 141 0 15 60</string>
    <string>2016-10-18 09:13:38 33 65 40 5 146 25 146 0 15 60</string>
    <string>2016-10-18 09:13:38 34 126 40 33 151 25 151 0 16 60</string>
    <string>2016-10-18 09:13:39 35 112 40 27 155 25 155 0 16 60</string>
    <string>2016-10-18 09:13:39 36 93 40 18 160 25 160 0 17 60</string>
    <string>2016-10-18 09:13:40 37 117 40 29 164 25 164 0 17 60</string>
    <string>2016-10-18 09:13:40 38 127 40 34 169 25 169 0 18 60</string>
    <string>2016-10-18 09:13:41 39 71 40 8 173 25 173 0 18 60</string>
    <string>2016-10-18 09:13:41 40 132 40 36 178 25 178 0 19 60</string>
    <string>2016-10-18 09:13:42 41 76 40 10 182 25 182 0 19 60</string>
    <string>2016-10-18 09:13:42 42 138 40 39 187 25 187 0 20 60</string>
    <string>2016-10-18 09:13:43 43 119 40 30 192 25 192 0 20 60</string>
    <string>2016-10-18 09:13:43 44 105 40 23 196 25 196 0 21 60</string>
    <string>2016-10-18 09:13:44 45 86 40 15 201 25 201 0 21 60</string>
    <string>2016-10-18 09:13:44 46 110 40 26 205 25 205 0 22 60</string>
    <string>2016-10-18 09:13:45 47 91 40 17 210 25 210 0 22 60</string>
    <string>2016-10-18 09:13:45 48 115 40 28 214 25 214 0 23 60</string>
    <string>2016-10-18 09:13:50 50 97 40 20 219 25 219 0 23 60</string>
    <string>2016-10-18 09:13:50 50 97 40 20 219 25 219 0 23 60</string>
    <string>2016-10-18 09:13:51 51 88 40 16 224 25 224 0 24 60</string>
    <string>2016-10-18 09:13:51 52 70 40 7 229 25 229 0 24 60</string>
    <string>2016-10-18 09:13:52 53 94 40 18 233 25 233 0 25 60</string>
    <string>2016-10-18 09:13:52 54 75 40 10 238 25 238 0 25 60</string>
    <string>2016-10-18 09:13:53 55 99 40 21 242 25 242 0 26 60</string>
    <string>2016-10-18 09:13:53 56 80 40 12 247 25 247 0 26 60</string>
    <string>2016-10-18 09:13:54 57 62 40 4 252 25 252 0 27 60</string>
    <string>2016-10-18 09:13:54 58 128 40 34 256 25 256 0 27 60</string>
    <string>2016-10-18 09:13:55 59 109 40 25 261 25 261 0 28 60</string>
    <string>2016-10-18 09:13:55 60 133 40 36 265 25 265 0 28 60</string>
    <string>2016-10-18 09:13:56 61 114 40 28 270 25 270 0 29 60</string>
    <string>2016-10-18 09:13:56 62 138 40 39 274 25 274 0 29 60</string>
    <string>2016-10-18 09:13:57 63 120 40 30 279 25 279 0 30 60</string>
    <string>2016-10-18 09:13:57 64 101 40 22 284 25 284 0 30 60</string>
    <string>2016-10-18 09:13:58 65 87 40 15 288 25 288 0 31 60</string>
    <string>2016-10-18 09:13:58 66 68 40 6 293 25 293 0 31 60</string>
    <string>2016-10-18 09:13:59 67 92 40 18 297 25 297 0 32 60</string>
    <string>2016-10-18 09:13:59 68 73 40 9 302 25 302 0 32 60</string>
    <string>2016-10-18 09:14:00 69 97 40 20 306 25 306 0 33 60</string>
    <string>2016-10-18 09:14:00 70 79 40 11 311 25 311 0 33 60</string>
    <string>2016-10-18 09:14:01 71 60 40 3 316 25 316 0 34 60</string>
    <string>2016-10-18 09:14:01 72 126 40 33 320 25 320 0 34 60</string>
    <string>2016-10-18 09:14:02 73 107 40 25 325 25 325 0 35 60</string>
    <string>2016-10-18 09:14:02 74 131 40 36 329 25 329 0 35 60</string>
    <string>2016-10-18 09:14:03 75 112 40 27 334 25 334 0 36 60</string>
    <string>2016-10-18 09:14:03 76 136 40 38 338 25 338 0 36 60</string>
    <string>2016-10-18 09:14:04 77 118 40 29 343 25 343 0 37 60</string>
    <string>2016-10-18 09:14:04 78 99 40 21 348 25 348 0 37 60</string>
    <string>2016-10-18 09:14:05 79 85 40 14 352 25 352 0 38 60</string>
    <string>2016-10-18 09:14:05 80 66 40 6 357 25 357 0 38 60</string>
    <string>2016-10-18 09:14:06 81 90 40 17 361 25 361 0 39 60</string>
    <string>2016-10-18 09:14:06 82 71 40 8 366 25 366 0 39 60</string>
    <string>2016-10-18 09:14:07 83 95 40 19 370 25 370 0 40 60</string>
    <string>2016-10-18 09:14:07 84 77 40 11 375 25 375 0 40 60</string>
    <string>2016-10-18 09:14:08 85 138 40 39 380 25 380 0 41 60</string>
    <string>2016-10-18 09:14:08 86 124 40 32 384 25 384 0 41 60</string>
    <string>2016-10-18 09:14:09 87 105 40 24 389 25 389 0 42 60</string>
    <string>2016-10-18 09:14:09 88 129 40 35 393 25 393 0 42 60</string>
    <string>2016-10-18 09:14:10 89 111 40 26 398 25 398 0 43 60</string>
    <string>2016-10-18 09:14:10 90 135 40 37 402 25 402 0 43 60</string>
    <string>2016-10-18 09:14:11 91 116 40 29 407 25 407 0 44 60</string>
    <string>2016-10-18 09:14:11 92 97 40 20 412 25 412 0 44 60</string>
    <string>2016-10-18 09:14:12 93 83 40 13 416 25 416 0 45 60</string>
    <string>2016-10-18 09:14:12 94 64 40 5 421 25 421 0 45 60</string>
    <string>2016-10-18 09:14:13 95 88 40 16 425 25 425 0 46 60</string>
    <string>2016-10-18 09:14:13 96 70 40 7 430 25 430 0 46 60</string>
    <string>2016-10-18 09:14:14 97 131 40 36 435 25 435 0 47 60</string>
    <string>2016-10-18 09:14:14 98 75 40 10 439 25 439 0 47 60</string>
    <string>2016-10-18 09:14:15 99 136 40 38 444 25 444 0 48 60</string>
    <string>2016-10-18 09:14:15 100 122 40 31 448 25 448 0 48 60</string>
    <string>2016-10-18 09:14:16 101 103 40 23 453 25 453 0 49 60</string>
    <string>2016-10-18 09:14:16 102 127 40 34 457 25 457 0 49 60</string>
    <string>2016-10-18 09:14:17 103 109 40 25 462 25 462 0 50 60</string>
    <string>2016-10-18 09:14:17 104 90 40 17 467 25 467 0 50 60</string>
    <string>2016-10-18 09:14:18 105 114 40 28 471 25 471 0 51 60</string>
    <string>2016-10-18 09:14:18 106 95 40 19 476 25 476 0 51 60</string>
    <string>2016-10-18 09:14:19 107 81 40 13 480 25 480 0 52 60</string>
    <string>2016-10-18 09:14:19 108 129 40 35 485 25 485 0 52 60</string>
    <string>2016-10-18 09:14:20 109 131 40 35 489 25 489 0 53 60</string>
    <string>2016-10-18 09:14:20 110 112 40 27 494 25 494 0 53 60</string>
    <string>2016-10-18 09:14:21 111 136 40 38 498 25 498 0 54 60</string>
    <string>2016-10-18 09:14:21 112 117 40 29 503 25 503 0 54 60</string>
    <string>2016-10-18 09:14:22 113 103 40 23 507 25 507 0 55 60</string>
    <string>2016-10-18 09:14:22 114 85 40 14 512 25 512 0 55 60</string>
    <string>2016-10-18 09:14:23 115 109 40 25 516 25 516 0 56 60</string>
    <string>2016-10-18 09:14:23 116 90 40 17 521 25 521 0 56 60</string>
    <string>2016-10-18 09:14:24 117 71 40 8 526 25 526 0 57 60</string>
    <string>2016-10-18 09:14:24 118 95 40 19 530 25 530 0 57 60</string>
    <string>2016-10-18 09:14:25 119 77 40 10 535 25 535 0 58 60</string>
    <string>2016-10-18 09:14:25 120 62 40 4 539 25 539 0 58 60</string>
    <string>2016-10-18 09:14:26 121 124 40 32 544 25 544 0 59 60</string>
    <string>2016-10-18 09:14:26 122 63 40 4 549 25 549 0 59 60</string>
    <string>2016-10-18 09:14:27 123 129 40 35 553 25 553 1 0 60</string>
    <string>2016-10-18 09:14:27 124 110 40 26 558 25 558 1 0 60</string>
    <string>2016-10-18 09:14:28 125 134 40 37 562 25 562 1 1 60</string>
    <string>2016-10-18 09:14:28 126 116 40 28 567 25 567 1 1 60</string>
    <string>2016-10-18 09:14:29 127 101 40 22 571 25 571 1 2 60</string>
    <string>2016-10-18 09:14:29 128 83 40 13 576 25 576 1 2 60</string>
    <string>2016-10-18 09:14:30 129 102 40 22 581 25 581 1 3 60</string>
    <string>2016-10-18 09:14:30 130 88 40 16 585 25 585 1 3 60</string>
    <string>2016-10-18 09:14:31 131 69 40 7 590 25 590 1 4 60</string>
    <string>2016-10-18 09:14:31 132 93 40 18 594 25 594 1 4 60</string>
    <string>2016-10-18 09:14:32 133 75 40 10 599 25 599 1 5 60</string>
    <string>2016-10-18 09:14:32 134 61 40 3 603 25 603 1 5 60</string>
    <string>2016-10-18 09:14:33 135 122 40 31 608 25 608 1 6 60</string>
    <string>2016-10-18 09:14:33 136 61 40 3 613 25 613 1 6 60</string>
    <string>2016-10-18 09:14:34 137 127 40 34 617 25 617 1 7 60</string>
    <string>2016-10-18 09:14:34 138 109 40 25 622 25 622 1 7 60</string>
    <string>2016-10-18 09:14:35 139 132 40 36 626 25 626 1 8 60</string>
    <string>2016-10-18 09:14:35 140 114 40 28 631 25 631 1 8 60</string>
    <string>2016-10-18 09:14:36 141 87 40 15 635 25 635 1 9 60</string>
    <string>2016-10-18 09:14:36 142 68 40 6 640 25 640 1 9 60</string>
    <string>2016-10-18 09:14:37 143 134 40 37 644 25 644 1 10 60</string>
    <string>2016-10-18 09:14:37 144 115 40 28 649 25 649 1 10 60</string>
    <string>2016-10-18 09:14:38 145 135 40 37 654 25 654 1 11 60</string>
    <string>2016-10-18 09:14:38 146 120 40 31 658 25 658 1 11 60</string>
    <string>2016-10-18 09:14:39 147 102 40 22 663 25 663 1 12 60</string>
    <string>2016-10-18 09:14:39 148 126 40 33 667 25 667 1 12 60</string>
    <string>2016-10-18 09:14:40 149 107 40 24 672 25 672 1 13 60</string>
    <string>2016-10-18 09:14:40 150 88 40 16 677 25 677 1 13 60</string>
    <string>2016-10-18 09:14:41 151 74 40 9 681 25 681 1 14 60</string>
    <string>2016-10-18 09:14:41 152 94 40 18 686 25 686 1 14 60</string>
    <string>2016-10-18 09:14:42 153 79 40 12 690 25 690 1 15 60</string>
    <string>2016-10-18 09:14:42 154 61 40 3 695 25 695 1 15 60</string>
    <string>2016-10-18 09:14:43 155 85 40 14 699 25 699 1 16 60</string>
    <string>2016-10-18 09:14:43 156 66 40 6 704 25 704 1 16 60</string>
    <string>2016-10-18 09:14:44 157 127 40 34 709 25 709 1 17 60</string>
    <string>2016-10-18 09:14:44 158 113 40 27 713 25 713 1 17 60</string>
    <string>2016-10-18 09:14:45 159 133 40 36 718 25 718 1 18 60</string>
    <string>2016-10-18 09:14:45 160 118 40 30 722 25 722 1 18 60</string>
    <string>2016-10-18 09:14:46 161 100 40 21 727 25 727 1 19 60</string>
    <string>2016-10-18 09:14:46 162 124 40 32 731 25 731 1 19 60</string>
    <string>2016-10-18 09:14:47 163 105 40 24 736 25 736 1 20 60</string>
    <string>2016-10-18 09:14:47 164 86 40 15 741 25 741 1 20 60</string>
    <string>2016-10-18 09:14:48 165 72 40 8 745 25 745 1 21 60</string>
    <string>2016-10-18 09:14:48 166 92 40 17 750 25 750 1 21 60</string>
    <string>2016-10-18 09:14:49 167 78 40 11 754 25 754 1 22 60</string>
    <string>2016-10-18 09:14:49 168 139 40 39 759 25 759 1 22 60</string>
    <string>2016-10-18 09:14:50 169 83 40 13 763 25 763 1 23 60</string>
    <string>2016-10-18 09:14:50 170 64 40 5 768 25 768 1 23 60</string>
    <string>2016-10-18 09:14:51 171 126 40 33 773 25 773 1 24 60</string>
    <string>2016-10-18 09:14:51 172 111 40 26 777 25 777 1 24 60</string>
    <string>2016-10-18 09:14:52 173 131 40 36 782 25 782 1 25 60</string>
    <string>2016-10-18 09:14:52 174 117 40 29 786 25 786 1 25 60</string>
    <string>2016-10-18 09:14:53 175 98 40 20 791 25 791 1 26 60</string>
    <string>2016-10-18 09:14:53 176 122 40 31 795 25 795 1 26 60</string>
    <string>2016-10-18 09:14:54 177 103 40 23 800 25 800 1 27 60</string>
    <string>2016-10-18 09:14:54 178 85 40 14 805 25 805 1 27 60</string>
    <string>2016-10-18 09:14:55 179 70 40 8 809 25 809 1 28 60</string>
    <string>2016-10-18 09:14:55 180 90 40 17 814 25 814 1 28 60</string>
    <string>2016-10-18 09:14:56 181 76 40 10 818 25 818 1 29 60</string>
    <string>2016-10-18 09:14:56 182 137 40 38 823 25 823 1 29 60</string>
    <string>2016-10-18 09:14:57 183 118 40 30 828 25 828 1 30 60</string>
    <string>2016-10-18 09:14:57 184 62 40 4 832 25 832 1 30 60</string>
    <string>2016-10-18 09:14:58 185 124 40 32 837 25 837 1 31 60</string>
    <string>2016-10-18 09:14:58 186 109 40 26 841 25 841 1 31 60</string>
    <string>2016-10-18 09:14:59 187 129 40 35 846 25 846 1 32 60</string>
    <string>2016-10-18 09:14:59 188 115 40 28 850 25 850 1 32 60</string>
    <string>2016-10-18 09:15:00 189 96 40 19 855 25 855 1 33 60</string>
    <string>2016-10-18 09:15:00 190 77 40 11 860 25 860 1 33 60</string>
    <string>2016-10-18 09:15:01 191 101 40 22 864 25 864 1 34 60</string>
    <string>2016-10-18 09:15:01 192 83 40 13 869 25 869 1 34 60</string>
    <string>2016-10-18 09:15:02 193 69 40 7 873 25 873 1 35 60</string>
    <string>2016-10-18 09:15:02 194 88 40 16 878 25 878 1 35 60</string>
    <string>2016-10-18 09:15:03 195 74 40 9 882 25 882 1 36 60</string>
    <string>2016-10-18 09:15:03 196 135 40 38 887 25 887 1 36 60</string>
    <string>2016-10-18 09:15:04 197 117 40 29 892 25 892 1 37 60</string>
    <string>2016-10-18 09:15:04 198 61 40 3 896 25 896 1 37 60</string>
    <string>2016-10-18 09:15:05 199 122 40 31 901 25 901 1 38 60</string>
    <string>2016-10-18 09:15:05 200 108 40 25 905 25 905 1 38 60</string>
    <string>2016-10-18 09:15:06 201 127 40 34 910 25 910 1 39 60</string>
    <string>2016-10-18 09:15:06 202 113 40 27 914 25 914 1 39 60</string>
    <string>2016-10-18 09:15:07 203 94 40 19 919 25 919 1 40 60</string>
    <string>2016-10-18 09:15:07 204 76 40 10 924 25 924 1 40 60</string>
    <string>2016-10-18 09:15:08 205 100 40 21 928 25 928 1 41 60</string>
    <string>2016-10-18 09:15:08 206 81 40 12 933 25 933 1 41 60</string>
    <string>2016-10-18 09:15:09 207 67 40 6 937 25 937 1 42 60</string>
    <string>2016-10-18 09:15:09 208 86 40 15 942 25 942 1 42 60</string>
    <string>2016-10-18 09:15:10 209 72 40 8 946 25 946 1 43 60</string>
    <string>2016-10-18 09:15:10 210 133 40 37 951 25 951 1 43 60</string>
    <string>2016-10-18 09:15:11 211 115 40 28 956 25 956 1 44 60</string>
    <string>2016-10-18 09:15:11 212 139 40 39 960 25 960 1 44 60</string>
    <string>2016-10-18 09:15:12 213 120 40 31 965 25 965 1 45 60</string>
    <string>2016-10-18 09:15:12 214 106 40 24 969 25 969 1 45 60</string>
    <string>2016-10-18 09:15:13 215 125 40 33 974 25 974 1 46 60</string>
    <string>2016-10-18 09:15:13 216 111 40 26 978 25 978 1 46 60</string>
    <string>2016-10-18 09:15:14 217 93 40 18 983 25 983 1 47 60</string>
    <string>2016-10-18 09:15:14 218 74 40 9 988 25 988 1 47 60</string>
    <string>2016-10-18 09:15:15 219 98 40 20 992 25 992 1 48 60</string>
    <string>2016-10-18 09:15:15 220 79 40 12 997 25 997 1 48 60</string>
    <string>2016-10-18 09:15:16 221 65 40 5 1001 25 1001 1 49 60</string>
    <string>2016-10-18 09:15:16 222 84 40 14 1006 25 1006 1 49 60</string>
  </Results>
</ServerData>