<?xml version="1.0"?>
<ServerData xmlns:xsi="http://www.w3.org/2001/XMLSchema-instance" xmlns:xsd="http://www.w3.org/2001/XMLSchema">
  <Name>jfeoiwafj</Name>
  <Password>wjefoiw</Password>
  <Doctor>false</Doctor>
  <Messages />
  <Results>
    <string>2016-10-12 02:37:13 1 10 40 2 0 25 0 0 0 60</string>
    <string>2016-10-12 02:37:14 2 127 40 34 4 25 4 0 0 60</string>
    <string>2016-10-12 02:37:14 3 108 40 25 9 25 9 0 1 60</string>
    <string>2016-10-12 02:37:15 4 94 40 18 13 25 13 0 1 60</string>
    <string>2016-10-12 02:37:15 5 114 40 28 18 25 18 0 2 60</string>
    <string>2016-10-12 02:37:16 6 99 40 21 22 25 22 0 2 60</string>
    <string>2016-10-12 02:37:16 7 81 40 12 27 25 27 0 2 60</string>
    <string>2016-10-12 02:37:17 8 62 40 4 32 25 32 0 3 60</string>
    <string>2016-10-12 02:37:17 9 86 40 15 36 25 36 0 3 60</string>
    <string>2016-10-12 02:37:18 10 67 40 6 41 25 41 0 4 60</string>
    <string>2016-10-12 02:37:18 11 133 40 37 45 25 45 0 4 60</string>
    <string>2016-10-12 02:37:19 12 73 40 9 50 25 50 0 5 60</string>
    <string>2016-10-12 02:37:19 13 138 40 39 54 25 54 0 5 60</string>
    <string>2016-10-12 02:37:20 14 120 40 30 59 25 59 0 6 60</string>
    <string>2016-10-12 02:37:20 15 101 40 22 64 25 64 0 6 60</string>
    <string>2016-10-12 02:37:21 16 125 40 33 68 25 68 0 7 60</string>
    <string>2016-10-12 02:37:21 17 106 40 24 73 25 73 0 7 60</string>
    <string>2016-10-12 02:37:22 18 92 40 18 77 25 77 0 8 60</string>
    <string>2016-10-12 02:37:22 19 112 40 27 82 25 82 0 8 60</string>
    <string>2016-10-12 02:37:23 20 98 40 20 86 25 86 0 9 60</string>
    <string>2016-10-12 02:37:23 21 79 40 11 91 25 91 0 9 60</string>
    <string>2016-10-12 02:37:24 22 60 40 3 96 25 96 0 10 60</string>
    <string>2016-10-12 02:37:24 23 84 40 14 100 25 100 0 10 60</string>
    <string>2016-10-12 02:37:25 24 66 40 5 105 25 105 0 11 60</string>
    <string>2016-10-12 02:37:25 25 131 40 36 109 25 109 0 11 60</string>
    <string>2016-10-12 02:37:26 26 71 40 8 114 25 114 0 12 60</string>
    <string>2016-10-12 02:37:26 27 132 40 36 119 25 119 0 12 60</string>
    <string>2016-10-12 02:37:27 28 118 40 30 123 25 123 0 13 60</string>
    <string>2016-10-12 02:37:27 29 99 40 21 128 25 128 0 13 60</string>
    <string>2016-10-12 02:37:28 30 123 40 32 132 25 132 0 14 60</string>
    <string>2016-10-12 02:37:28 31 105 40 23 137 25 137 0 14 60</string>
    <string>2016-10-12 02:37:29 32 90 40 17 141 25 141 0 15 60</string>
    <string>2016-10-12 02:37:29 33 86 40 15 142 25 142 0 15 60</string>
    <string>2016-10-12 02:37:30 34 127 40 34 147 25 147 0 16 60</string>
    <string>2016-10-12 02:37:30 35 108 40 25 152 25 152 0 16 60</string>
    <string>2016-10-12 02:37:31 36 94 40 18 156 25 156 0 17 60</string>
    <string>2016-10-12 02:37:31 37 75 40 10 161 25 161 0 17 60</string>
    <string>2016-10-12 02:37:32 38 99 40 21 165 25 165 0 18 60</string>
    <string>2016-10-12 02:37:32 39 81 40 12 170 25 170 0 18 60</string>
    <string>2016-10-12 02:37:33 40 66 40 6 174 25 174 0 19 60</string>
    <string>2016-10-12 02:37:33 41 86 40 15 179 25 179 0 19 60</string>
    <string>2016-10-12 02:37:34 42 67 40 6 184 25 184 0 20 60</string>
    <string>2016-10-12 02:37:34 43 133 40 37 188 25 188 0 20 60</string>
    <string>2016-10-12 02:37:35 44 114 40 28 193 25 193 0 21 60</string>
    <string>2016-10-12 02:37:35 45 138 40 39 197 25 197 0 21 60</string>
    <string>2016-10-12 02:37:36 46 120 40 30 202 25 202 0 22 60</string>
    <string>2016-10-12 02:37:36 47 106 40 24 206 25 206 0 22 60</string>
    <string>2016-10-12 02:37:37 48 125 40 33 211 25 211 0 23 60</string>
    <string>2016-10-12 02:37:37 49 106 40 24 216 25 216 0 23 60</string>
    <string>2016-10-12 02:37:38 50 92 40 18 220 25 220 0 24 60</string>
    <string>2016-10-12 02:37:38 51 74 40 9 225 25 225 0 24 60</string>
    <string>2016-10-12 02:37:39 52 98 40 20 229 25 229 0 25 60</string>
    <string>2016-10-12 02:37:39 53 79 40 11 234 25 234 0 25 60</string>
    <string>2016-10-12 02:37:40 54 60 40 3 239 25 239 0 26 60</string>
    <string>2016-10-12 02:37:40 55 84 40 14 243 25 243 0 26 60</string>
    <string>2016-10-12 02:37:41 56 66 40 5 248 25 248 0 27 60</string>
    <string>2016-10-12 02:37:41 57 131 40 36 252 25 252 0 27 60</string>
    <string>2016-10-12 02:37:42 58 113 40 27 257 25 257 0 28 60</string>
    <string>2016-10-12 02:37:43 60 118 40 30 266 25 266 0 29 60</string>
    <string>2016-10-12 02:37:43 61 99 40 21 271 25 271 0 29 60</string>
    <string>2016-10-12 02:37:44 62 123 40 32 275 25 275 0 30 60</string>
    <string>2016-10-12 02:37:44 63 105 40 23 280 25 280 0 30 60</string>
    <string>2016-10-12 02:37:45 63 105 40 23 280 25 280 0 30 60</string>
    <string>2016-10-12 02:37:45 65 72 40 8 289 25 289 0 31 60</string>
    <string>2016-10-12 02:37:46 66 96 40 19 293 25 293 0 32 60</string>
    <string>2016-10-12 02:37:46 66 96 40 19 293 25 293 0 32 60</string>
    <string>2016-10-12 02:37:47 68 138 40 39 303 25 303 0 33 60</string>
    <string>2016-10-12 02:37:47 68 138 40 39 303 25 303 0 33 60</string>
    <string>2016-10-12 02:37:48 70 64 40 4 312 25 312 0 34 60</string>
    <string>2016-10-12 02:37:48 71 129 40 35 316 25 316 0 34 60</string>
    <string>2016-10-12 02:37:49 72 111 40 26 321 25 321 0 35 60</string>
    <string>2016-10-12 02:37:49 73 92 40 18 326 25 326 0 35 60</string>
    <string>2016-10-12 02:37:50 73 92 40 18 326 25 326 0 35 60</string>
    <string>2016-10-12 02:37:50 74 116 40 29 330 25 330 0 36 60</string>
    <string>2016-10-12 02:37:51 75 97 40 20 335 25 335 0 36 60</string>
    <string>2016-10-12 02:37:51 76 121 40 31 339 25 339 0 37 60</string>
    <string>2016-10-12 02:37:52 78 89 40 16 348 25 348 0 38 60</string>
    <string>2016-10-12 02:37:52 78 89 40 16 348 25 348 0 38 60</string>
    <string>2016-10-12 02:37:53 79 70 40 7 353 25 353 0 38 60</string>
    <string>2016-10-12 02:37:53 81 75 40 10 362 25 362 0 39 60</string>
    <string>2016-10-12 02:37:54 82 137 40 38 367 25 367 0 40 60</string>
    <string>2016-10-12 02:37:54 82 137 40 38 367 25 367 0 40 60</string>
    <string>2016-10-12 02:37:55 83 81 40 12 371 25 371 0 40 60</string>
    <string>2016-10-12 02:37:55 85 128 40 34 380 25 380 0 41 60</string>
    <string>2016-10-12 02:37:56 86 109 40 25 385 25 385 0 42 60</string>
    <string>2016-10-12 02:37:56 87 90 40 17 390 25 390 0 42 60</string>
    <string>2016-10-12 02:37:57 88 114 40 28 394 25 394 0 43 60</string>
    <string>2016-10-12 02:37:57 89 96 40 19 399 25 399 0 43 60</string>
    <string>2016-10-12 02:37:58 89 96 40 19 399 25 399 0 43 60</string>
    <string>2016-10-12 02:37:58 90 120 40 30 403 25 403 0 44 60</string>
    <string>2016-10-12 02:37:59 91 101 40 22 408 25 408 0 44 60</string>
    <string>2016-10-12 02:37:59 93 135 40 37 417 25 417 0 45 60</string>
    <string>2016-10-12 02:38:00 93 135 40 37 417 25 417 0 45 60</string>
    <string>2016-10-12 02:38:00 94 121 40 31 421 25 421 0 46 60</string>
    <string>2016-10-12 02:38:01 95 102 40 22 426 25 426 0 46 60</string>
    <string>2016-10-12 02:38:01 96 83 40 14 431 25 431 0 47 60</string>
    <string>2016-10-12 02:38:02 97 107 40 25 435 25 435 0 47 60</string>
    <string>2016-10-12 02:38:02 98 89 40 16 440 25 440 0 48 60</string>
    <string>2016-10-12 02:38:03 99 70 40 7 445 25 445 0 48 60</string>
    <string>2016-10-12 02:38:03 101 75 40 10 454 25 454 0 49 60</string>
    <string>2016-10-12 02:38:04 101 75 40 10 454 25 454 0 49 60</string>
    <string>2016-10-12 02:38:04 102 108 40 25 458 25 458 0 50 60</string>
    <string>2016-10-12 02:38:05 103 123 40 32 462 25 462 0 50 60</string>
    <string>2016-10-12 02:38:05 104 91 40 17 467 25 467 0 51 60</string>
    <string>2016-10-12 02:38:06 105 77 40 10 471 25 471 0 51 60</string>
    <string>2016-10-12 02:38:06 106 96 40 19 476 25 476 0 52 60</string>
    <string>2016-10-12 02:38:07 107 82 40 13 480 25 480 0 52 60</string>
    <string>2016-10-12 02:38:07 108 63 40 4 485 25 485 0 53 60</string>
    <string>2016-10-12 02:38:08 109 87 40 15 489 25 489 0 53 60</string>
    <string>2016-10-12 02:38:08 110 69 40 7 494 25 494 0 54 60</string>
    <string>2016-10-12 02:38:09 111 130 40 35 499 25 499 0 54 60</string>
    <string>2016-10-12 02:38:09 112 116 40 28 503 25 503 0 55 60</string>
    <string>2016-10-12 02:38:10 113 135 40 37 508 25 508 0 55 60</string>
    <string>2016-10-12 02:38:10 114 92 40 18 512 25 512 0 56 60</string>
    <string>2016-10-12 02:38:11 115 89 40 16 517 25 517 0 56 60</string>
    <string>2016-10-12 02:38:11 116 84 40 14 522 25 522 0 57 60</string>
    <string>2016-10-12 02:38:12 117 108 40 25 526 25 526 0 57 60</string>
    <string>2016-10-12 02:38:12 118 109 40 25 530 25 530 0 58 60</string>
    <string>2016-10-12 02:38:13 119 90 40 17 535 25 535 0 58 60</string>
    <string>2016-10-12 02:38:13 120 72 40 8 540 25 540 0 59 60</string>
    <string>2016-10-12 02:38:14 121 96 40 19 544 25 544 0 59 60</string>
    <string>2016-10-12 02:38:14 122 106 40 24 549 25 549 1 0 60</string>
    <string>2016-10-12 02:38:15 123 130 40 35 553 25 553 1 0 60</string>
    <string>2016-10-12 02:38:15 124 111 40 26 558 25 558 1 1 60</string>
    <string>2016-10-12 02:38:16 125 97 40 20 562 25 562 1 1 60</string>
    <string>2016-10-12 02:38:29 126 116 40 29 567 25 567 1 2 60</string>
    <string>2016-10-12 02:38:29 126 116 40 29 567 25 567 1 2 60</string>
    <string>2016-10-12 02:38:30 127 69 40 7 572 25 572 1 3 60</string>
    <string>2016-10-12 02:38:30 128 130 40 35 577 25 577 1 3 60</string>
    <string>2016-10-12 02:38:31 129 87 40 15 581 25 581 1 4 60</string>
    <string>2016-10-12 02:38:31 130 68 40 7 586 25 586 1 4 60</string>
    <string>2016-10-12 02:38:32 131 130 40 35 591 25 591 1 5 60</string>
    <string>2016-10-12 02:38:32 132 74 40 9 595 25 595 1 5 60</string>
    <string>2016-10-12 02:38:33 133 135 40 37 600 25 600 1 6 60</string>
    <string>2016-10-12 02:38:33 134 79 40 12 604 25 604 1 6 60</string>
    <string>2016-10-12 02:38:34 135 118 40 29 609 25 609 1 7 60</string>
    <string>2016-10-12 02:38:34 136 62 40 4 613 25 613 1 7 60</string>
    <string>2016-10-12 02:38:35 137 123 40 32 618 25 618 1 8 60</string>
    <string>2016-10-12 02:38:35 138 67 40 6 622 25 622 1 8 60</string>
    <string>2016-10-12 02:38:36 139 128 40 34 627 25 627 1 9 60</string>
    <string>2016-10-12 02:38:36 140 110 40 26 632 25 632 1 9 60</string>
    <string>2016-10-12 02:38:37 141 96 40 19 636 25 636 1 10 60</string>
    <string>2016-10-12 02:38:37 142 77 40 11 640 25 640 1 10 60</string>
    <string>2016-10-12 02:38:38 144 126 40 33 648 25 648 1 11 60</string>
    <string>2016-10-12 02:38:38 144 126 40 33 648 25 648 1 11 60</string>
    <string>2016-10-12 02:38:39 146 125 40 33 657 25 657 1 12 60</string>
    <string>2016-10-12 02:38:40 147 69 40 7 661 25 661 1 13 60</string>
    <string>2016-10-12 02:38:40 148 130 40 35 666 25 666 1 13 60</string>
    <string>2016-10-12 02:38:41 150 135 40 38 675 25 675 1 14 60</string>
    <string>2016-10-12 02:38:42 151 121 40 31 679 25 679 1 15 60</string>
    <string>2016-10-12 02:38:42 152 103 40 22 684 25 684 1 15 60</string>
    <string>2016-10-12 02:38:43 153 84 40 14 689 25 689 1 16 60</string>
    <string>2016-10-12 02:38:43 154 112 40 27 692 25 692 1 16 60</string>
    <string>2016-10-12 02:38:44 155 61 40 3 697 25 697 1 17 60</string>
    <string>2016-10-12 02:38:44 156 91 40 17 701 25 701 1 17 60</string>
  </Results>
</ServerData>