<?xml version="1.0"?>
<ServerData xmlns:xsi="http://www.w3.org/2001/XMLSchema-instance" xmlns:xsd="http://www.w3.org/2001/XMLSchema">
  <Name>jfeowafjioew</Name>
  <Password>fejwio</Password>
  <Doctor>false</Doctor>
  <Messages />
  <Results>
    <string>2016-10-12 01:46:37 2 65 40 5 4 25 4 0 0 60</string>
    <string>2016-10-12 01:46:37 2 65 40 5 4 25 4 0 0 60</string>
    <string>2016-10-12 01:46:38 3 75 40 10 9 25 9 0 1 60</string>
    <string>2016-10-12 01:46:38 4 92 40 18 13 25 13 0 1 60</string>
    <string>2016-10-12 01:46:39 5 81 40 12 17 25 17 0 1 60</string>
    <string>2016-10-12 01:46:39 6 66 40 6 21 25 21 0 2 60</string>
    <string>2016-10-12 01:46:40 7 86 40 15 26 25 26 0 3 60</string>
    <string>2016-10-12 01:46:40 8 80 40 12 31 25 31 0 3 60</string>
    <string>2016-10-12 01:46:41 9 104 40 23 35 25 35 0 3 60</string>
    <string>2016-10-12 01:46:41 10 86 40 15 40 25 40 0 4 60</string>
    <string>2016-10-12 01:46:42 11 67 40 6 45 25 45 0 4 60</string>
    <string>2016-10-12 01:46:42 12 89 40 16 48 25 48 0 5 60</string>
    <string>2016-10-12 01:46:43 13 121 40 31 52 25 52 0 5 60</string>
    <string>2016-10-12 01:46:43 14 89 40 16 57 25 57 0 6 60</string>
    <string>2016-10-12 01:46:44 15 75 40 10 61 25 61 0 6 60</string>
    <string>2016-10-12 01:46:44 16 72 40 8 66 25 66 0 7 60</string>
    <string>2016-10-12 01:46:45 17 133 40 37 71 25 71 0 7 60</string>
    <string>2016-10-12 01:46:45 18 77 40 11 75 25 75 0 8 60</string>
    <string>2016-10-12 01:46:46 19 88 40 15 80 25 80 0 9 60</string>
    <string>2016-10-12 01:46:46 20 111 40 27 84 25 84 0 9 60</string>
    <string>2016-10-12 01:46:47 21 93 40 18 89 25 89 0 9 60</string>
    <string>2016-10-12 01:46:47 22 79 40 11 93 25 93 0 10 60</string>
    <string>2016-10-12 01:46:48 23 60 40 3 98 25 98 0 10 60</string>
    <string>2016-10-12 01:46:48 24 79 40 12 103 25 103 0 11 60</string>
    <string>2016-10-12 01:46:49 25 65 40 5 107 25 107 0 11 60</string>
    <string>2016-10-12 01:46:49 26 127 40 34 112 25 112 0 12 60</string>
    <string>2016-10-12 01:46:50 27 71 40 8 116 25 116 0 12 60</string>
    <string>2016-10-12 01:46:50 28 81 40 12 121 25 121 0 13 60</string>
    <string>2016-10-12 01:46:51 29 62 40 4 126 25 126 0 13 60</string>
    <string>2016-10-12 01:46:51 30 86 40 15 130 25 130 0 14 60</string>
    <string>2016-10-12 01:46:52 31 67 40 6 135 25 135 0 14 60</string>
    <string>2016-10-12 01:46:52 32 133 40 37 139 25 139 0 15 60</string>
    <string>2016-10-12 01:46:53 33 73 40 9 144 25 144 0 15 60</string>
    <string>2016-10-12 01:46:53 34 67 40 6 149 25 149 0 16 60</string>
    <string>2016-10-12 01:46:54 35 91 40 17 153 25 153 0 16 60</string>
    <string>2016-10-12 01:46:54 36 72 40 8 158 25 158 0 17 60</string>
    <string>2016-10-12 01:46:55 37 138 40 39 162 25 162 0 17 60</string>
    <string>2016-10-12 01:46:55 38 135 40 37 167 25 167 0 18 60</string>
    <string>2016-10-12 01:46:56 39 79 40 12 171 25 171 0 18 60</string>
    <string>2016-10-12 01:46:56 40 60 40 3 176 25 176 0 19 60</string>
    <string>2016-10-12 01:46:57 41 126 40 33 180 25 180 0 19 60</string>
    <string>2016-10-12 01:46:57 42 94 40 19 185 25 185 0 20 60</string>
    <string>2016-10-12 01:46:58 43 80 40 12 189 25 189 0 20 60</string>
    <string>2016-10-12 01:46:58 44 128 40 34 194 25 194 0 21 60</string>
    <string>2016-10-12 01:46:59 45 114 40 28 198 25 198 0 21 60</string>
    <string>2016-10-12 01:46:59 46 134 40 37 203 25 203 0 22 60</string>
    <string>2016-10-12 01:47:00 47 115 40 28 208 25 208 0 22 60</string>
    <string>2016-10-12 01:47:00 48 101 40 22 212 25 212 0 23 60</string>
    <string>2016-10-12 01:47:01 49 82 40 13 217 25 217 0 23 60</string>
    <string>2016-10-12 01:47:01 50 106 40 24 221 25 221 0 24 60</string>
    <string>2016-10-12 01:47:02 51 88 40 15 226 25 226 0 24 60</string>
    <string>2016-10-12 01:47:02 52 120 40 31 231 25 231 0 25 60</string>
    <string>2016-10-12 01:47:03 53 106 40 24 235 25 235 0 25 60</string>
    <string>2016-10-12 01:47:03 54 87 40 15 240 25 240 0 26 60</string>
    <string>2016-10-12 01:47:04 55 111 40 26 244 25 244 0 26 60</string>
    <string>2016-10-12 01:47:04 56 93 40 18 249 25 249 0 27 60</string>
    <string>2016-10-12 01:47:05 57 74 40 9 254 25 254 0 27 60</string>
    <string>2016-10-12 01:47:05 58 98 40 20 258 25 258 0 28 60</string>
    <string>2016-10-12 01:47:06 59 79 40 12 263 25 263 0 28 60</string>
    <string>2016-10-12 01:47:06 60 74 40 9 268 25 268 0 29 60</string>
    <string>2016-10-12 01:47:07 61 126 40 33 272 25 272 0 29 60</string>
    <string>2016-10-12 01:47:07 62 63 40 4 276 25 276 0 30 60</string>
    <string>2016-10-12 01:47:08 63 125 40 33 281 25 281 0 30 60</string>
    <string>2016-10-12 01:47:08 64 69 40 7 285 25 285 0 31 60</string>
    <string>2016-10-12 01:47:09 65 79 40 11 290 25 290 0 31 60</string>
    <string>2016-10-12 01:47:09 66 118 40 30 294 25 294 0 32 60</string>
    <string>2016-10-12 01:47:10 67 128 40 34 299 25 299 0 32 60</string>
    <string>2016-10-12 01:47:10 68 72 40 8 303 25 303 0 33 60</string>
    <string>2016-10-12 01:47:11 69 134 40 37 308 25 308 0 33 60</string>
    <string>2016-10-12 01:47:11 70 115 40 28 313 25 313 0 34 60</string>
    <string>2016-10-12 01:47:12 71 88 40 16 317 25 317 0 34 60</string>
    <string>2016-10-12 01:47:12 72 98 40 20 322 25 322 0 35 60</string>
    <string>2016-10-12 01:47:13 73 86 40 15 326 25 326 0 35 60</string>
    <string>2016-10-12 01:47:13 74 139 40 39 330 25 330 0 36 60</string>
    <string>2016-10-12 01:47:14 75 104 40 23 334 25 334 0 36 60</string>
    <string>2016-10-12 01:47:14 76 86 40 15 338 25 338 0 37 60</string>
    <string>2016-10-12 01:47:15 77 134 40 37 343 25 343 0 37 60</string>
    <string>2016-10-12 01:47:15 78 107 40 24 347 25 347 0 38 60</string>
    <string>2016-10-12 01:47:16 79 88 40 16 352 25 352 0 38 60</string>
    <string>2016-10-12 01:47:16 80 74 40 9 356 25 356 0 39 60</string>
    <string>2016-10-12 01:47:17 81 122 40 31 361 25 361 0 39 60</string>
    <string>2016-10-12 01:47:17 82 108 40 25 365 25 365 0 40 60</string>
    <string>2016-10-12 01:47:18 83 76 40 10 370 25 370 0 40 60</string>
    <string>2016-10-12 01:47:18 84 102 40 22 375 25 375 0 41 60</string>
    <string>2016-10-12 01:47:19 85 74 40 9 379 25 379 0 41 60</string>
    <string>2016-10-12 01:47:19 86 127 40 34 383 25 383 0 42 60</string>
    <string>2016-10-12 01:47:20 87 108 40 25 388 25 388 0 42 60</string>
    <string>2016-10-12 01:47:20 88 90 40 17 393 25 393 0 43 60</string>
    <string>2016-10-12 01:47:21 89 114 40 28 397 25 397 0 43 60</string>
    <string>2016-10-12 01:47:21 90 95 40 19 402 25 402 0 44 60</string>
    <string>2016-10-12 01:47:22 91 81 40 12 406 25 406 0 44 60</string>
    <string>2016-10-12 01:47:22 92 62 40 4 411 25 411 0 45 60</string>
    <string>2016-10-12 01:47:23 93 86 40 15 415 25 415 0 45 60</string>
    <string>2016-10-12 01:47:23 94 68 40 6 420 25 420 0 46 60</string>
    <string>2016-10-12 01:47:24 95 129 40 35 425 25 425 0 46 60</string>
    <string>2016-10-12 01:47:24 96 86 40 15 429 25 429 0 47 60</string>
    <string>2016-10-12 01:47:25 97 74 40 9 433 25 433 0 47 60</string>
    <string>2016-10-12 01:47:25 98 136 40 38 438 25 438 0 48 60</string>
    <string>2016-10-12 01:47:26 99 66 40 5 443 25 443 0 48 60</string>
    <string>2016-10-12 01:47:26 100 90 40 16 447 25 447 0 49 60</string>
    <string>2016-10-12 01:47:27 101 71 40 8 452 25 452 0 49 60</string>
    <string>2016-10-12 01:47:27 102 95 40 19 456 25 456 0 50 60</string>
    <string>2016-10-12 01:47:28 103 76 40 10 461 25 461 0 50 60</string>
    <string>2016-10-12 01:47:28 104 62 40 4 465 25 465 0 51 60</string>
    <string>2016-10-12 01:47:29 105 123 40 32 470 25 470 0 51 60</string>
  </Results>
</ServerData>