<?xml version="1.0"?>
<ServerData xmlns:xsi="http://www.w3.org/2001/XMLSchema-instance" xmlns:xsd="http://www.w3.org/2001/XMLSchema">
  <Name>jfewoiajfioew</Name>
  <Password>fjeiwo</Password>
  <Doctor>false</Doctor>
  <Messages />
  <Results>
    <string>2016-10-12 11:34:33 1 0 0 0 0 30 0 0 0 0</string>
    <string>2016-10-12 11:34:33 2 0 0 0 0 30 0 0 0 0</string>
    <string>2016-10-12 11:34:34 3 0 0 0 0 30 0 0 0 0</string>
    <string>2016-10-12 11:34:34 4 0 0 0 0 30 0 0 0 0</string>
    <string>2016-10-12 11:34:35 5 0 0 0 0 30 0 0 0 0</string>
    <string>2016-10-12 11:34:35 6 0 0 0 0 30 0 0 0 0</string>
    <string>2016-10-12 11:34:36 7 0 0 0 0 30 0 0 0 0</string>
    <string>2016-10-12 11:34:36 8 0 0 0 0 30 0 0 0 0</string>
    <string>2016-10-12 11:34:37 9 0 0 0 0 30 0 0 0 0</string>
    <string>2016-10-12 11:34:37 10 0 0 0 0 30 0 0 0 0</string>
    <string>2016-10-12 11:34:38 11 0 0 0 0 30 0 0 0 0</string>
    <string>2016-10-12 11:34:38 12 0 0 0 0 30 0 0 0 0</string>
    <string>2016-10-12 11:34:39 13 0 0 0 0 30 0 0 0 0</string>
    <string>2016-10-12 11:34:39 14 0 0 0 0 30 0 0 0 0</string>
    <string>2016-10-12 11:34:40 15 0 0 0 0 30 0 0 0 0</string>
    <string>2016-10-12 11:34:40 16 0 0 0 0 30 0 0 0 0</string>
    <string>2016-10-12 11:34:41 17 0 0 0 0 30 0 0 0 0</string>
    <string>2016-10-12 11:34:41 18 0 0 0 0 30 0 0 0 0</string>
    <string>2016-10-12 11:34:42 19 0 0 0 0 30 0 0 0 0</string>
    <string>2016-10-12 11:34:42 20 0 0 0 0 30 0 0 0 0</string>
    <string>2016-10-12 11:34:43 21 0 0 0 0 30 0 0 0 0</string>
    <string>2016-10-12 11:34:43 22 0 0 0 0 30 0 0 0 0</string>
    <string>2016-10-12 11:34:44 23 0 0 0 0 30 0 0 0 0</string>
    <string>2016-10-12 11:34:44 24 0 0 0 0 30 0 0 0 0</string>
    <string>2016-10-12 11:34:45 25 0 34 121 0 30 0 0 0 0</string>
    <string>2016-10-12 11:34:45 26 0 34 121 0 30 0 0 0 15</string>
    <string>2016-10-12 11:34:46 27 0 34 121 0 30 0 0 1 30</string>
    <string>2016-10-12 11:34:46 28 0 34 121 0 30 0 0 1 30</string>
    <string>2016-10-12 11:34:47 29 0 34 121 0 30 0 0 2 30</string>
    <string>2016-10-12 11:34:47 30 0 32 114 0 30 0 0 2 30</string>
    <string>2016-10-12 11:34:48 31 0 32 114 0 30 0 0 3 30</string>
    <string>2016-10-12 11:34:48 32 0 32 114 0 30 0 0 3 30</string>
    <string>2016-10-12 11:34:49 33 0 32 114 0 30 0 0 4 30</string>
    <string>2016-10-12 11:34:49 34 0 25 89 0 30 0 0 4 30</string>
    <string>2016-10-12 11:34:50 35 0 25 89 0 30 0 0 5 30</string>
    <string>2016-10-12 11:34:50 36 0 25 89 0 30 0 0 5 30</string>
    <string>2016-10-12 11:34:51 37 0 25 89 0 30 0 0 6 30</string>
    <string>2016-10-12 11:34:51 38 0 21 75 0 30 0 0 6 30</string>
    <string>2016-10-12 11:34:52 39 0 21 75 0 30 0 0 7 30</string>
    <string>2016-10-12 11:34:52 40 0 21 75 0 30 0 0 7 30</string>
    <string>2016-10-12 11:34:53 41 0 21 75 0 30 0 0 8 30</string>
    <string>2016-10-12 11:34:53 42 0 21 75 0 30 0 0 8 30</string>
    <string>2016-10-12 11:34:54 43 0 18 64 0 30 1 0 9 30</string>
    <string>2016-10-12 11:34:54 44 0 18 64 0 30 1 0 9 30</string>
    <string>2016-10-12 11:34:55 45 0 18 64 0 30 1 0 10 30</string>
    <string>2016-10-12 11:34:55 46 0 18 64 0 30 1 0 10 30</string>
    <string>2016-10-12 11:34:56 47 0 45 160 0 30 1 0 11 30</string>
    <string>2016-10-12 11:34:56 48 0 45 160 0 30 1 0 11 30</string>
    <string>2016-10-12 11:34:57 49 0 45 160 0 30 1 0 12 30</string>
    <string>2016-10-12 11:34:57 50 0 45 160 0 30 1 0 12 30</string>
    <string>2016-10-12 11:34:58 51 0 45 160 0 30 1 0 13 30</string>
    <string>2016-10-12 11:34:58 52 0 67 238 0 30 1 0 13 30</string>
    <string>2016-10-12 11:34:59 53 0 67 238 0 30 1 0 14 30</string>
    <string>2016-10-12 11:34:59 54 0 67 238 0 30 1 0 14 30</string>
    <string>2016-10-12 11:35:00 55 0 67 238 0 30 1 0 15 30</string>
    <string>2016-10-12 11:35:00 56 0 78 277 0 30 1 0 15 30</string>
    <string>2016-10-12 11:35:01 57 0 78 277 0 30 1 0 16 30</string>
    <string>2016-10-12 11:35:01 58 0 78 277 0 30 1 0 16 30</string>
    <string>2016-10-12 11:35:02 59 0 78 277 0 30 2 0 17 30</string>
    <string>2016-10-12 11:35:02 60 0 93 330 0 30 2 0 17 30</string>
    <string>2016-10-12 11:35:03 61 0 93 330 0 30 2 0 18 30</string>
    <string>2016-10-12 11:35:03 62 0 93 330 0 30 2 0 18 30</string>
    <string>2016-10-12 11:35:04 63 0 93 330 0 30 2 0 19 30</string>
    <string>2016-10-12 11:35:04 64 0 161 572 1 30 2 0 19 30</string>
    <string>2016-10-12 11:35:05 65 0 161 572 1 30 2 0 20 30</string>
    <string>2016-10-12 11:35:05 66 0 161 572 1 30 2 0 20 30</string>
    <string>2016-10-12 11:35:06 67 0 161 572 1 30 2 0 21 30</string>
    <string>2016-10-12 11:35:06 68 0 199 706 1 30 2 0 21 30</string>
    <string>2016-10-12 11:35:07 69 0 199 706 1 30 2 0 22 30</string>
    <string>2016-10-12 11:35:07 70 0 199 706 1 30 2 0 22 30</string>
    <string>2016-10-12 11:35:08 71 0 199 706 1 30 2 0 23 30</string>
    <string>2016-10-12 11:35:08 72 0 199 706 1 30 2 0 23 30</string>
    <string>2016-10-12 11:35:09 73 0 199 706 1 30 2 0 24 30</string>
    <string>2016-10-12 11:35:09 74 0 199 706 2 30 2 0 24 30</string>
    <string>2016-10-12 11:35:10 75 0 199 706 2 30 3 0 25 30</string>
    <string>2016-10-12 11:35:10 76 0 199 706 2 30 3 0 25 30</string>
    <string>2016-10-12 11:35:11 77 0 199 706 2 30 3 0 26 30</string>
    <string>2016-10-12 11:35:11 78 0 199 706 2 30 3 0 26 30</string>
    <string>2016-10-12 11:35:12 79 0 199 706 2 30 3 0 27 30</string>
    <string>2016-10-12 11:35:12 80 0 199 706 2 30 3 0 27 30</string>
    <string>2016-10-12 11:35:13 81 0 197 699 2 30 3 0 28 30</string>
    <string>2016-10-12 11:35:13 82 0 197 699 2 30 3 0 28 30</string>
    <string>2016-10-12 11:35:14 83 0 197 699 2 30 3 0 29 30</string>
    <string>2016-10-12 11:35:14 84 0 197 699 3 30 3 0 29 30</string>
    <string>2016-10-12 11:35:15 85 0 193 685 3 30 3 0 30 30</string>
    <string>2016-10-12 11:35:15 86 0 193 685 3 30 3 0 30 30</string>
    <string>2016-10-12 11:35:16 87 0 193 685 3 30 3 0 31 30</string>
    <string>2016-10-12 11:35:16 88 0 193 685 3 30 3 0 31 30</string>
    <string>2016-10-12 11:35:17 89 0 190 675 3 30 3 0 32 30</string>
    <string>2016-10-12 11:35:17 90 0 190 675 3 30 3 0 32 30</string>
    <string>2016-10-12 11:35:18 91 0 190 675 3 30 3 0 33 30</string>
    <string>2016-10-12 11:35:18 92 0 190 675 3 30 3 0 33 30</string>
    <string>2016-10-12 11:35:19 93 0 186 660 3 30 4 0 34 30</string>
    <string>2016-10-12 11:35:19 94 0 186 660 3 30 4 0 34 30</string>
    <string>2016-10-12 11:35:20 95 0 186 660 4 30 4 0 35 30</string>
    <string>2016-10-12 11:35:20 96 0 186 660 4 30 4 0 35 30</string>
    <string>2016-10-12 11:35:21 97 0 183 650 4 30 4 0 36 30</string>
    <string>2016-10-12 11:35:21 98 0 183 650 4 30 4 0 36 30</string>
    <string>2016-10-12 11:35:22 99 0 183 650 4 30 4 0 37 30</string>
    <string>2016-10-12 11:35:22 100 0 183 650 4 30 4 0 37 30</string>
    <string>2016-10-12 11:35:23 101 0 179 635 4 30 4 0 38 30</string>
    <string>2016-10-12 11:35:23 102 0 179 635 4 30 4 0 38 30</string>
    <string>2016-10-12 11:35:24 103 0 179 635 4 30 4 0 39 30</string>
    <string>2016-10-12 11:35:24 104 0 179 635 4 30 4 0 39 30</string>
    <string>2016-10-12 11:35:25 105 0 176 625 4 30 4 0 40 30</string>
    <string>2016-10-12 11:35:25 106 0 176 625 5 35 4 0 40 35</string>
    <string>2016-10-12 11:35:26 107 0 176 625 5 50 4 0 41 46</string>
    <string>2016-10-12 11:35:26 108 0 176 625 5 75 4 0 41 61</string>
    <string>2016-10-12 11:35:27 109 0 172 611 5 95 5 0 42 76</string>
    <string>2016-10-12 11:35:27 110 0 172 611 5 120 5 0 42 91</string>
    <string>2016-10-12 11:35:28 111 0 172 611 5 140 5 0 43 106</string>
    <string>2016-10-12 11:35:28 112 0 172 611 5 160 5 0 43 121</string>
    <string>2016-10-12 11:35:29 113 0 161 572 5 180 6 0 44 136</string>
    <string>2016-10-12 11:35:29 114 0 161 572 5 205 6 0 44 151</string>
    <string>2016-10-12 11:35:30 115 0 161 572 5 215 7 0 45 166</string>
    <string>2016-10-12 11:35:30 116 0 161 572 5 215 7 0 45 181</string>
    <string>2016-10-12 11:35:31 117 0 161 572 5 215 8 0 46 196</string>
    <string>2016-10-12 11:35:31 118 0 141 501 5 215 8 0 46 214</string>
    <string>2016-10-12 11:35:32 119 0 141 501 6 215 9 0 47 215</string>
    <string>2016-10-12 11:35:32 120 0 141 501 6 215 9 0 47 215</string>
    <string>2016-10-12 11:35:33 121 0 141 501 6 215 9 0 48 215</string>
    <string>2016-10-12 11:35:33 122 0 110 391 6 215 9 0 48 215</string>
    <string>2016-10-12 11:35:34 123 0 110 391 6 215 10 0 49 215</string>
    <string>2016-10-12 11:35:34 124 0 110 391 6 215 10 0 49 215</string>
    <string>2016-10-12 11:35:35 125 0 110 391 6 215 11 0 50 215</string>
    <string>2016-10-12 11:35:35 126 0 65 231 6 215 11 0 50 215</string>
    <string>2016-10-12 11:35:36 127 0 65 231 6 215 12 0 51 215</string>
    <string>2016-10-12 11:35:36 128 0 65 231 6 215 12 0 51 215</string>
    <string>2016-10-12 11:35:37 129 0 65 231 6 215 13 0 52 215</string>
    <string>2016-10-12 11:35:37 130 0 65 231 6 215 13 0 52 215</string>
    <string>2016-10-12 11:35:38 131 0 14 50 6 215 14 0 53 215</string>
    <string>2016-10-12 11:35:38 132 0 14 50 6 215 14 0 53 215</string>
    <string>2016-10-12 11:35:39 133 0 14 50 6 215 15 0 54 215</string>
    <string>2016-10-12 11:35:39 134 0 14 50 6 210 15 0 54 210</string>
    <string>2016-10-12 11:35:40 135 0 14 50 6 200 15 0 55 202</string>
    <string>2016-10-12 11:35:40 136 0 0 0 6 195 15 0 55 0</string>
    <string>2016-10-12 11:35:41 137 0 0 0 6 190 15 0 55 0</string>
    <string>2016-10-12 11:35:41 138 0 0 0 6 180 15 0 55 0</string>
    <string>2016-10-12 11:35:42 139 0 0 0 6 175 15 0 55 0</string>
    <string>2016-10-12 11:35:42 140 0 22 78 6 175 15 0 55 3</string>
    <string>2016-10-12 11:35:43 141 0 22 78 6 175 16 0 56 18</string>
    <string>2016-10-12 11:35:43 142 0 22 78 6 175 16 0 56 33</string>
    <string>2016-10-12 11:35:44 143 0 22 78 6 175 17 0 57 48</string>
    <string>2016-10-12 11:35:44 144 0 22 78 6 175 17 0 57 63</string>
    <string>2016-10-12 11:35:45 145 0 14 50 6 175 18 0 58 78</string>
    <string>2016-10-12 11:35:45 146 0 14 50 6 175 18 0 58 93</string>
    <string>2016-10-12 11:35:46 147 0 14 50 6 175 18 0 59 108</string>
    <string>2016-10-12 11:35:46 148 0 14 50 6 170 18 0 59 123</string>
    <string>2016-10-12 11:35:47 149 0 14 50 6 150 19 1 0 138</string>
    <string>2016-10-12 11:35:47 150 0 14 50 6 125 19 1 0 134</string>
    <string>2016-10-12 11:35:48 151 0 14 50 6 105 19 1 1 119</string>
    <string>2016-10-12 11:35:48 152 0 0 0 6 85 19 1 1 0</string>
    <string>2016-10-12 11:35:49 153 0 0 0 6 65 19 1 1 0</string>
    <string>2016-10-12 11:35:49 154 0 0 0 6 45 19 1 1 0</string>
    <string>2016-10-12 11:35:50 155 0 0 0 6 35 19 1 1 0</string>
    <string>2016-10-12 11:35:50 156 0 0 0 6 30 19 1 1 0</string>
    <string>2016-10-12 11:35:51 157 0 0 0 6 25 19 1 1 0</string>
    <string>2016-10-12 11:35:51 158 0 0 0 6 25 19 1 1 0</string>
    <string>2016-10-12 11:35:52 159 0 0 0 6 25 19 1 1 0</string>
    <string>2016-10-12 11:35:52 160 0 0 0 6 25 19 1 1 0</string>
    <string>2016-10-12 11:35:53 161 0 0 0 6 25 19 1 1 0</string>
    <string>2016-10-12 11:35:53 162 0 0 0 6 25 19 1 1 0</string>
    <string>2016-10-12 11:35:54 163 0 25 89 6 25 19 1 1 9</string>
    <string>2016-10-12 11:35:54 164 0 25 89 6 25 19 1 1 24</string>
    <string>2016-10-12 11:35:55 165 0 25 89 6 25 19 1 2 25</string>
    <string>2016-10-12 11:35:55 166 0 25 89 6 25 19 1 2 25</string>
    <string>2016-10-12 11:35:56 167 0 16 57 6 25 20 1 3 25</string>
    <string>2016-10-12 11:35:56 168 0 16 57 6 25 20 1 3 25</string>
    <string>2016-10-12 11:35:57 169 0 16 57 6 25 20 1 4 25</string>
    <string>2016-10-12 11:35:57 170 0 16 57 6 25 20 1 4 25</string>
    <string>2016-10-12 11:35:58 171 0 16 57 6 25 20 1 5 25</string>
    <string>2016-10-12 11:35:58 172 0 15 53 6 25 20 1 5 25</string>
    <string>2016-10-12 11:35:59 173 0 15 53 6 25 20 1 6 25</string>
    <string>2016-10-12 11:35:59 174 0 15 53 6 25 20 1 6 25</string>
    <string>2016-10-12 11:36:00 175 0 15 53 6 25 20 1 7 25</string>
    <string>2016-10-12 11:36:00 176 0 31 110 6 25 20 1 7 25</string>
    <string>2016-10-12 11:36:01 177 0 31 110 6 25 20 1 8 25</string>
    <string>2016-10-12 11:36:01 178 0 31 110 6 25 20 1 8 25</string>
    <string>2016-10-12 11:36:02 179 0 31 110 6 25 20 1 9 25</string>
    <string>2016-10-12 11:36:02 180 0 29 103 6 25 20 1 10 25</string>
    <string>2016-10-12 11:36:03 180 0 29 103 6 25 20 1 10 25</string>
    <string>2016-10-12 11:36:03 182 0 29 103 6 25 20 1 11 25</string>
    <string>2016-10-12 11:36:04 183 0 29 103 6 25 20 1 11 25</string>
    <string>2016-10-12 11:36:04 184 0 29 103 6 25 20 1 12 25</string>
    <string>2016-10-12 11:36:05 184 0 29 103 6 25 20 1 12 25</string>
    <string>2016-10-12 11:36:05 186 0 27 96 6 25 20 1 13 25</string>
    <string>2016-10-12 11:36:06 187 0 27 96 6 25 21 1 13 25</string>
    <string>2016-10-12 11:36:06 188 0 27 96 6 25 21 1 14 25</string>
    <string>2016-10-12 11:36:07 189 0 28 99 6 25 21 1 14 25</string>
    <string>2016-10-12 11:36:07 190 0 28 99 6 25 21 1 15 25</string>
    <string>2016-10-12 11:36:08 191 0 28 99 6 25 21 1 15 25</string>
    <string>2016-10-12 11:36:08 192 0 28 99 6 25 21 1 16 25</string>
    <string>2016-10-12 11:36:09 193 0 36 128 6 25 21 1 16 25</string>
    <string>2016-10-12 11:36:09 194 0 36 128 6 25 21 1 17 25</string>
    <string>2016-10-12 11:36:10 195 0 36 128 6 25 21 1 17 25</string>
    <string>2016-10-12 11:36:10 196 0 36 128 6 25 21 1 18 25</string>
    <string>2016-10-12 11:36:11 196 0 36 128 6 25 21 1 18 25</string>
    <string>2016-10-12 11:36:11 198 0 37 131 6 25 21 1 19 25</string>
    <string>2016-10-12 11:36:12 198 0 37 131 6 25 21 1 19 25</string>
    <string>2016-10-12 11:36:12 200 0 37 131 7 25 21 1 20 25</string>
    <string>2016-10-12 11:36:13 200 0 37 131 7 25 21 1 20 25</string>
    <string>2016-10-12 11:36:13 202 0 40 142 7 25 21 1 21 25</string>
    <string>2016-10-12 11:36:14 202 0 40 142 7 25 21 1 21 25</string>
    <string>2016-10-12 11:36:14 204 0 40 142 7 25 21 1 22 25</string>
    <string>2016-10-12 11:36:15 204 0 40 142 7 25 21 1 22 25</string>
    <string>2016-10-12 11:36:15 205 0 40 142 7 25 21 1 22 25</string>
    <string>2016-10-12 11:36:16 206 0 40 142 7 25 21 1 23 25</string>
    <string>2016-10-12 11:36:16 207 0 40 142 7 25 22 1 23 25</string>
    <string>2016-10-12 11:36:17 208 0 40 142 7 25 22 1 24 25</string>
    <string>2016-10-12 11:36:17 209 0 40 142 7 25 22 1 24 25</string>
    <string>2016-10-12 11:36:18 210 0 40 142 7 25 22 1 25 25</string>
    <string>2016-10-12 11:36:18 211 0 40 142 7 25 22 1 25 25</string>
    <string>2016-10-12 11:36:19 212 0 40 142 7 25 22 1 26 25</string>
    <string>2016-10-12 11:36:19 213 0 40 142 7 25 22 1 26 25</string>
    <string>2016-10-12 11:36:20 214 0 42 149 7 25 22 1 27 25</string>
    <string>2016-10-12 11:36:20 215 0 42 149 7 25 22 1 27 25</string>
    <string>2016-10-12 11:36:21 216 0 42 149 7 25 22 1 28 25</string>
    <string>2016-10-12 11:36:21 217 0 42 149 7 25 22 1 28 25</string>
    <string>2016-10-12 11:36:22 218 0 48 170 7 25 22 1 29 25</string>
    <string>2016-10-12 11:36:22 219 0 48 170 7 25 22 1 29 25</string>
    <string>2016-10-12 11:36:23 220 0 48 170 7 25 22 1 30 25</string>
    <string>2016-10-12 11:36:23 221 0 48 170 7 25 22 1 30 25</string>
    <string>2016-10-12 11:36:24 222 0 49 174 7 25 22 1 31 25</string>
    <string>2016-10-12 11:36:24 223 0 49 174 7 25 22 1 31 25</string>
    <string>2016-10-12 11:36:25 224 0 49 174 7 25 22 1 32 25</string>
    <string>2016-10-12 11:36:25 225 0 49 174 7 25 22 1 32 25</string>
    <string>2016-10-12 11:36:26 226 0 51 181 7 25 23 1 33 25</string>
    <string>2016-10-12 11:36:26 227 0 51 181 7 25 23 1 33 25</string>
    <string>2016-10-12 11:36:27 228 0 51 181 7 25 23 1 34 25</string>
    <string>2016-10-12 11:36:27 229 0 51 181 7 25 23 1 34 25</string>
    <string>2016-10-12 11:36:28 230 0 59 209 7 25 23 1 35 25</string>
    <string>2016-10-12 11:36:28 231 0 59 209 7 25 23 1 35 25</string>
    <string>2016-10-12 11:36:29 232 0 59 209 7 25 23 1 36 25</string>
    <string>2016-10-12 11:36:29 233 0 59 209 7 25 23 1 36 25</string>
    <string>2016-10-12 11:36:30 234 0 59 209 7 25 23 1 37 25</string>
    <string>2016-10-12 11:36:30 235 0 64 227 7 25 23 1 37 25</string>
    <string>2016-10-12 11:36:31 236 0 64 227 7 25 23 1 38 25</string>
    <string>2016-10-12 11:36:31 237 0 64 227 7 25 23 1 38 25</string>
    <string>2016-10-12 11:36:32 238 0 64 227 7 25 23 1 39 25</string>
    <string>2016-10-12 11:36:32 239 0 75 266 7 25 23 1 39 25</string>
    <string>2016-10-12 11:36:33 240 0 75 266 8 25 23 1 40 25</string>
    <string>2016-10-12 11:36:33 241 0 75 266 8 25 23 1 40 25</string>
    <string>2016-10-12 11:36:34 242 0 75 266 8 25 23 1 41 25</string>
    <string>2016-10-12 11:36:34 243 0 92 327 8 25 23 1 41 25</string>
    <string>2016-10-12 11:36:35 244 0 92 327 8 25 23 1 42 25</string>
    <string>2016-10-12 11:36:35 245 0 92 327 8 25 23 1 42 25</string>
    <string>2016-10-12 11:36:36 246 0 92 327 8 25 24 1 43 25</string>
    <string>2016-10-12 11:36:36 247 0 133 472 8 25 24 1 43 25</string>
    <string>2016-10-12 11:36:37 248 0 133 472 8 25 24 1 44 25</string>
    <string>2016-10-12 11:36:37 249 0 133 472 8 25 24 1 44 25</string>
    <string>2016-10-12 11:36:38 250 0 133 472 8 25 24 1 45 25</string>
    <string>2016-10-12 11:36:38 251 0 199 706 8 25 24 1 45 25</string>
    <string>2016-10-12 11:36:39 252 0 199 706 8 25 24 1 46 25</string>
    <string>2016-10-12 11:36:39 253 0 199 706 8 25 24 1 46 25</string>
    <string>2016-10-12 11:36:40 254 0 199 706 9 25 24 1 47 25</string>
    <string>2016-10-12 11:36:40 255 0 199 706 9 25 24 1 47 25</string>
    <string>2016-10-12 11:36:41 256 0 199 706 9 25 24 1 48 25</string>
    <string>2016-10-12 11:36:41 257 0 199 706 9 25 24 1 48 25</string>
    <string>2016-10-12 11:36:42 258 0 199 706 9 25 24 1 49 25</string>
    <string>2016-10-12 11:36:42 259 0 199 706 9 25 24 1 49 25</string>
    <string>2016-10-12 11:36:43 260 0 199 706 9 25 24 1 50 25</string>
    <string>2016-10-12 11:36:43 261 0 199 706 9 25 24 1 50 25</string>
    <string>2016-10-12 11:36:44 262 0 199 706 9 25 24 1 51 25</string>
    <string>2016-10-12 11:36:44 263 0 199 706 9 25 24 1 51 25</string>
    <string>2016-10-12 11:36:45 264 0 199 706 10 25 24 1 52 25</string>
    <string>2016-10-12 11:36:45 265 0 199 706 10 25 24 1 52 25</string>
    <string>2016-10-12 11:36:46 266 0 199 706 10 25 25 1 53 25</string>
    <string>2016-10-12 11:36:46 267 0 196 696 10 25 25 1 53 25</string>
    <string>2016-10-12 11:36:47 268 0 196 696 10 25 25 1 54 25</string>
    <string>2016-10-12 11:36:47 269 0 196 696 10 25 25 1 54 25</string>
    <string>2016-10-12 11:36:48 270 0 196 696 10 25 25 1 55 25</string>
    <string>2016-10-12 11:36:48 271 0 192 682 10 25 25 1 55 25</string>
    <string>2016-10-12 11:36:49 272 0 192 682 10 25 25 1 56 25</string>
    <string>2016-10-12 11:36:49 273 0 192 682 10 25 25 1 56 25</string>
    <string>2016-10-12 11:36:50 274 0 192 682 11 25 25 1 57 25</string>
    <string>2016-10-12 11:36:50 275 0 189 671 11 25 25 1 57 25</string>
    <string>2016-10-12 11:36:51 276 0 189 671 11 25 25 1 58 25</string>
    <string>2016-10-12 11:36:51 277 0 189 671 11 25 25 1 58 25</string>
    <string>2016-10-12 11:36:52 278 0 189 671 11 25 25 1 59 25</string>
    <string>2016-10-12 11:36:52 279 0 185 657 11 25 25 1 59 25</string>
    <string>2016-10-12 11:36:53 280 0 185 657 11 25 25 2 0 25</string>
    <string>2016-10-12 11:36:53 281 0 185 657 11 25 25 2 0 25</string>
    <string>2016-10-12 11:36:54 282 0 185 657 11 25 25 2 1 25</string>
    <string>2016-10-12 11:36:54 283 0 182 646 11 25 25 2 1 25</string>
    <string>2016-10-12 11:36:55 284 0 182 646 11 25 25 2 2 25</string>
    <string>2016-10-12 11:36:55 285 0 182 646 12 25 25 2 2 25</string>
    <string>2016-10-12 11:36:56 286 0 182 646 12 25 26 2 3 25</string>
    <string>2016-10-12 11:36:56 287 0 178 632 12 25 26 2 4 25</string>
    <string>2016-10-12 11:36:57 288 0 178 632 12 25 26 2 4 25</string>
    <string>2016-10-12 11:36:57 289 0 178 632 12 25 26 2 5 25</string>
    <string>2016-10-12 11:36:58 290 0 178 632 12 25 26 2 5 25</string>
    <string>2016-10-12 11:36:58 291 0 178 632 12 25 26 2 6 25</string>
    <string>2016-10-12 11:36:59 292 0 175 621 12 25 26 2 6 25</string>
    <string>2016-10-12 11:36:59 293 0 175 621 12 25 26 2 7 25</string>
    <string>2016-10-12 11:37:00 294 0 175 621 12 25 26 2 7 25</string>
    <string>2016-10-12 11:37:00 295 0 175 621 12 25 26 2 8 25</string>
    <string>2016-10-12 11:37:01 296 0 171 607 12 25 26 2 8 25</string>
    <string>2016-10-12 11:37:01 297 0 171 607 13 25 26 2 9 25</string>
    <string>2016-10-12 11:37:02 298 0 171 607 13 25 26 2 9 25</string>
    <string>2016-10-12 11:37:02 299 0 171 607 13 25 26 2 9 25</string>
    <string>2016-10-12 11:37:03 300 0 168 596 13 25 26 2 10 25</string>
    <string>2016-10-12 11:37:03 301 0 168 596 13 25 26 2 11 25</string>
    <string>2016-10-12 11:37:04 302 0 168 596 13 25 26 2 11 25</string>
    <string>2016-10-12 11:37:04 303 0 168 596 13 25 26 2 12 25</string>
    <string>2016-10-12 11:37:05 304 0 164 582 13 25 26 2 12 25</string>
    <string>2016-10-12 11:37:05 305 0 164 582 13 25 26 2 13 25</string>
    <string>2016-10-12 11:37:06 306 0 164 582 13 25 27 2 13 25</string>
    <string>2016-10-12 11:37:06 307 0 164 582 13 25 27 2 14 25</string>
    <string>2016-10-12 11:37:07 308 0 161 572 13 25 27 2 14 25</string>
    <string>2016-10-12 11:37:07 309 0 161 572 14 25 27 2 15 25</string>
    <string>2016-10-12 11:37:08 310 0 161 572 14 25 27 2 15 25</string>
    <string>2016-10-12 11:37:08 311 0 161 572 14 25 27 2 16 25</string>
    <string>2016-10-12 11:37:09 312 0 158 561 14 25 27 2 16 25</string>
    <string>2016-10-12 11:37:09 313 0 158 561 14 25 27 2 17 25</string>
    <string>2016-10-12 11:37:10 314 0 158 561 14 25 27 2 17 25</string>
    <string>2016-10-12 11:37:10 315 0 158 561 14 25 27 2 18 25</string>
    <string>2016-10-12 11:37:11 316 0 155 550 14 25 27 2 18 25</string>
    <string>2016-10-12 11:37:11 317 0 155 550 14 25 27 2 19 25</string>
    <string>2016-10-12 11:37:12 318 0 155 550 14 25 27 2 19 25</string>
    <string>2016-10-12 11:37:12 319 0 155 550 14 25 27 2 20 25</string>
    <string>2016-10-12 11:37:13 320 0 151 536 14 25 27 2 20 25</string>
    <string>2016-10-12 11:37:13 321 0 151 536 14 25 27 2 21 25</string>
    <string>2016-10-12 11:37:14 322 0 151 536 15 25 27 2 21 25</string>
    <string>2016-10-12 11:37:14 322 0 151 536 15 25 27 2 21 25</string>
    <string>2016-10-12 11:37:15 324 0 148 525 15 25 27 2 22 25</string>
    <string>2016-10-12 11:37:15 325 0 148 525 15 25 27 2 23 25</string>
    <string>2016-10-12 11:37:16 326 0 148 525 15 25 28 2 23 25</string>
    <string>2016-10-12 11:37:16 327 0 148 525 15 25 28 2 24 25</string>
    <string>2016-10-12 11:37:17 328 0 145 515 15 25 28 2 24 25</string>
    <string>2016-10-12 11:37:17 329 0 145 515 15 25 28 2 25 25</string>
    <string>2016-10-12 11:37:18 330 0 145 515 15 25 28 2 25 25</string>
    <string>2016-10-12 11:37:18 331 0 145 515 15 25 28 2 26 25</string>
    <string>2016-10-12 11:37:19 332 0 142 504 15 25 28 2 26 25</string>
    <string>2016-10-12 11:37:19 333 0 142 504 15 25 28 2 27 25</string>
    <string>2016-10-12 11:37:20 334 0 142 504 15 25 28 2 27 25</string>
    <string>2016-10-12 11:37:20 335 0 142 504 15 25 28 2 28 25</string>
    <string>2016-10-12 11:37:21 336 0 138 490 16 25 28 2 28 25</string>
    <string>2016-10-12 11:37:21 337 0 138 490 16 25 28 2 29 25</string>
    <string>2016-10-12 11:37:22 338 0 138 490 16 25 28 2 29 25</string>
    <string>2016-10-12 11:37:22 339 0 138 490 16 25 28 2 30 25</string>
    <string>2016-10-12 11:37:23 340 0 138 490 16 25 28 2 30 25</string>
    <string>2016-10-12 11:37:23 341 0 135 479 16 25 28 2 31 25</string>
    <string>2016-10-12 11:37:24 342 0 135 479 16 25 28 2 31 25</string>
    <string>2016-10-12 11:37:24 343 0 135 479 16 25 28 2 32 25</string>
    <string>2016-10-12 11:37:25 344 0 135 479 16 25 28 2 32 25</string>
    <string>2016-10-12 11:37:25 345 0 132 469 16 25 28 2 33 25</string>
    <string>2016-10-12 11:37:26 346 0 132 469 16 25 29 2 33 25</string>
    <string>2016-10-12 11:37:26 347 0 132 469 16 25 29 2 34 25</string>
    <string>2016-10-12 11:37:27 348 0 132 469 16 25 29 2 34 25</string>
    <string>2016-10-12 11:37:27 349 0 129 458 16 25 29 2 35 25</string>
    <string>2016-10-12 11:37:28 350 0 129 458 16 25 29 2 35 25</string>
    <string>2016-10-12 11:37:28 351 0 129 458 17 25 29 2 36 25</string>
    <string>2016-10-12 11:37:29 352 0 129 458 17 25 29 2 36 25</string>
    <string>2016-10-12 11:37:29 353 0 126 447 17 25 29 2 37 25</string>
    <string>2016-10-12 11:37:30 354 0 126 447 17 25 29 2 37 25</string>
    <string>2016-10-12 11:37:30 355 0 126 447 17 25 29 2 38 25</string>
    <string>2016-10-12 11:37:31 356 0 126 447 17 25 29 2 38 25</string>
    <string>2016-10-12 11:37:31 357 0 123 437 17 25 29 2 39 25</string>
    <string>2016-10-12 11:37:32 358 0 123 437 17 25 29 2 39 25</string>
    <string>2016-10-12 11:37:32 359 0 123 437 17 25 29 2 40 25</string>
    <string>2016-10-12 11:37:33 360 0 123 437 17 25 29 2 40 25</string>
    <string>2016-10-12 11:37:33 360 0 123 437 17 25 29 2 40 25</string>
    <string>2016-10-12 11:37:34 362 0 120 426 17 25 29 2 41 25</string>
    <string>2016-10-12 11:37:34 362 0 120 426 17 25 29 2 41 25</string>
    <string>2016-10-12 11:37:35 363 0 120 426 17 25 29 2 42 25</string>
    <string>2016-10-12 11:37:35 365 0 117 415 17 25 29 2 43 25</string>
    <string>2016-10-12 11:37:36 366 0 117 415 17 25 30 2 43 25</string>
    <string>2016-10-12 11:37:36 367 0 117 415 17 25 30 2 44 25</string>
    <string>2016-10-12 11:37:37 368 0 117 415 18 25 30 2 44 25</string>
    <string>2016-10-12 11:37:37 369 0 114 405 18 25 30 2 45 25</string>
    <string>2016-10-12 11:37:38 369 0 114 405 18 25 30 2 45 25</string>
    <string>2016-10-12 11:37:38 371 0 114 405 18 25 30 2 46 25</string>
    <string>2016-10-12 11:37:39 371 0 114 405 18 25 30 2 46 25</string>
    <string>2016-10-12 11:37:39 373 0 110 391 18 25 30 2 47 25</string>
    <string>2016-10-12 11:37:40 373 0 110 391 18 25 30 2 47 25</string>
    <string>2016-10-12 11:37:40 375 0 110 391 18 25 30 2 48 25</string>
    <string>2016-10-12 11:37:41 375 0 110 391 18 25 30 2 48 25</string>
    <string>2016-10-12 11:37:41 377 0 110 391 18 25 30 2 49 25</string>
    <string>2016-10-12 11:37:42 377 0 110 391 18 25 30 2 49 25</string>
    <string>2016-10-12 11:37:42 379 0 107 380 18 25 30 2 50 25</string>
    <string>2016-10-12 11:37:43 379 0 107 380 18 25 30 2 50 25</string>
    <string>2016-10-12 11:37:43 380 0 107 380 18 25 30 2 50 25</string>
    <string>2016-10-12 11:37:44 381 0 107 380 18 25 30 2 51 25</string>
    <string>2016-10-12 11:37:44 382 0 103 366 18 25 30 2 51 25</string>
    <string>2016-10-12 11:37:45 383 0 103 366 18 25 30 2 52 25</string>
    <string>2016-10-12 11:37:45 384 0 103 366 18 25 30 2 52 25</string>
    <string>2016-10-12 11:37:46 385 0 103 366 18 25 31 2 53 25</string>
    <string>2016-10-12 11:37:46 386 0 99 351 18 25 31 2 53 25</string>
    <string>2016-10-12 11:37:47 387 0 99 351 19 25 31 2 54 25</string>
    <string>2016-10-12 11:37:47 388 0 99 351 19 25 31 2 54 25</string>
    <string>2016-10-12 11:37:48 389 0 99 351 19 25 31 2 55 25</string>
    <string>2016-10-12 11:37:48 390 0 94 334 19 25 31 2 55 25</string>
    <string>2016-10-12 11:37:49 391 0 94 334 19 25 31 2 56 25</string>
    <string>2016-10-12 11:37:49 392 0 94 334 19 25 31 2 56 25</string>
    <string>2016-10-12 11:37:50 393 0 94 334 19 25 31 2 57 25</string>
    <string>2016-10-12 11:37:50 394 0 89 316 19 25 31 2 57 25</string>
    <string>2016-10-12 11:37:51 395 0 89 316 19 25 31 2 58 25</string>
    <string>2016-10-12 11:37:51 396 0 89 316 19 25 31 2 58 25</string>
    <string>2016-10-12 11:37:52 397 0 89 316 19 25 31 2 59 25</string>
    <string>2016-10-12 11:37:52 398 0 89 316 19 25 31 2 59 25</string>
    <string>2016-10-12 11:37:53 399 0 84 298 19 25 31 3 0 25</string>
    <string>2016-10-12 11:37:53 400 0 84 298 19 25 31 3 0 25</string>
    <string>2016-10-12 11:37:54 401 0 84 298 19 25 31 3 1 25</string>
    <string>2016-10-12 11:37:54 402 0 84 298 19 25 31 3 1 25</string>
    <string>2016-10-12 11:37:55 403 0 78 277 19 25 31 3 2 25</string>
    <string>2016-10-12 11:37:55 404 0 78 277 19 25 31 3 2 25</string>
    <string>2016-10-12 11:37:56 405 0 78 277 19 25 32 3 3 25</string>
    <string>2016-10-12 11:37:56 406 0 78 277 19 25 32 3 3 25</string>
    <string>2016-10-12 11:37:57 407 0 72 256 19 25 32 3 4 25</string>
    <string>2016-10-12 11:37:57 408 0 72 256 19 25 32 3 4 25</string>
    <string>2016-10-12 11:37:58 409 0 72 256 19 25 32 3 5 25</string>
    <string>2016-10-12 11:37:58 410 0 72 256 19 25 32 3 5 25</string>
    <string>2016-10-12 11:37:59 411 0 66 234 19 25 32 3 6 25</string>
    <string>2016-10-12 11:37:59 412 0 66 234 20 25 32 3 6 25</string>
    <string>2016-10-12 11:38:00 413 0 66 234 20 25 32 3 7 25</string>
    <string>2016-10-12 11:38:00 414 0 66 234 20 25 32 3 7 25</string>
    <string>2016-10-12 11:38:01 415 0 59 209 20 25 32 3 8 25</string>
    <string>2016-10-12 11:38:01 416 0 59 209 20 25 32 3 8 25</string>
    <string>2016-10-12 11:38:02 417 0 59 209 20 25 32 3 9 25</string>
    <string>2016-10-12 11:38:02 418 0 59 209 20 25 32 3 9 25</string>
    <string>2016-10-12 11:38:03 419 0 50 178 20 25 32 3 10 25</string>
    <string>2016-10-12 11:38:03 420 0 50 178 20 25 32 3 10 25</string>
    <string>2016-10-12 11:38:04 421 0 50 178 20 25 32 3 11 25</string>
    <string>2016-10-12 11:38:04 422 0 50 178 20 25 32 3 11 25</string>
    <string>2016-10-12 11:38:05 423 0 40 142 20 25 32 3 12 25</string>
    <string>2016-10-12 11:38:05 424 0 40 142 20 25 32 3 12 25</string>
    <string>2016-10-12 11:38:06 425 0 40 142 20 25 33 3 13 25</string>
  </Results>
</ServerData>