<?xml version="1.0"?>
<ServerData xmlns:xsi="http://www.w3.org/2001/XMLSchema-instance" xmlns:xsd="http://www.w3.org/2001/XMLSchema">
  <Name>jfewioajfoiweaifo</Name>
  <Password>fjeiwo</Password>
  <Doctor>false</Doctor>
  <Messages />
  <Results>
    <string>2016-10-12 01:22:09 1 10 40 2 0 25 0 0 0 60</string>
    <string>2016-10-12 01:22:09 2 109 40 26 4 25 4 0 0 60</string>
    <string>2016-10-12 01:22:10 3 91 40 17 9 25 9 0 0 60</string>
    <string>2016-10-12 01:22:10 4 115 40 28 13 25 13 0 1 60</string>
    <string>2016-10-12 01:22:11 5 96 40 19 18 25 18 0 1 60</string>
    <string>2016-10-12 01:22:11 6 120 40 31 22 25 22 0 2 60</string>
    <string>2016-10-12 01:22:12 7 101 40 22 27 25 27 0 2 60</string>
    <string>2016-10-12 01:22:12 8 83 40 13 32 25 32 0 3 60</string>
    <string>2016-10-12 01:22:13 9 69 40 7 36 25 36 0 3 60</string>
    <string>2016-10-12 01:22:13 10 130 40 35 41 25 41 0 4 60</string>
    <string>2016-10-12 01:22:14 11 74 40 9 45 25 45 0 4 60</string>
    <string>2016-10-12 01:22:14 12 135 40 38 50 25 50 0 5 60</string>
    <string>2016-10-12 01:22:15 13 117 40 29 55 25 55 0 5 60</string>
    <string>2016-10-12 01:22:15 14 61 40 3 59 25 59 0 6 60</string>
    <string>2016-10-12 01:22:16 15 122 40 31 64 25 64 0 6 60</string>
    <string>2016-10-12 01:22:16 16 108 40 25 68 25 68 0 7 60</string>
    <string>2016-10-12 01:22:17 17 89 40 16 73 25 73 0 7 60</string>
    <string>2016-10-12 01:22:17 18 113 40 27 77 25 77 0 8 60</string>
    <string>2016-10-12 01:22:18 19 94 40 19 82 25 82 0 8 60</string>
    <string>2016-10-12 01:22:18 20 76 40 10 87 25 87 0 9 60</string>
    <string>2016-10-12 01:22:19 21 100 40 21 91 25 91 0 9 60</string>
    <string>2016-10-12 01:22:19 22 81 40 12 96 25 96 0 10 60</string>
    <string>2016-10-12 01:22:20 23 67 40 6 100 25 100 0 10 60</string>
    <string>2016-10-12 01:22:20 24 128 40 34 105 25 105 0 11 60</string>
    <string>2016-10-12 01:22:21 25 72 40 8 109 25 109 0 11 60</string>
    <string>2016-10-12 01:22:21 26 133 40 37 114 25 114 0 12 60</string>
    <string>2016-10-12 01:22:22 27 115 40 28 119 25 119 0 12 60</string>
    <string>2016-10-12 01:22:22 28 139 40 39 123 25 123 0 13 60</string>
    <string>2016-10-12 01:22:23 29 120 40 30 128 25 128 0 13 60</string>
    <string>2016-10-12 01:22:23 30 106 40 24 132 25 132 0 14 60</string>
    <string>2016-10-12 01:22:24 31 87 40 15 137 25 137 0 14 60</string>
    <string>2016-10-12 01:22:24 32 107 40 24 142 25 142 0 15 60</string>
    <string>2016-10-12 01:22:25 33 92 40 18 146 25 146 0 15 60</string>
    <string>2016-10-12 01:22:25 34 74 40 9 151 25 151 0 16 60</string>
    <string>2016-10-12 01:22:26 35 126 40 33 155 25 155 0 16 60</string>
    <string>2016-10-12 01:22:26 36 108 40 25 160 25 160 0 17 60</string>
    <string>2016-10-12 01:22:27 37 132 40 36 164 25 164 0 17 60</string>
    <string>2016-10-12 01:22:27 38 113 40 27 169 25 169 0 18 60</string>
    <string>2016-10-12 01:22:28 39 99 40 21 173 25 173 0 18 60</string>
    <string>2016-10-12 01:22:28 40 80 40 12 178 25 178 0 19 60</string>
    <string>2016-10-12 01:22:29 41 100 40 21 183 25 183 0 19 60</string>
    <string>2016-10-12 01:22:29 42 86 40 15 187 25 187 0 20 60</string>
    <string>2016-10-12 01:22:30 43 67 40 6 192 25 192 0 20 60</string>
    <string>2016-10-12 01:22:30 44 91 40 17 196 25 196 0 21 60</string>
    <string>2016-10-12 01:22:31 45 72 40 8 201 25 201 0 21 60</string>
    <string>2016-10-12 01:22:31 46 134 40 37 206 25 206 0 22 60</string>
    <string>2016-10-12 01:22:32 47 119 40 30 210 25 210 0 22 60</string>
    <string>2016-10-12 01:22:32 48 139 40 39 215 25 215 0 23 60</string>
    <string>2016-10-12 01:22:33 49 125 40 33 219 25 219 0 23 60</string>
    <string>2016-10-12 01:22:33 50 106 40 24 224 25 224 0 24 60</string>
    <string>2016-10-12 01:22:34 51 130 40 35 228 25 228 0 24 60</string>
    <string>2016-10-12 01:22:34 52 111 40 26 233 25 233 0 25 60</string>
    <string>2016-10-12 01:22:35 53 93 40 18 238 25 238 0 25 60</string>
    <string>2016-10-12 01:22:35 54 78 40 11 242 25 242 0 26 60</string>
    <string>2016-10-12 01:22:36 55 98 40 20 247 25 247 0 26 60</string>
    <string>2016-10-12 01:22:36 56 84 40 14 251 25 251 0 27 60</string>
    <string>2016-10-12 01:22:37 57 65 40 5 256 25 256 0 27 60</string>
    <string>2016-10-12 01:22:37 58 89 40 16 260 25 260 0 28 60</string>
    <string>2016-10-12 01:22:38 59 70 40 8 265 25 265 0 28 60</string>
    <string>2016-10-12 01:22:38 60 132 40 36 270 25 270 0 29 60</string>
    <string>2016-10-12 01:22:39 61 118 40 29 274 25 274 0 29 60</string>
    <string>2016-10-12 01:22:39 62 137 40 38 279 25 279 0 30 60</string>
    <string>2016-10-12 01:22:40 63 123 40 32 283 25 283 0 30 60</string>
    <string>2016-10-12 01:22:40 64 104 40 23 288 25 288 0 31 60</string>
    <string>2016-10-12 01:22:41 65 86 40 15 293 25 293 0 31 60</string>
    <string>2016-10-12 01:22:41 66 109 40 26 297 25 297 0 32 60</string>
    <string>2016-10-12 01:22:42 67 91 40 17 302 25 302 0 32 60</string>
    <string>2016-10-12 01:22:42 68 77 40 10 306 25 306 0 33 60</string>
    <string>2016-10-12 01:22:43 69 96 40 19 311 25 311 0 33 60</string>
    <string>2016-10-12 01:22:43 70 82 40 13 315 25 315 0 34 60</string>
    <string>2016-10-12 01:22:44 71 63 40 4 320 25 320 0 34 60</string>
    <string>2016-10-12 01:22:44 72 60 40 3 325 25 325 0 35 60</string>
    <string>2016-10-12 01:22:45 73 84 40 14 329 25 329 0 35 60</string>
    <string>2016-10-12 01:22:45 74 66 40 5 334 25 334 0 36 60</string>
    <string>2016-10-12 01:22:46 75 131 40 36 338 25 338 0 36 60</string>
    <string>2016-10-12 01:22:46 76 113 40 27 343 25 343 0 37 60</string>
    <string>2016-10-12 01:22:47 77 94 40 18 348 25 348 0 37 60</string>
    <string>2016-10-12 01:22:47 78 118 40 30 352 25 352 0 38 60</string>
    <string>2016-10-12 01:22:48 79 99 40 21 357 25 357 0 38 60</string>
    <string>2016-10-12 01:22:48 80 123 40 32 361 25 361 0 39 60</string>
    <string>2016-10-12 01:22:49 81 105 40 23 366 25 366 0 39 60</string>
    <string>2016-10-12 01:22:49 82 90 40 17 370 25 370 0 40 60</string>
    <string>2016-10-12 01:22:50 83 72 40 8 375 25 375 0 40 60</string>
    <string>2016-10-12 01:22:50 84 133 40 37 380 25 380 0 41 60</string>
    <string>2016-10-12 01:22:51 85 77 40 11 384 25 384 0 41 60</string>
    <string>2016-10-12 01:22:51 86 138 40 39 389 25 389 0 42 60</string>
    <string>2016-10-12 01:22:52 87 82 40 13 393 25 393 0 42 60</string>
    <string>2016-10-12 01:22:52 88 64 40 4 398 25 398 0 43 60</string>
    <string>2016-10-12 01:22:53 89 129 40 35 402 25 402 0 43 60</string>
    <string>2016-10-12 01:22:53 90 111 40 26 407 25 407 0 44 60</string>
    <string>2016-10-12 01:22:54 91 92 40 18 412 25 412 0 44 60</string>
    <string>2016-10-12 01:22:54 92 116 40 29 416 25 416 0 45 60</string>
    <string>2016-10-12 01:22:55 93 97 40 20 421 25 421 0 45 60</string>
    <string>2016-10-12 01:22:55 94 121 40 31 425 25 425 0 46 60</string>
    <string>2016-10-12 01:22:56 95 103 40 23 430 25 430 0 46 60</string>
    <string>2016-10-12 01:22:56 96 84 40 14 435 25 435 0 47 60</string>
    <string>2016-10-12 01:22:57 97 70 40 7 439 25 439 0 47 60</string>
    <string>2016-10-12 01:22:57 98 131 40 36 444 25 444 0 48 60</string>
    <string>2016-10-12 01:22:58 99 75 40 10 448 25 448 0 48 60</string>
    <string>2016-10-12 01:22:58 100 137 40 38 453 25 453 0 49 60</string>
    <string>2016-10-12 01:22:59 101 81 40 12 457 25 457 0 49 60</string>
    <string>2016-10-12 01:22:59 102 62 40 4 462 25 462 0 50 60</string>
    <string>2016-10-12 01:23:00 103 115 40 28 466 25 466 0 50 60</string>
    <string>2016-10-12 01:23:00 104 96 40 19 471 25 471 0 51 60</string>
    <string>2016-10-12 01:23:01 105 77 40 11 476 25 476 0 51 60</string>
    <string>2016-10-12 01:23:01 106 63 40 4 480 25 480 0 52 60</string>
    <string>2016-10-12 01:23:02 107 111 40 26 485 25 485 0 52 60</string>
    <string>2016-10-12 01:23:02 108 97 40 20 489 25 489 0 53 60</string>
    <string>2016-10-12 01:23:03 109 78 40 11 494 25 494 0 53 60</string>
    <string>2016-10-12 01:23:03 110 102 40 22 498 25 498 0 54 60</string>
    <string>2016-10-12 01:23:04 111 84 40 14 503 25 503 0 54 60</string>
    <string>2016-10-12 01:23:04 112 136 40 38 507 25 507 0 55 60</string>
    <string>2016-10-12 01:23:05 113 118 40 29 512 25 512 0 55 60</string>
    <string>2016-10-12 01:23:05 114 90 40 17 516 25 516 0 56 60</string>
  </Results>
</ServerData>