<?xml version="1.0"?>
<ServerData xmlns:xsi="http://www.w3.org/2001/XMLSchema-instance" xmlns:xsd="http://www.w3.org/2001/XMLSchema">
  <Name>jfewoiafjoiew</Name>
  <Password>jfieow</Password>
  <Doctor>false</Doctor>
  <Messages />
  <Results>
    <string>2016-10-18 12:57:05 1 10 40 2 0 25 0 0 0 60</string>
    <string>2016-10-18 12:57:06 2 72 40 8 4 25 4 0 0 60</string>
    <string>2016-10-18 12:57:06 3 133 40 37 9 25 9 0 0 60</string>
    <string>2016-10-18 12:57:07 4 119 40 30 13 25 13 0 1 60</string>
    <string>2016-10-18 12:57:07 5 100 40 21 18 25 18 0 1 60</string>
    <string>2016-10-18 12:57:08 6 124 40 32 22 25 22 0 2 60</string>
    <string>2016-10-18 12:57:08 7 134 40 37 27 25 27 0 2 60</string>
    <string>2016-10-18 12:57:09 8 78 40 11 31 25 31 0 3 60</string>
    <string>2016-10-18 12:57:09 9 60 40 3 36 25 36 0 3 60</string>
    <string>2016-10-18 12:57:10 10 125 40 33 40 25 40 0 4 60</string>
    <string>2016-10-18 12:57:10 11 65 40 5 45 25 45 0 4 60</string>
    <string>2016-10-18 12:57:11 12 126 40 33 50 25 50 0 5 60</string>
    <string>2016-10-18 12:57:11 13 112 40 27 54 25 54 0 5 60</string>
    <string>2016-10-18 12:57:12 14 93 40 18 59 25 59 0 6 60</string>
    <string>2016-10-18 12:57:12 15 117 40 29 63 25 63 0 6 60</string>
    <string>2016-10-18 12:57:13 16 99 40 21 68 25 68 0 7 60</string>
    <string>2016-10-18 12:57:13 17 84 40 14 72 25 72 0 7 60</string>
    <string>2016-10-18 12:57:14 18 104 40 23 77 25 77 0 8 60</string>
    <string>2016-10-18 12:57:14 19 85 40 14 82 25 82 0 8 60</string>
    <string>2016-10-18 12:57:15 20 71 40 8 86 25 86 0 9 60</string>
    <string>2016-10-18 12:57:15 21 132 40 36 91 25 91 0 9 60</string>
    <string>2016-10-18 12:57:16 22 76 40 10 95 25 95 0 10 60</string>
    <string>2016-10-18 12:57:16 23 138 40 39 100 25 100 0 10 60</string>
    <string>2016-10-18 12:57:17 24 124 40 32 104 25 104 0 11 60</string>
    <string>2016-10-18 12:57:17 25 63 40 4 109 25 109 0 11 60</string>
    <string>2016-10-18 12:57:18 26 124 40 33 114 25 114 0 12 60</string>
    <string>2016-10-18 12:57:18 27 110 40 26 118 25 118 0 12 60</string>
    <string>2016-10-18 12:57:19 28 92 40 17 123 25 123 0 13 60</string>
    <string>2016-10-18 12:57:19 29 116 40 28 127 25 127 0 13 60</string>
    <string>2016-10-18 12:57:20 30 97 40 20 132 25 132 0 14 60</string>
    <string>2016-10-18 12:57:20 31 98 40 20 136 25 136 0 14 60</string>
    <string>2016-10-18 12:57:21 32 80 40 12 141 25 141 0 15 60</string>
    <string>2016-10-18 12:57:21 33 104 40 23 145 25 145 0 15 60</string>
    <string>2016-10-18 12:57:22 34 85 40 14 150 25 150 0 16 60</string>
    <string>2016-10-18 12:57:22 35 71 40 8 154 25 154 0 16 60</string>
    <string>2016-10-18 12:57:23 36 90 40 17 159 25 159 0 17 60</string>
    <string>2016-10-18 12:57:23 37 72 40 8 164 25 164 0 17 60</string>
    <string>2016-10-18 12:57:24 38 137 40 38 168 25 168 0 18 60</string>
    <string>2016-10-18 12:57:24 39 119 40 30 173 25 173 0 18 60</string>
    <string>2016-10-18 12:57:25 40 63 40 4 177 25 177 0 19 60</string>
    <string>2016-10-18 12:57:25 41 124 40 32 182 25 182 0 19 60</string>
    <string>2016-10-18 12:57:26 42 105 40 24 187 25 187 0 20 60</string>
    <string>2016-10-18 12:57:26 43 129 40 35 191 25 191 0 20 60</string>
    <string>2016-10-18 12:57:27 44 111 40 26 196 25 196 0 21 60</string>
    <string>2016-10-18 12:57:27 45 96 40 20 200 25 200 0 21 60</string>
    <string>2016-10-18 12:57:28 46 78 40 11 205 25 205 0 22 60</string>
    <string>2016-10-18 12:57:28 47 102 40 22 209 25 209 0 22 60</string>
    <string>2016-10-18 12:57:29 48 83 40 13 214 25 214 0 23 60</string>
    <string>2016-10-18 12:57:29 49 64 40 5 219 25 219 0 23 60</string>
    <string>2016-10-18 12:57:30 50 88 40 16 223 25 223 0 24 60</string>
    <string>2016-10-18 12:57:30 51 70 40 7 228 25 228 0 24 60</string>
    <string>2016-10-18 12:57:31 52 71 40 8 232 25 232 0 25 60</string>
    <string>2016-10-18 12:57:31 53 139 40 39 236 25 236 0 25 60</string>
    <string>2016-10-18 12:57:32 54 121 40 31 241 25 241 0 26 60</string>
    <string>2016-10-18 12:57:32 55 107 40 24 245 25 245 0 26 60</string>
    <string>2016-10-18 12:57:33 56 88 40 16 250 25 250 0 27 60</string>
    <string>2016-10-18 12:57:33 57 69 40 7 255 25 255 0 27 60</string>
    <string>2016-10-18 12:57:34 58 93 40 18 259 25 259 0 28 60</string>
    <string>2016-10-18 12:57:34 59 75 40 9 264 25 264 0 28 60</string>
    <string>2016-10-18 12:57:35 60 99 40 21 268 25 268 0 29 60</string>
    <string>2016-10-18 12:57:35 61 80 40 12 273 25 273 0 29 60</string>
    <string>2016-10-18 12:57:36 62 61 40 3 278 25 278 0 30 60</string>
    <string>2016-10-18 12:57:36 63 127 40 34 282 25 282 0 30 60</string>
    <string>2016-10-18 12:57:37 64 108 40 25 287 25 287 0 31 60</string>
    <string>2016-10-18 12:57:37 65 132 40 36 291 25 291 0 31 60</string>
    <string>2016-10-18 12:57:38 66 114 40 28 296 25 296 0 32 60</string>
    <string>2016-10-18 12:57:38 67 138 40 39 300 25 300 0 32 60</string>
    <string>2016-10-18 12:57:39 68 119 40 30 305 25 305 0 33 60</string>
    <string>2016-10-18 12:57:39 69 100 40 21 310 25 310 0 33 60</string>
    <string>2016-10-18 12:57:40 70 86 40 15 314 25 314 0 34 60</string>
    <string>2016-10-18 12:57:40 71 67 40 6 319 25 319 0 34 60</string>
    <string>2016-10-18 12:57:41 72 91 40 17 323 25 323 0 35 60</string>
    <string>2016-10-18 12:57:41 73 73 40 9 328 25 328 0 35 60</string>
    <string>2016-10-18 12:57:42 74 97 40 20 332 25 332 0 36 60</string>
    <string>2016-10-18 12:57:42 75 78 40 11 337 25 337 0 36 60</string>
    <string>2016-10-18 12:57:43 76 139 40 39 342 25 342 0 37 60</string>
    <string>2016-10-18 12:57:43 77 125 40 33 346 25 346 0 37 60</string>
    <string>2016-10-18 12:57:44 78 106 40 24 351 25 351 0 38 60</string>
    <string>2016-10-18 12:57:44 79 130 40 35 355 25 355 0 38 60</string>
    <string>2016-10-18 12:57:45 81 136 40 38 364 25 364 0 39 60</string>
    <string>2016-10-18 12:57:45 81 136 40 38 364 25 364 0 39 60</string>
    <string>2016-10-18 12:57:46 82 117 40 29 369 25 369 0 40 60</string>
    <string>2016-10-18 12:57:46 83 98 40 21 374 25 374 0 40 60</string>
    <string>2016-10-18 12:57:47 84 84 40 14 378 25 378 0 41 60</string>
    <string>2016-10-18 12:57:47 85 66 40 5 383 25 383 0 41 60</string>
    <string>2016-10-18 12:57:48 86 90 40 16 387 25 387 0 42 60</string>
    <string>2016-10-18 12:57:48 87 71 40 8 392 25 392 0 42 60</string>
    <string>2016-10-18 12:57:49 88 95 40 19 396 25 396 0 43 60</string>
    <string>2016-10-18 12:57:49 89 76 40 10 401 25 401 0 43 60</string>
    <string>2016-10-18 12:57:50 90 138 40 39 406 25 406 0 44 60</string>
    <string>2016-10-18 12:57:50 91 123 40 32 410 25 410 0 44 60</string>
    <string>2016-10-18 12:57:51 93 129 40 34 419 25 419 0 45 60</string>
    <string>2016-10-18 12:57:51 93 129 40 34 419 25 419 0 45 60</string>
    <string>2016-10-18 12:57:52 94 110 40 26 424 25 424 0 46 60</string>
    <string>2016-10-18 12:57:52 95 134 40 37 428 25 428 0 46 60</string>
    <string>2016-10-18 12:57:53 96 115 40 28 433 25 433 0 47 60</string>
    <string>2016-10-18 12:57:53 97 97 40 20 438 25 438 0 47 60</string>
    <string>2016-10-18 12:57:54 98 82 40 13 442 25 442 0 48 60</string>
    <string>2016-10-18 12:57:54 99 64 40 4 447 25 447 0 48 60</string>
    <string>2016-10-18 12:57:55 100 88 40 16 451 25 451 0 49 60</string>
    <string>2016-10-18 12:57:55 101 69 40 7 456 25 456 0 49 60</string>
    <string>2016-10-18 12:57:56 102 93 40 18 460 25 460 0 50 60</string>
    <string>2016-10-18 12:57:56 103 74 40 9 465 25 465 0 50 60</string>
    <string>2016-10-18 12:57:57 104 136 40 38 470 25 470 0 51 60</string>
    <string>2016-10-18 12:57:57 105 121 40 31 474 25 474 0 51 60</string>
    <string>2016-10-18 12:57:58 106 103 40 23 479 25 479 0 52 60</string>
    <string>2016-10-18 12:57:58 107 127 40 34 483 25 483 0 52 60</string>
    <string>2016-10-18 12:57:59 108 108 40 25 488 25 488 0 53 60</string>
    <string>2016-10-18 12:58:00 110 113 40 27 497 25 497 0 54 60</string>
    <string>2016-10-18 12:58:00 110 113 40 27 497 25 497 0 54 60</string>
    <string>2016-10-18 12:58:00 111 95 40 19 502 25 502 0 54 60</string>
    <string>2016-10-18 12:58:01 112 81 40 12 506 25 506 0 55 60</string>
    <string>2016-10-18 12:58:01 114 86 40 15 515 25 515 0 56 60</string>
    <string>2016-10-18 12:58:02 114 86 40 15 515 25 515 0 56 60</string>
    <string>2016-10-18 12:58:02 115 67 40 6 520 25 520 0 56 60</string>
    <string>2016-10-18 12:58:03 117 101 40 22 529 25 529 0 57 60</string>
    <string>2016-10-18 12:58:03 118 83 40 13 534 25 534 0 58 60</string>
    <string>2016-10-18 12:58:04 118 83 40 13 534 25 534 0 58 60</string>
    <string>2016-10-18 12:58:04 119 107 40 24 538 25 538 0 58 60</string>
    <string>2016-10-18 12:58:05 120 88 40 16 543 25 543 0 59 60</string>
    <string>2016-10-18 12:58:05 121 74 40 9 547 25 547 0 59 60</string>
    <string>2016-10-18 12:58:06 122 135 40 37 552 25 552 1 0 60</string>
    <string>2016-10-18 12:58:06 123 79 40 12 556 25 556 1 0 60</string>
    <string>2016-10-18 12:58:07 125 122 40 31 566 25 566 1 1 60</string>
    <string>2016-10-18 12:58:07 125 122 40 31 566 25 566 1 1 60</string>
    <string>2016-10-18 12:58:08 126 66 40 5 570 25 570 1 2 60</string>
    <string>2016-10-18 12:58:08 127 127 40 34 575 25 575 1 2 60</string>
    <string>2016-10-18 12:58:09 128 113 40 27 579 25 579 1 3 60</string>
    <string>2016-10-18 12:58:09 129 94 40 19 584 25 584 1 3 60</string>
    <string>2016-10-18 12:58:10 130 118 40 30 588 25 588 1 4 60</string>
    <string>2016-10-18 12:58:10 131 99 40 21 593 25 593 1 4 60</string>
    <string>2016-10-18 12:58:11 132 81 40 12 598 25 598 1 5 60</string>
    <string>2016-10-18 12:58:11 134 86 40 15 607 25 607 1 6 60</string>
    <string>2016-10-18 12:58:12 134 86 40 15 607 25 607 1 6 60</string>
    <string>2016-10-18 12:58:12 135 72 40 8 611 25 611 1 6 60</string>
    <string>2016-10-18 12:58:13 136 133 40 37 616 25 616 1 7 60</string>
    <string>2016-10-18 12:58:13 137 77 40 11 620 25 620 1 7 60</string>
    <string>2016-10-18 12:58:14 138 139 40 39 625 25 625 1 8 60</string>
    <string>2016-10-18 12:58:14 139 120 40 30 630 25 630 1 8 60</string>
    <string>2016-10-18 12:58:15 140 64 40 5 634 25 634 1 9 60</string>
    <string>2016-10-18 12:58:15 141 125 40 33 639 25 639 1 9 60</string>
    <string>2016-10-18 12:58:16 142 111 40 26 643 25 643 1 10 60</string>
    <string>2016-10-18 12:58:16 143 92 40 18 648 25 648 1 10 60</string>
    <string>2016-10-18 12:58:17 144 112 40 27 653 25 653 1 11 60</string>
    <string>2016-10-18 12:58:17 146 79 40 11 662 25 662 1 12 60</string>
    <string>2016-10-18 12:58:18 146 79 40 11 662 25 662 1 12 60</string>
    <string>2016-10-18 12:58:18 147 103 40 23 666 25 666 1 12 60</string>
    <string>2016-10-18 12:58:19 148 84 40 14 671 25 671 1 13 60</string>
    <string>2016-10-18 12:58:19 149 70 40 7 675 25 675 1 13 60</string>
    <string>2016-10-18 12:58:20 150 131 40 36 680 25 680 1 14 60</string>
    <string>2016-10-18 12:58:20 151 71 40 8 685 25 685 1 14 60</string>
    <string>2016-10-18 12:58:21 152 137 40 38 689 25 689 1 15 60</string>
    <string>2016-10-18 12:58:21 153 118 40 30 694 25 694 1 15 60</string>
    <string>2016-10-18 12:58:22 154 62 40 4 698 25 698 1 16 60</string>
    <string>2016-10-18 12:58:22 155 123 40 32 703 25 703 1 16 60</string>
    <string>2016-10-18 12:58:23 156 109 40 25 707 25 707 1 17 60</string>
    <string>2016-10-18 12:58:23 158 110 40 26 717 25 717 1 18 60</string>
    <string>2016-10-18 12:58:24 158 110 40 26 717 25 717 1 18 60</string>
    <string>2016-10-18 12:58:24 159 96 40 19 721 25 721 1 18 60</string>
    <string>2016-10-18 12:58:25 160 77 40 11 726 25 726 1 19 60</string>
    <string>2016-10-18 12:58:25 161 101 40 22 730 25 730 1 19 60</string>
    <string>2016-10-18 12:58:26 163 68 40 7 739 25 739 1 20 60</string>
    <string>2016-10-18 12:58:26 163 68 40 7 739 25 739 1 20 60</string>
    <string>2016-10-18 12:58:27 165 69 40 7 749 25 749 1 21 60</string>
    <string>2016-10-18 12:58:27 165 69 40 7 749 25 749 1 21 60</string>
    <string>2016-10-18 12:58:28 167 116 40 29 758 25 758 1 22 60</string>
    <string>2016-10-18 12:58:29 168 60 40 3 762 25 762 1 23 60</string>
    <string>2016-10-18 12:58:29 168 60 40 3 762 25 762 1 23 60</string>
    <string>2016-10-18 12:58:29 169 122 40 31 767 25 767 1 23 60</string>
    <string>2016-10-18 12:58:30 171 76 40 10 776 25 776 1 24 60</string>
    <string>2016-10-18 12:58:30 171 76 40 10 776 25 776 1 24 60</string>
    <string>2016-10-18 12:58:31 172 61 40 3 780 25 780 1 25 60</string>
    <string>2016-10-18 12:58:31 173 123 40 32 785 25 785 1 25 60</string>
    <string>2016-10-18 12:58:32 174 62 40 4 790 25 790 1 26 60</string>
    <string>2016-10-18 12:58:32 175 128 40 34 794 25 794 1 26 60</string>
    <string>2016-10-18 12:58:33 176 109 40 26 799 25 799 1 27 60</string>
    <string>2016-10-18 12:58:33 177 133 40 37 803 25 803 1 27 60</string>
    <string>2016-10-18 12:58:34 178 115 40 28 808 25 808 1 28 60</string>
    <string>2016-10-18 12:58:34 179 100 40 21 812 25 812 1 28 60</string>
    <string>2016-10-18 12:58:35 180 82 40 13 817 25 817 1 29 60</string>
    <string>2016-10-18 12:58:35 181 101 40 22 822 25 822 1 29 60</string>
    <string>2016-10-18 12:58:36 182 87 40 15 826 25 826 1 30 60</string>
    <string>2016-10-18 12:58:36 183 68 40 7 831 25 831 1 30 60</string>
    <string>2016-10-18 12:58:37 184 92 40 18 835 25 835 1 31 60</string>
    <string>2016-10-18 12:58:37 185 74 40 9 840 25 840 1 31 60</string>
    <string>2016-10-18 12:58:38 186 60 40 3 844 25 844 1 32 60</string>
    <string>2016-10-18 12:58:38 187 121 40 31 849 25 849 1 32 60</string>
    <string>2016-10-18 12:58:39 188 60 40 3 854 25 854 1 33 60</string>
    <string>2016-10-18 12:58:39 189 126 40 33 858 25 858 1 33 60</string>
  </Results>
</ServerData>