<?xml version="1.0"?>
<ServerData xmlns:xsi="http://www.w3.org/2001/XMLSchema-instance" xmlns:xsd="http://www.w3.org/2001/XMLSchema">
  <Name>jfiewjfoiewjf</Name>
  <Password>jfeiwo</Password>
  <Doctor>false</Doctor>
  <Messages />
  <Results>
    <string>2016-10-12 01:31:21 3 130 40 35 6 25 6 0 0 60</string>
    <string>2016-10-12 01:31:21 4 136 40 38 9 25 9 0 1 60</string>
    <string>2016-10-12 01:31:22 4 136 40 38 9 25 9 0 1 60</string>
    <string>2016-10-12 01:31:22 5 121 40 31 13 25 13 0 2 60</string>
    <string>2016-10-12 01:31:23 6 74 40 9 17 25 17 0 2 60</string>
    <string>2016-10-12 01:31:23 7 62 40 4 21 25 21 0 3 60</string>
    <string>2016-10-12 01:31:24 8 72 40 8 26 25 26 0 3 60</string>
    <string>2016-10-12 01:31:24 9 105 40 23 31 25 31 0 4 60</string>
    <string>2016-10-12 01:31:25 10 86 40 15 36 25 36 0 4 60</string>
    <string>2016-10-12 01:31:25 11 110 40 26 40 25 40 0 5 60</string>
    <string>2016-10-12 01:31:26 12 91 40 17 44 25 44 0 5 60</string>
    <string>2016-10-12 01:31:26 13 108 40 25 48 25 48 0 6 60</string>
    <string>2016-10-12 01:31:27 14 74 40 9 52 25 52 0 6 60</string>
    <string>2016-10-12 01:31:27 15 76 40 10 56 25 56 0 7 60</string>
    <string>2016-10-12 01:31:28 16 115 40 28 60 25 60 0 7 60</string>
    <string>2016-10-12 01:31:28 17 125 40 33 64 25 64 0 8 60</string>
    <string>2016-10-12 01:31:29 18 113 40 27 67 25 67 0 8 60</string>
    <string>2016-10-12 01:31:29 19 66 40 6 70 25 70 0 9 60</string>
    <string>2016-10-12 01:31:30 20 127 40 34 73 25 73 0 9 60</string>
    <string>2016-10-12 01:31:30 21 89 40 16 77 25 77 0 10 60</string>
    <string>2016-10-12 01:31:31 21 89 40 16 77 25 77 0 10 60</string>
    <string>2016-10-12 01:31:31 22 75 40 9 80 25 80 0 10 60</string>
    <string>2016-10-12 01:31:32 23 96 40 19 85 25 85 0 11 60</string>
    <string>2016-10-12 01:31:32 24 68 40 7 89 25 89 0 11 60</string>
    <string>2016-10-12 01:31:33 25 94 40 18 94 25 94 0 12 60</string>
    <string>2016-10-12 01:31:33 26 95 40 19 97 25 97 0 12 60</string>
    <string>2016-10-12 01:31:34 27 112 40 27 101 25 101 0 13 60</string>
    <string>2016-10-12 01:31:34 28 136 40 38 104 25 104 0 13 60</string>
    <string>2016-10-12 01:31:35 29 66 40 6 109 25 109 0 14 60</string>
    <string>2016-10-12 01:31:35 30 70 40 8 113 25 113 0 14 60</string>
    <string>2016-10-12 01:31:36 31 116 40 29 117 25 117 0 15 60</string>
    <string>2016-10-12 01:31:36 32 129 40 34 121 25 121 0 15 60</string>
    <string>2016-10-12 01:31:37 33 66 40 5 124 25 124 0 16 60</string>
    <string>2016-10-12 01:31:37 34 67 40 6 127 25 127 0 16 60</string>
    <string>2016-10-12 01:31:38 35 100 40 21 131 25 131 0 17 60</string>
    <string>2016-10-12 01:31:38 36 97 40 20 136 25 136 0 17 60</string>
    <string>2016-10-12 01:31:39 37 82 40 13 140 25 140 0 18 60</string>
    <string>2016-10-12 01:31:39 38 79 40 12 145 25 145 0 18 60</string>
    <string>2016-10-12 01:31:40 39 103 40 23 149 25 149 0 19 60</string>
    <string>2016-10-12 01:31:40 40 85 40 14 154 25 154 0 19 60</string>
    <string>2016-10-12 01:31:41 41 71 40 8 158 25 158 0 20 60</string>
    <string>2016-10-12 01:31:41 42 132 40 36 163 25 163 0 20 60</string>
    <string>2016-10-12 01:31:42 43 105 40 23 167 25 167 0 21 60</string>
    <string>2016-10-12 01:31:42 44 86 40 15 172 25 172 0 21 60</string>
    <string>2016-10-12 01:31:43 45 125 40 33 176 25 176 0 22 60</string>
    <string>2016-10-12 01:31:43 46 120 40 30 180 25 180 0 22 60</string>
  </Results>
</ServerData>