<?xml version="1.0"?>
<ServerData xmlns:xsi="http://www.w3.org/2001/XMLSchema-instance" xmlns:xsd="http://www.w3.org/2001/XMLSchema">
  <Name>jfiewoajfew</Name>
  <Password>jfieow</Password>
  <Doctor>false</Doctor>
  <Messages />
  <Results>
    <string>2016-10-12 01:39:55 1 10 40 2 0 25 0 0 0 60</string>
    <string>2016-10-12 01:39:56 2 71 40 8 4 25 4 0 0 60</string>
    <string>2016-10-12 01:39:56 3 133 40 36 9 25 9 0 0 60</string>
    <string>2016-10-12 01:39:57 4 119 40 30 13 25 13 0 1 60</string>
    <string>2016-10-12 01:39:57 5 100 40 21 18 25 18 0 1 60</string>
    <string>2016-10-12 01:39:58 6 124 40 32 22 25 22 0 2 60</string>
    <string>2016-10-12 01:39:58 7 105 40 24 27 25 27 0 2 60</string>
    <string>2016-10-12 01:39:59 8 87 40 15 32 25 32 0 3 60</string>
    <string>2016-10-12 01:39:59 9 111 40 26 36 25 36 0 3 60</string>
    <string>2016-10-12 01:40:00 10 92 40 17 41 25 41 0 4 60</string>
    <string>2016-10-12 01:40:00 11 78 40 11 45 25 45 0 4 60</string>
    <string>2016-10-12 01:40:01 12 139 40 39 50 25 50 0 5 60</string>
    <string>2016-10-12 01:40:01 13 78 40 11 55 25 55 0 5 60</string>
    <string>2016-10-12 01:40:02 14 64 40 5 59 25 59 0 6 60</string>
    <string>2016-10-12 01:40:02 15 126 40 33 64 25 64 0 6 60</string>
    <string>2016-10-12 01:40:03 16 70 40 7 68 25 68 0 7 60</string>
    <string>2016-10-12 01:40:03 17 131 40 36 73 25 73 0 7 60</string>
    <string>2016-10-12 01:40:04 18 117 40 29 77 25 77 0 8 60</string>
    <string>2016-10-12 01:40:04 19 98 40 20 82 25 82 0 8 60</string>
    <string>2016-10-12 01:40:05 20 118 40 29 87 25 87 0 9 60</string>
    <string>2016-10-12 01:40:05 21 103 40 23 91 25 91 0 9 60</string>
    <string>2016-10-12 01:40:06 22 85 40 14 96 25 96 0 10 60</string>
    <string>2016-10-12 01:40:06 23 109 40 25 100 25 100 0 10 60</string>
    <string>2016-10-12 01:40:07 24 90 40 17 105 25 105 0 11 60</string>
    <string>2016-10-12 01:40:07 25 76 40 10 109 25 109 0 11 60</string>
    <string>2016-10-12 01:40:08 26 137 40 38 114 25 114 0 12 60</string>
    <string>2016-10-12 01:40:08 27 77 40 10 119 25 119 0 12 60</string>
    <string>2016-10-12 01:40:09 28 62 40 4 123 25 123 0 13 60</string>
    <string>2016-10-12 01:40:09 29 124 40 32 128 25 128 0 13 60</string>
    <string>2016-10-12 01:40:10 30 68 40 6 132 25 132 0 14 60</string>
    <string>2016-10-12 01:40:10 31 129 40 35 137 25 137 0 14 60</string>
    <string>2016-10-12 01:40:11 32 115 40 28 141 25 141 0 15 60</string>
    <string>2016-10-12 01:40:11 33 96 40 19 146 25 146 0 15 60</string>
    <string>2016-10-12 01:40:12 34 116 40 29 151 25 151 0 16 60</string>
    <string>2016-10-12 01:40:12 35 102 40 22 155 25 155 0 16 60</string>
    <string>2016-10-12 01:40:13 36 83 40 13 160 25 160 0 17 60</string>
    <string>2016-10-12 01:40:13 37 107 40 24 164 25 164 0 17 60</string>
    <string>2016-10-12 01:40:14 38 88 40 16 169 25 169 0 18 60</string>
    <string>2016-10-12 01:40:14 39 74 40 9 173 25 173 0 18 60</string>
  </Results>
</ServerData>