<?xml version="1.0"?>
<ServerData xmlns:xsi="http://www.w3.org/2001/XMLSchema-instance" xmlns:xsd="http://www.w3.org/2001/XMLSchema">
  <Name>jfiojeiaofj</Name>
  <Password>jfie</Password>
  <Doctor>false</Doctor>
  <Messages />
  <Results>
    <string>2016-10-18 10:43:16 1 10 40 2 0 25 0 0 0 60</string>
    <string>2016-10-18 10:43:17 2 113 40 27 4 25 4 0 0 60</string>
    <string>2016-10-18 10:43:17 3 94 40 18 9 25 9 0 1 60</string>
    <string>2016-10-18 10:43:18 4 118 40 30 13 25 13 0 1 60</string>
    <string>2016-10-18 10:43:18 5 99 40 21 18 25 18 0 1 60</string>
    <string>2016-10-18 10:43:19 6 85 40 14 22 25 22 0 2 60</string>
    <string>2016-10-18 10:43:19 7 66 40 6 27 25 27 0 2 60</string>
    <string>2016-10-18 10:43:20 8 128 40 34 32 25 32 0 3 60</string>
    <string>2016-10-18 10:43:20 9 72 40 8 36 25 36 0 3 60</string>
    <string>2016-10-18 10:43:21 10 133 40 37 41 25 41 0 4 60</string>
    <string>2016-10-18 10:43:21 11 77 40 11 45 25 45 0 4 60</string>
    <string>2016-10-18 10:43:22 12 138 40 39 50 25 50 0 5 60</string>
    <string>2016-10-18 10:43:22 13 124 40 32 54 25 54 0 5 60</string>
    <string>2016-10-18 10:43:23 14 106 40 24 59 25 59 0 6 60</string>
    <string>2016-10-18 10:43:23 15 87 40 15 64 25 64 0 6 60</string>
    <string>2016-10-18 10:43:24 16 111 40 26 68 25 68 0 7 60</string>
    <string>2016-10-18 10:43:24 17 92 40 18 73 25 73 0 7 60</string>
    <string>2016-10-18 10:43:25 18 116 40 29 77 25 77 0 8 60</string>
    <string>2016-10-18 10:43:25 19 98 40 20 82 25 82 0 8 60</string>
    <string>2016-10-18 10:43:26 20 83 40 14 86 25 86 0 9 60</string>
    <string>2016-10-18 10:43:26 21 65 40 5 91 25 91 0 9 60</string>
    <string>2016-10-18 10:43:27 22 126 40 33 96 25 96 0 10 60</string>
    <string>2016-10-18 10:43:27 23 70 40 7 100 25 100 0 10 60</string>
    <string>2016-10-18 10:43:28 24 131 40 36 105 25 105 0 11 60</string>
    <string>2016-10-18 10:43:28 25 75 40 10 109 25 109 0 11 60</string>
    <string>2016-10-18 10:43:29 26 137 40 38 114 25 114 0 12 60</string>
    <string>2016-10-18 10:43:29 27 122 40 32 118 25 118 0 12 60</string>
    <string>2016-10-18 10:43:30 28 104 40 23 123 25 123 0 13 60</string>
    <string>2016-10-18 10:43:30 29 85 40 14 128 25 128 0 13 60</string>
    <string>2016-10-18 10:43:31 30 109 40 25 132 25 132 0 14 60</string>
    <string>2016-10-18 10:43:31 31 90 40 17 137 25 137 0 14 60</string>
    <string>2016-10-18 10:43:32 32 114 40 28 141 25 141 0 15 60</string>
    <string>2016-10-18 10:43:32 33 96 40 19 146 25 146 0 15 60</string>
    <string>2016-10-18 10:43:33 34 77 40 11 151 25 151 0 16 60</string>
    <string>2016-10-18 10:43:33 35 63 40 4 155 25 155 0 16 60</string>
    <string>2016-10-18 10:43:34 36 124 40 32 160 25 160 0 17 60</string>
    <string>2016-10-18 10:43:34 37 68 40 6 164 25 164 0 17 60</string>
    <string>2016-10-18 10:43:35 38 129 40 35 169 25 169 0 18 60</string>
    <string>2016-10-18 10:43:35 39 73 40 9 173 25 173 0 18 60</string>
    <string>2016-10-18 10:43:36 40 135 40 37 178 25 178 0 19 60</string>
    <string>2016-10-18 10:43:36 41 116 40 29 183 25 183 0 19 60</string>
    <string>2016-10-18 10:43:37 42 102 40 22 187 25 187 0 20 60</string>
    <string>2016-10-18 10:43:37 43 83 40 13 192 25 192 0 20 60</string>
    <string>2016-10-18 10:43:38 44 107 40 25 196 25 196 0 21 60</string>
    <string>2016-10-18 10:43:38 45 89 40 16 201 25 201 0 21 60</string>
    <string>2016-10-18 10:43:39 46 113 40 27 205 25 205 0 22 60</string>
    <string>2016-10-18 10:43:39 47 94 40 18 210 25 210 0 22 60</string>
    <string>2016-10-18 10:43:40 48 75 40 10 215 25 215 0 23 60</string>
    <string>2016-10-18 10:43:40 49 61 40 3 219 25 219 0 23 60</string>
    <string>2016-10-18 10:43:41 50 122 40 32 224 25 224 0 24 60</string>
    <string>2016-10-18 10:43:41 51 66 40 6 228 25 228 0 24 60</string>
    <string>2016-10-18 10:43:42 52 128 40 34 233 25 233 0 25 60</string>
    <string>2016-10-18 10:43:42 53 72 40 8 237 25 237 0 25 60</string>
    <string>2016-10-18 10:43:43 54 133 40 36 242 25 242 0 26 60</string>
    <string>2016-10-18 10:43:43 55 114 40 28 247 25 247 0 26 60</string>
    <string>2016-10-18 10:43:44 56 100 40 21 251 25 251 0 27 60</string>
    <string>2016-10-18 10:43:44 57 81 40 13 256 25 256 0 27 60</string>
    <string>2016-10-18 10:43:45 58 134 40 37 260 25 260 0 28 60</string>
    <string>2016-10-18 10:43:45 59 102 40 22 265 25 265 0 28 60</string>
    <string>2016-10-18 10:43:46 60 88 40 16 269 25 269 0 29 60</string>
    <string>2016-10-18 10:43:46 61 69 40 7 274 25 274 0 29 60</string>
    <string>2016-10-18 10:43:47 62 93 40 18 278 25 278 0 30 60</string>
    <string>2016-10-18 10:43:47 63 75 40 10 283 25 283 0 30 60</string>
    <string>2016-10-18 10:43:48 64 136 40 38 288 25 288 0 31 60</string>
    <string>2016-10-18 10:43:48 65 80 40 12 292 25 292 0 31 60</string>
    <string>2016-10-18 10:43:49 66 61 40 3 297 25 297 0 32 60</string>
    <string>2016-10-18 10:43:49 67 127 40 34 301 25 301 0 32 60</string>
    <string>2016-10-18 10:43:50 68 109 40 25 306 25 306 0 33 60</string>
    <string>2016-10-18 10:43:50 69 133 40 36 310 25 310 0 33 60</string>
    <string>2016-10-18 10:43:51 70 114 40 28 315 25 315 0 34 60</string>
    <string>2016-10-18 10:43:51 71 95 40 19 320 25 320 0 34 60</string>
    <string>2016-10-18 10:43:52 72 119 40 30 324 25 324 0 35 60</string>
    <string>2016-10-18 10:43:52 73 101 40 21 329 25 329 0 35 60</string>
    <string>2016-10-18 10:43:53 74 86 40 15 333 25 333 0 36 60</string>
    <string>2016-10-18 10:43:53 75 68 40 6 338 25 338 0 36 60</string>
    <string>2016-10-18 10:43:54 76 92 40 17 342 25 342 0 37 60</string>
    <string>2016-10-18 10:43:54 77 73 40 9 347 25 347 0 37 60</string>
    <string>2016-10-18 10:43:55 78 134 40 37 352 25 352 0 38 60</string>
    <string>2016-10-18 10:43:55 79 78 40 11 356 25 356 0 38 60</string>
    <string>2016-10-18 10:43:56 80 60 40 3 361 25 361 0 39 60</string>
    <string>2016-10-18 10:43:56 81 125 40 33 365 25 365 0 39 60</string>
    <string>2016-10-18 10:43:57 82 107 40 24 370 25 370 0 40 60</string>
    <string>2016-10-18 10:43:57 83 131 40 35 374 25 374 0 40 60</string>
    <string>2016-10-18 10:43:58 84 112 40 27 379 25 379 0 41 60</string>
    <string>2016-10-18 10:43:58 85 93 40 18 384 25 384 0 41 60</string>
    <string>2016-10-18 10:43:59 86 117 40 29 388 25 388 0 42 60</string>
    <string>2016-10-18 10:43:59 87 99 40 21 393 25 393 0 42 60</string>
    <string>2016-10-18 10:44:00 88 84 40 14 397 25 397 0 43 60</string>
    <string>2016-10-18 10:44:00 89 66 40 5 402 25 402 0 43 60</string>
    <string>2016-10-18 10:44:01 90 85 40 14 407 25 407 0 44 60</string>
    <string>2016-10-18 10:44:01 91 71 40 8 411 25 411 0 44 60</string>
    <string>2016-10-18 10:44:02 92 132 40 36 416 25 416 0 45 60</string>
    <string>2016-10-18 10:44:02 93 76 40 10 420 25 420 0 45 60</string>
    <string>2016-10-18 10:44:03 94 138 40 39 425 25 425 0 46 60</string>
    <string>2016-10-18 10:44:03 95 124 40 32 429 25 429 0 46 60</string>
    <string>2016-10-18 10:44:04 96 105 40 23 434 25 434 0 47 60</string>
    <string>2016-10-18 10:44:04 97 124 40 33 439 25 439 0 47 60</string>
    <string>2016-10-18 10:44:05 98 110 40 26 443 25 443 0 48 60</string>
    <string>2016-10-18 10:44:05 99 92 40 17 448 25 448 0 48 60</string>
    <string>2016-10-18 10:44:06 100 116 40 28 452 25 452 0 49 60</string>
    <string>2016-10-18 10:44:06 101 97 40 20 457 25 457 0 49 60</string>
    <string>2016-10-18 10:44:07 102 83 40 13 461 25 461 0 50 60</string>
    <string>2016-10-18 10:44:07 103 64 40 5 466 25 466 0 50 60</string>
    <string>2016-10-18 10:44:08 104 84 40 14 471 25 471 0 51 60</string>
    <string>2016-10-18 10:44:08 105 69 40 7 475 25 475 0 51 60</string>
    <string>2016-10-18 10:44:09 106 131 40 35 480 25 480 0 52 60</string>
    <string>2016-10-18 10:44:09 107 75 40 9 484 25 484 0 52 60</string>
    <string>2016-10-18 10:44:10 108 136 40 38 489 25 489 0 53 60</string>
    <string>2016-10-18 10:44:10 109 122 40 31 493 25 493 0 53 60</string>
    <string>2016-10-18 10:44:11 110 103 40 23 498 25 498 0 54 60</string>
    <string>2016-10-18 10:44:11 111 123 40 32 503 25 503 0 54 60</string>
    <string>2016-10-18 10:44:12 112 108 40 25 507 25 507 0 55 60</string>
    <string>2016-10-18 10:44:12 113 90 40 16 512 25 512 0 55 60</string>
    <string>2016-10-18 10:44:13 114 114 40 28 516 25 516 0 56 60</string>
    <string>2016-10-18 10:44:13 115 95 40 19 521 25 521 0 56 60</string>
    <string>2016-10-18 10:44:14 116 76 40 10 526 25 526 0 57 60</string>
    <string>2016-10-18 10:44:14 117 62 40 4 530 25 530 0 57 60</string>
    <string>2016-10-18 10:44:15 118 82 40 13 535 25 535 0 58 60</string>
    <string>2016-10-18 10:44:15 119 67 40 6 539 25 539 0 58 60</string>
    <string>2016-10-18 10:44:16 120 129 40 35 544 25 544 0 59 60</string>
    <string>2016-10-18 10:44:16 121 73 40 9 548 25 548 0 59 60</string>
    <string>2016-10-18 10:44:17 122 134 40 37 553 25 553 1 0 60</string>
    <string>2016-10-18 10:44:17 123 115 40 28 558 25 558 1 0 60</string>
    <string>2016-10-18 10:44:18 124 101 40 22 562 25 562 1 1 60</string>
    <string>2016-10-18 10:44:18 125 121 40 31 567 25 567 1 1 60</string>
    <string>2016-10-18 10:44:19 126 107 40 24 571 25 571 1 2 60</string>
    <string>2016-10-18 10:44:19 127 88 40 16 576 25 576 1 2 60</string>
    <string>2016-10-18 10:44:20 128 112 40 27 580 25 580 1 3 60</string>
    <string>2016-10-18 10:44:20 129 93 40 18 585 25 585 1 3 60</string>
    <string>2016-10-18 10:44:21 130 75 40 9 590 25 590 1 4 60</string>
    <string>2016-10-18 10:44:21 131 60 40 3 594 25 594 1 4 60</string>
    <string>2016-10-18 10:44:22 132 80 40 12 599 25 599 1 5 60</string>
    <string>2016-10-18 10:44:22 133 66 40 5 603 25 603 1 5 60</string>
    <string>2016-10-18 10:44:23 134 127 40 34 608 25 608 1 6 60</string>
    <string>2016-10-18 10:44:23 135 71 40 8 612 25 612 1 6 60</string>
    <string>2016-10-18 10:44:24 136 132 40 36 617 25 617 1 7 60</string>
    <string>2016-10-18 10:44:24 137 114 40 28 622 25 622 1 7 60</string>
    <string>2016-10-18 10:44:25 138 99 40 21 626 25 626 1 8 60</string>
    <string>2016-10-18 10:44:25 139 119 40 30 631 25 631 1 8 60</string>
    <string>2016-10-18 10:44:26 141 86 40 15 640 25 640 1 9 60</string>
    <string>2016-10-18 10:44:26 141 86 40 15 640 25 640 1 9 60</string>
    <string>2016-10-18 10:44:28 145 138 40 39 658 25 658 1 11 60</string>
    <string>2016-10-18 10:44:29 147 93 40 18 667 25 667 1 12 60</string>
    <string>2016-10-18 10:44:29 148 112 40 27 672 25 672 1 13 60</string>
    <string>2016-10-18 10:44:30 149 98 40 20 676 25 676 1 13 60</string>
    <string>2016-10-18 10:44:30 149 98 40 20 676 25 676 1 13 60</string>
    <string>2016-10-18 10:44:31 150 79 40 12 681 25 681 1 14 60</string>
    <string>2016-10-18 10:44:31 151 103 40 23 685 25 685 1 14 60</string>
    <string>2016-10-18 10:44:32 152 84 40 14 690 25 690 1 15 60</string>
    <string>2016-10-18 10:44:32 153 66 40 5 695 25 695 1 15 60</string>
    <string>2016-10-18 10:44:33 154 132 40 36 699 25 699 1 16 60</string>
    <string>2016-10-18 10:44:33 155 71 40 8 704 25 704 1 16 60</string>
    <string>2016-10-18 10:44:34 156 137 40 38 708 25 708 1 17 60</string>
    <string>2016-10-18 10:44:34 157 118 40 30 713 25 713 1 17 60</string>
    <string>2016-10-18 10:44:35 158 62 40 4 717 25 717 1 18 60</string>
    <string>2016-10-18 10:44:35 159 124 40 32 722 25 722 1 18 60</string>
    <string>2016-10-18 10:44:36 160 105 40 24 727 25 727 1 19 60</string>
    <string>2016-10-18 10:44:36 161 91 40 17 731 25 731 1 19 60</string>
    <string>2016-10-18 10:44:37 162 110 40 26 736 25 736 1 20 60</string>
    <string>2016-10-18 10:44:37 163 96 40 19 740 25 740 1 20 60</string>
    <string>2016-10-18 10:44:38 164 77 40 11 745 25 745 1 21 60</string>
    <string>2016-10-18 10:44:38 165 139 40 39 750 25 750 1 21 60</string>
    <string>2016-10-18 10:44:39 166 83 40 13 754 25 754 1 22 60</string>
    <string>2016-10-18 10:44:39 167 64 40 5 759 25 759 1 22 60</string>
    <string>2016-10-18 10:44:40 168 130 40 35 763 25 763 1 23 60</string>
    <string>2016-10-18 10:44:40 169 69 40 7 768 25 768 1 23 60</string>
    <string>2016-10-18 10:44:41 170 135 40 37 772 25 772 1 24 60</string>
    <string>2016-10-18 10:44:41 171 116 40 29 777 25 777 1 24 60</string>
    <string>2016-10-18 10:44:42 172 98 40 20 782 25 782 1 25 60</string>
    <string>2016-10-18 10:44:42 173 122 40 31 786 25 786 1 25 60</string>
    <string>2016-10-18 10:44:43 174 103 40 23 791 25 791 1 26 60</string>
    <string>2016-10-18 10:44:43 175 89 40 16 795 25 795 1 26 60</string>
    <string>2016-10-18 10:44:44 176 108 40 25 800 25 800 1 27 60</string>
    <string>2016-10-18 10:44:44 177 94 40 19 804 25 804 1 27 60</string>
    <string>2016-10-18 10:44:45 178 76 40 10 809 25 809 1 28 60</string>
    <string>2016-10-18 10:44:45 179 137 40 38 814 25 814 1 28 60</string>
    <string>2016-10-18 10:44:46 180 81 40 12 818 25 818 1 29 60</string>
    <string>2016-10-18 10:44:46 181 62 40 4 823 25 823 1 29 60</string>
    <string>2016-10-18 10:44:47 183 68 40 6 832 25 832 1 30 60</string>
    <string>2016-10-18 10:44:48 184 133 40 37 836 25 836 1 31 60</string>
    <string>2016-10-18 10:44:48 185 115 40 28 841 25 841 1 31 60</string>
    <string>2016-10-18 10:44:48 185 115 40 28 841 25 841 1 31 60</string>
    <string>2016-10-18 10:44:49 186 96 40 19 846 25 846 1 32 60</string>
    <string>2016-10-18 10:44:49 187 120 40 30 850 25 850 1 32 60</string>
    <string>2016-10-18 10:44:50 188 101 40 22 855 25 855 1 33 60</string>
    <string>2016-10-18 10:44:51 190 107 40 24 864 25 864 1 34 60</string>
    <string>2016-10-18 10:44:51 191 92 40 18 868 25 868 1 34 60</string>
    <string>2016-10-18 10:44:51 191 92 40 18 868 25 868 1 34 60</string>
    <string>2016-10-18 10:44:52 192 74 40 9 873 25 873 1 35 60</string>
    <string>2016-10-18 10:44:52 193 135 40 37 878 25 878 1 35 60</string>
    <string>2016-10-18 10:44:53 194 79 40 12 882 25 882 1 36 60</string>
    <string>2016-10-18 10:44:53 195 60 40 3 887 25 887 1 36 60</string>
    <string>2016-10-18 10:44:54 197 66 40 5 896 25 896 1 37 60</string>
    <string>2016-10-18 10:44:55 198 131 40 36 900 25 900 1 38 60</string>
    <string>2016-10-18 10:44:55 198 131 40 36 900 25 900 1 38 60</string>
    <string>2016-10-18 10:44:56 200 94 40 19 910 25 910 1 39 60</string>
    <string>2016-10-18 10:44:56 200 94 40 19 910 25 910 1 39 60</string>
    <string>2016-10-18 10:44:56 201 118 40 30 914 25 914 1 39 60</string>
    <string>2016-10-18 10:44:57 202 99 40 21 919 25 919 1 40 60</string>
    <string>2016-10-18 10:44:57 204 105 40 23 928 25 928 1 41 60</string>
    <string>2016-10-18 10:44:58 204 105 40 23 928 25 928 1 41 60</string>
    <string>2016-10-18 10:44:58 205 91 40 17 932 25 932 1 41 60</string>
    <string>2016-10-18 10:44:59 206 72 40 8 937 25 937 1 42 60</string>
    <string>2016-10-18 10:44:59 207 133 40 37 942 25 942 1 42 60</string>
    <string>2016-10-18 10:45:00 208 77 40 11 946 25 946 1 43 60</string>
    <string>2016-10-18 10:45:00 209 139 40 39 951 25 951 1 43 60</string>
    <string>2016-10-18 10:45:01 210 124 40 32 955 25 955 1 44 60</string>
    <string>2016-10-18 10:45:01 211 64 40 5 960 25 960 1 44 60</string>
    <string>2016-10-18 10:45:02 214 92 40 18 974 25 974 1 46 60</string>
    <string>2016-10-18 10:45:03 214 92 40 18 974 25 974 1 46 60</string>
    <string>2016-10-18 10:45:04 216 98 40 20 983 25 983 1 47 60</string>
    <string>2016-10-18 10:45:04 216 98 40 20 983 25 983 1 47 60</string>
    <string>2016-10-18 10:45:04 217 83 40 14 987 25 987 1 47 60</string>
    <string>2016-10-18 10:45:05 218 103 40 23 992 25 992 1 48 60</string>
    <string>2016-10-18 10:45:05 219 84 40 14 997 25 997 1 48 60</string>
    <string>2016-10-18 10:45:06 220 70 40 7 1001 25 1001 1 49 60</string>
    <string>2016-10-18 10:45:06 221 131 40 36 1006 25 1006 1 49 60</string>
    <string>2016-10-18 10:45:07 222 75 40 10 1010 25 1010 1 50 60</string>
    <string>2016-10-18 10:45:07 223 137 40 38 1015 25 1015 1 50 60</string>
    <string>2016-10-18 10:45:08 224 122 40 32 1019 25 1019 1 51 60</string>
    <string>2016-10-18 10:45:08 225 62 40 4 1024 25 1024 1 51 60</string>
    <string>2016-10-18 10:45:09 226 123 40 32 1029 25 1029 1 52 60</string>
    <string>2016-10-18 10:45:09 227 109 40 25 1033 25 1033 1 52 60</string>
    <string>2016-10-18 10:45:10 228 90 40 17 1038 25 1038 1 53 60</string>
    <string>2016-10-18 10:45:10 229 114 40 28 1042 25 1042 1 53 60</string>
    <string>2016-10-18 10:45:11 230 96 40 19 1047 25 1047 1 54 60</string>
    <string>2016-10-18 10:45:11 231 82 40 13 1051 25 1051 1 54 60</string>
    <string>2016-10-18 10:45:12 232 101 40 22 1056 25 1056 1 55 60</string>
    <string>2016-10-18 10:45:12 233 82 40 13 1061 25 1061 1 55 60</string>
    <string>2016-10-18 10:45:13 234 68 40 7 1065 25 1065 1 55 60</string>
    <string>2016-10-18 10:45:13 235 130 40 35 1070 25 1070 1 56 60</string>
    <string>2016-10-18 10:45:14 236 74 40 9 1074 25 1074 1 56 60</string>
    <string>2016-10-18 10:45:14 237 135 40 37 1079 25 1079 1 57 60</string>
    <string>2016-10-18 10:45:15 238 121 40 31 1083 25 1083 1 57 60</string>
    <string>2016-10-18 10:45:15 239 60 40 3 1088 25 1088 1 58 60</string>
    <string>2016-10-18 10:45:16 240 122 40 31 1093 25 1093 1 58 60</string>
    <string>2016-10-18 10:45:16 241 107 40 25 1097 25 1097 1 59 60</string>
    <string>2016-10-18 10:45:17 242 89 40 16 1102 25 1102 1 59 60</string>
    <string>2016-10-18 10:45:17 243 113 40 27 1106 25 1106 2 0 60</string>
    <string>2016-10-18 10:45:18 244 94 40 18 1111 25 1111 2 0 60</string>
    <string>2016-10-18 10:45:18 245 75 40 10 1116 25 1116 2 1 60</string>
    <string>2016-10-18 10:45:19 246 99 40 21 1120 25 1120 2 1 60</string>
    <string>2016-10-18 10:45:19 247 81 40 12 1125 25 1125 2 2 60</string>
    <string>2016-10-18 10:45:20 248 66 40 6 1129 25 1129 2 2 60</string>
    <string>2016-10-18 10:45:20 249 128 40 34 1134 25 1134 2 3 60</string>
    <string>2016-10-18 10:45:21 250 72 40 8 1138 25 1138 2 3 60</string>
    <string>2016-10-18 10:45:21 251 104 40 23 1143 25 1143 2 4 60</string>
    <string>2016-10-18 10:45:22 252 86 40 15 1148 25 1148 2 4 60</string>
    <string>2016-10-18 10:45:22 253 71 40 8 1152 25 1152 2 5 60</string>
    <string>2016-10-18 10:45:23 254 133 40 36 1157 25 1157 2 5 60</string>
    <string>2016-10-18 10:45:23 255 77 40 10 1161 25 1161 2 6 60</string>
    <string>2016-10-18 10:45:24 256 138 40 39 1166 25 1166 2 6 60</string>
    <string>2016-10-18 10:45:24 257 119 40 30 1171 25 1171 2 7 60</string>
    <string>2016-10-18 10:45:25 258 63 40 4 1175 25 1175 2 7 60</string>
    <string>2016-10-18 10:45:25 259 125 40 33 1180 25 1180 2 8 60</string>
    <string>2016-10-18 10:45:26 260 111 40 26 1184 25 1184 2 8 60</string>
    <string>2016-10-18 10:45:26 261 92 40 17 1189 25 1189 2 9 60</string>
    <string>2016-10-18 10:45:27 262 116 40 29 1193 25 1193 2 9 60</string>
    <string>2016-10-18 10:45:27 263 97 40 20 1198 25 1198 2 10 60</string>
    <string>2016-10-18 10:45:28 264 79 40 11 1203 25 1203 2 10 60</string>
    <string>2016-10-18 10:45:28 265 103 40 22 1207 25 1207 2 11 60</string>
    <string>2016-10-18 10:45:29 266 84 40 14 1212 25 1212 2 11 60</string>
    <string>2016-10-18 10:45:29 267 70 40 7 1216 25 1216 2 12 60</string>
    <string>2016-10-18 10:45:30 268 131 40 36 1221 25 1221 2 12 60</string>
    <string>2016-10-18 10:45:30 269 75 40 10 1225 25 1225 2 13 60</string>
    <string>2016-10-18 10:45:31 270 136 40 38 1230 25 1230 2 13 60</string>
    <string>2016-10-18 10:45:31 271 118 40 29 1235 25 1235 2 14 60</string>
    <string>2016-10-18 10:45:32 272 62 40 3 1239 25 1239 2 14 60</string>
    <string>2016-10-18 10:45:32 273 123 40 32 1244 25 1244 2 15 60</string>
    <string>2016-10-18 10:45:33 274 109 40 25 1248 25 1248 2 15 60</string>
    <string>2016-10-18 10:45:33 275 90 40 17 1253 25 1253 2 16 60</string>
    <string>2016-10-18 10:45:34 276 114 40 28 1257 25 1257 2 16 60</string>
    <string>2016-10-18 10:45:35 279 129 40 35 1271 25 1271 2 18 60</string>
    <string>2016-10-18 10:45:35 279 129 40 35 1271 25 1271 2 18 60</string>
    <string>2016-10-18 10:45:36 280 111 40 26 1276 25 1276 2 18 60</string>
    <string>2016-10-18 10:45:37 282 116 40 29 1285 25 1285 2 19 60</string>
    <string>2016-10-18 10:45:37 283 102 40 22 1289 25 1289 2 20 60</string>
    <string>2016-10-18 10:45:37 283 102 40 22 1289 25 1289 2 20 60</string>
    <string>2016-10-18 10:45:38 284 83 40 13 1294 25 1294 2 20 60</string>
    <string>2016-10-18 10:45:38 285 65 40 5 1299 25 1299 2 21 60</string>
    <string>2016-10-18 10:45:39 286 89 40 16 1303 25 1303 2 21 60</string>
    <string>2016-10-18 10:45:39 287 70 40 7 1308 25 1308 2 22 60</string>
    <string>2016-10-18 10:45:40 288 94 40 18 1312 25 1312 2 22 60</string>
    <string>2016-10-18 10:45:41 290 61 40 3 1321 25 1321 2 23 60</string>
    <string>2016-10-18 10:45:41 291 122 40 32 1326 25 1326 2 24 60</string>
    <string>2016-10-18 10:45:42 292 66 40 6 1330 25 1330 2 24 60</string>
    <string>2016-10-18 10:45:42 293 128 40 34 1335 25 1335 2 25 60</string>
    <string>2016-10-18 10:45:43 294 109 40 25 1340 25 1340 2 25 60</string>
    <string>2016-10-18 10:45:44 296 114 40 28 1349 25 1349 2 26 60</string>
    <string>2016-10-18 10:45:44 297 100 40 21 1353 25 1353 2 27 60</string>
    <string>2016-10-18 10:45:45 298 81 40 13 1358 25 1358 2 27 60</string>
    <string>2016-10-18 10:45:45 298 81 40 13 1358 25 1358 2 27 60</string>
    <string>2016-10-18 10:45:45 299 63 40 4 1363 25 1363 2 28 60</string>
    <string>2016-10-18 10:45:46 300 87 40 15 1367 25 1367 2 28 60</string>
    <string>2016-10-18 10:45:47 303 73 40 9 1381 25 1381 2 30 60</string>
    <string>2016-10-18 10:45:47 303 73 40 9 1381 25 1381 2 30 60</string>
    <string>2016-10-18 10:45:48 305 120 40 31 1390 25 1390 2 31 60</string>
    <string>2016-10-18 10:45:49 306 102 40 22 1395 25 1395 2 31 60</string>
    <string>2016-10-18 10:45:49 307 97 40 20 1399 25 1399 2 32 60</string>
    <string>2016-10-18 10:45:50 308 78 40 11 1404 25 1404 2 32 60</string>
    <string>2016-10-18 10:45:50 309 64 40 5 1408 25 1408 2 33 60</string>
    <string>2016-10-18 10:45:51 310 126 40 33 1413 25 1413 2 33 60</string>
    <string>2016-10-18 10:45:51 311 107 40 24 1418 25 1418 2 34 60</string>
    <string>2016-10-18 10:45:52 312 131 40 35 1422 25 1422 2 34 60</string>
    <string>2016-10-18 10:45:52 313 112 40 27 1427 25 1427 2 35 60</string>
    <string>2016-10-18 10:45:53 316 103 40 23 1440 25 1440 2 36 60</string>
    <string>2016-10-18 10:45:54 317 85 40 14 1445 25 1445 2 37 60</string>
    <string>2016-10-18 10:45:55 318 66 40 5 1450 25 1450 2 37 60</string>
    <string>2016-10-18 10:45:56 320 71 40 8 1459 25 1459 2 38 60</string>
    <string>2016-10-18 10:45:56 320 71 40 8 1459 25 1459 2 38 60</string>
    <string>2016-10-18 10:45:57 322 77 40 10 1468 25 1468 2 39 60</string>
    <string>2016-10-18 10:45:57 322 77 40 10 1468 25 1468 2 39 60</string>
    <string>2016-10-18 10:45:57 323 62 40 4 1472 25 1472 2 40 60</string>
    <string>2016-10-18 10:45:58 324 124 40 32 1477 25 1477 2 40 60</string>
    <string>2016-10-18 10:45:58 325 105 40 24 1482 25 1482 2 41 60</string>
    <string>2016-10-18 10:45:59 326 129 40 35 1486 25 1486 2 41 60</string>
    <string>2016-10-18 10:45:59 327 110 40 26 1491 25 1491 2 42 60</string>
    <string>2016-10-18 10:46:00 328 134 40 37 1495 25 1495 2 42 60</string>
    <string>2016-10-18 10:46:00 329 116 40 28 1500 25 1500 2 43 60</string>
    <string>2016-10-18 10:46:01 330 101 40 22 1504 25 1504 2 43 60</string>
    <string>2016-10-18 10:46:01 331 83 40 13 1509 25 1509 2 44 60</string>
    <string>2016-10-18 10:46:02 332 64 40 5 1514 25 1514 2 44 60</string>
    <string>2016-10-18 10:46:02 333 88 40 16 1518 25 1518 2 45 60</string>
    <string>2016-10-18 10:46:03 334 69 40 7 1523 25 1523 2 45 60</string>
    <string>2016-10-18 10:46:03 335 93 40 18 1527 25 1527 2 46 60</string>
    <string>2016-10-18 10:46:04 336 75 40 10 1532 25 1532 2 46 60</string>
    <string>2016-10-18 10:46:04 337 136 40 38 1537 25 1537 2 47 60</string>
    <string>2016-10-18 10:46:05 338 122 40 31 1541 25 1541 2 47 60</string>
    <string>2016-10-18 10:46:05 339 103 40 23 1546 25 1546 2 48 60</string>
    <string>2016-10-18 10:46:06 340 127 40 34 1550 25 1550 2 48 60</string>
    <string>2016-10-18 10:46:06 341 109 40 25 1555 25 1555 2 49 60</string>
    <string>2016-10-18 10:46:07 342 132 40 36 1559 25 1559 2 49 60</string>
    <string>2016-10-18 10:46:07 343 114 40 28 1564 25 1564 2 50 60</string>
    <string>2016-10-18 10:46:08 344 100 40 21 1568 25 1568 2 50 60</string>
    <string>2016-10-18 10:46:08 345 81 40 12 1573 25 1573 2 51 60</string>
    <string>2016-10-18 10:46:09 346 62 40 4 1578 25 1578 2 51 60</string>
    <string>2016-10-18 10:46:09 347 86 40 15 1582 25 1582 2 52 60</string>
    <string>2016-10-18 10:46:10 348 68 40 6 1587 25 1587 2 52 60</string>
    <string>2016-10-18 10:46:10 349 92 40 17 1591 25 1591 2 53 60</string>
    <string>2016-10-18 10:46:11 350 73 40 9 1596 25 1596 2 53 60</string>
    <string>2016-10-18 10:46:11 351 134 40 37 1601 25 1601 2 54 60</string>
    <string>2016-10-18 10:46:12 352 120 40 30 1605 25 1605 2 54 60</string>
    <string>2016-10-18 10:46:12 353 101 40 22 1610 25 1610 2 55 60</string>
    <string>2016-10-18 10:46:13 354 125 40 33 1614 25 1614 2 55 60</string>
    <string>2016-10-18 10:46:13 355 107 40 24 1619 25 1619 2 56 60</string>
    <string>2016-10-18 10:46:14 356 131 40 35 1623 25 1623 2 56 60</string>
    <string>2016-10-18 10:46:14 357 112 40 27 1628 25 1628 2 57 60</string>
    <string>2016-10-18 10:46:15 358 93 40 18 1633 25 1633 2 57 60</string>
    <string>2016-10-18 10:46:15 359 79 40 12 1637 25 1637 2 58 60</string>
    <string>2016-10-18 10:46:16 360 60 40 3 1642 25 1642 2 58 60</string>
    <string>2016-10-18 10:46:16 361 84 40 14 1646 25 1646 2 59 60</string>
    <string>2016-10-18 10:46:17 362 66 40 5 1651 25 1651 2 59 60</string>
    <string>2016-10-18 10:46:17 363 90 40 16 1655 25 1655 3 0 60</string>
    <string>2016-10-18 10:46:18 364 71 40 8 1660 25 1660 3 0 60</string>
    <string>2016-10-18 10:46:18 365 132 40 36 1665 25 1665 3 1 60</string>
    <string>2016-10-18 10:46:19 366 118 40 30 1669 25 1669 3 1 60</string>
    <string>2016-10-18 10:46:19 367 100 40 21 1674 25 1674 3 2 60</string>
    <string>2016-10-18 10:46:20 368 124 40 32 1678 25 1678 3 2 60</string>
    <string>2016-10-18 10:46:20 369 105 40 23 1683 25 1683 3 3 60</string>
    <string>2016-10-18 10:46:21 370 129 40 35 1687 25 1687 3 3 60</string>
    <string>2016-10-18 10:46:21 371 110 40 26 1692 25 1692 3 4 60</string>
    <string>2016-10-18 10:46:22 372 92 40 17 1697 25 1697 3 4 60</string>
    <string>2016-10-18 10:46:22 373 77 40 11 1701 25 1701 3 5 60</string>
    <string>2016-10-18 10:46:23 374 139 40 39 1706 25 1706 3 5 60</string>
    <string>2016-10-18 10:46:23 375 83 40 13 1710 25 1710 3 6 60</string>
    <string>2016-10-18 10:46:24 376 64 40 5 1715 25 1715 3 6 60</string>
    <string>2016-10-18 10:46:24 377 88 40 16 1719 25 1719 3 7 60</string>
    <string>2016-10-18 10:46:25 378 69 40 7 1724 25 1724 3 7 60</string>
    <string>2016-10-18 10:46:25 379 131 40 35 1729 25 1729 3 8 60</string>
    <string>2016-10-18 10:46:26 380 116 40 29 1733 25 1733 3 8 60</string>
    <string>2016-10-18 10:46:26 381 98 40 20 1738 25 1738 3 9 60</string>
    <string>2016-10-18 10:46:27 382 122 40 31 1742 25 1742 3 9 60</string>
    <string>2016-10-18 10:46:27 383 103 40 23 1747 25 1747 3 10 60</string>
    <string>2016-10-18 10:46:28 384 127 40 34 1751 25 1751 3 10 60</string>
    <string>2016-10-18 10:46:28 385 108 40 25 1756 25 1756 3 11 60</string>
    <string>2016-10-18 10:46:29 386 90 40 16 1761 25 1761 3 11 60</string>
    <string>2016-10-18 10:46:29 387 75 40 10 1765 25 1765 3 12 60</string>
    <string>2016-10-18 10:46:30 388 137 40 38 1770 25 1770 3 12 60</string>
    <string>2016-10-18 10:46:30 389 81 40 12 1774 25 1774 3 13 60</string>
    <string>2016-10-18 10:46:31 390 62 40 4 1779 25 1779 3 13 60</string>
    <string>2016-10-18 10:46:31 391 123 40 32 1784 25 1784 3 14 60</string>
    <string>2016-10-18 10:46:32 392 67 40 6 1788 25 1788 3 14 60</string>
    <string>2016-10-18 10:46:32 393 129 40 35 1793 25 1793 3 15 60</string>
    <string>2016-10-18 10:46:33 395 96 40 19 1802 25 1802 3 16 60</string>
    <string>2016-10-18 10:46:33 395 96 40 19 1802 25 1802 3 16 60</string>
    <string>2016-10-18 10:46:34 396 120 40 30 1806 25 1806 3 16 60</string>
    <string>2016-10-18 10:46:34 397 101 40 22 1811 25 1811 3 17 60</string>
    <string>2016-10-18 10:46:35 398 83 40 13 1816 25 1816 3 17 60</string>
    <string>2016-10-18 10:46:35 399 107 40 24 1820 25 1820 3 18 60</string>
    <string>2016-10-18 10:46:36 400 88 40 16 1825 25 1825 3 18 60</string>
    <string>2016-10-18 10:46:36 401 74 40 9 1829 25 1829 3 19 60</string>
    <string>2016-10-18 10:46:37 402 135 40 37 1834 25 1834 3 19 60</string>
    <string>2016-10-18 10:46:37 403 79 40 12 1838 25 1838 3 20 60</string>
    <string>2016-10-18 10:46:38 404 60 40 3 1843 25 1843 3 20 60</string>
    <string>2016-10-18 10:46:38 405 122 40 31 1848 25 1848 3 21 60</string>
    <string>2016-10-18 10:46:39 406 66 40 5 1852 25 1852 3 21 60</string>
    <string>2016-10-18 10:46:39 407 127 40 34 1857 25 1857 3 22 60</string>
    <string>2016-10-18 10:46:40 408 113 40 27 1861 25 1861 3 22 60</string>
    <string>2016-10-18 10:46:40 409 94 40 18 1866 25 1866 3 23 60</string>
    <string>2016-10-18 10:46:41 410 118 40 30 1870 25 1870 3 23 60</string>
    <string>2016-10-18 10:46:41 411 99 40 21 1875 25 1875 3 24 60</string>
    <string>2016-10-18 10:46:42 412 81 40 12 1880 25 1880 3 24 60</string>
    <string>2016-10-18 10:46:42 413 105 40 23 1884 25 1884 3 25 60</string>
    <string>2016-10-18 10:46:43 414 86 40 15 1889 25 1889 3 25 60</string>
    <string>2016-10-18 10:46:43 415 72 40 8 1893 25 1893 3 26 60</string>
    <string>2016-10-18 10:46:44 416 133 40 37 1898 25 1898 3 26 60</string>
    <string>2016-10-18 10:46:44 417 77 40 11 1902 25 1902 3 27 60</string>
    <string>2016-10-18 10:46:45 418 138 40 39 1907 25 1907 3 27 60</string>
    <string>2016-10-18 10:46:45 419 120 40 30 1912 25 1912 3 28 60</string>
    <string>2016-10-18 10:46:46 420 64 40 4 1916 25 1916 3 28 60</string>
    <string>2016-10-18 10:46:46 421 125 40 33 1921 25 1921 3 29 60</string>
    <string>2016-10-18 10:46:47 422 111 40 26 1925 25 1925 3 29 60</string>
    <string>2016-10-18 10:46:47 423 92 40 18 1930 25 1930 3 30 60</string>
    <string>2016-10-18 10:46:48 424 112 40 27 1935 25 1935 3 30 60</string>
    <string>2016-10-18 10:46:48 425 98 40 20 1939 25 1939 3 31 60</string>
    <string>2016-10-18 10:46:49 426 79 40 11 1944 25 1944 3 31 60</string>
    <string>2016-10-18 10:46:49 427 103 40 23 1948 25 1948 3 32 60</string>
    <string>2016-10-18 10:46:50 428 84 40 14 1953 25 1953 3 32 60</string>
    <string>2016-10-18 10:46:50 429 117 40 29 1958 25 1958 3 33 60</string>
    <string>2016-10-18 10:46:51 430 103 40 22 1962 25 1962 3 33 60</string>
    <string>2016-10-18 10:46:51 431 84 40 14 1967 25 1967 3 34 60</string>
    <string>2016-10-18 10:46:52 432 108 40 25 1971 25 1971 3 34 60</string>
    <string>2016-10-18 10:46:52 433 102 40 22 1976 25 1976 3 35 60</string>
    <string>2016-10-18 10:46:53 434 122 40 31 1981 25 1981 3 35 60</string>
    <string>2016-10-18 10:46:53 435 108 40 25 1985 25 1985 3 36 60</string>
    <string>2016-10-18 10:46:54 436 89 40 16 1990 25 1990 3 36 60</string>
    <string>2016-10-18 10:46:54 437 113 40 27 1994 25 1994 3 37 60</string>
    <string>2016-10-18 10:46:55 438 94 40 19 1999 25 1999 3 37 60</string>
    <string>2016-10-18 10:46:55 439 80 40 12 2003 25 2003 3 38 60</string>
    <string>2016-10-18 10:46:56 440 61 40 3 2008 25 2008 3 38 60</string>
    <string>2016-10-18 10:46:56 441 81 40 12 2013 25 2013 3 39 60</string>
    <string>2016-10-18 10:46:57 442 67 40 6 2017 25 2017 3 39 60</string>
    <string>2016-10-18 10:46:57 443 128 40 34 2022 25 2022 3 40 60</string>
    <string>2016-10-18 10:46:58 444 72 40 8 2026 25 2026 3 40 60</string>
    <string>2016-10-18 10:46:58 445 133 40 37 2031 25 2031 3 41 60</string>
    <string>2016-10-18 10:46:59 446 119 40 30 2035 25 2035 3 41 60</string>
    <string>2016-10-18 10:46:59 447 101 40 21 2040 25 2040 3 42 60</string>
    <string>2016-10-18 10:47:00 448 73 40 9 2044 25 2044 3 42 60</string>
    <string>2016-10-18 10:47:00 449 135 40 37 2049 25 2049 3 43 60</string>
    <string>2016-10-18 10:47:01 450 74 40 9 2054 25 2054 3 43 60</string>
    <string>2016-10-18 10:47:01 451 60 40 3 2058 25 2058 3 44 60</string>
    <string>2016-10-18 10:47:02 453 65 40 5 2067 25 2067 3 45 60</string>
    <string>2016-10-18 10:47:03 454 127 40 34 2072 25 2072 3 45 60</string>
    <string>2016-10-18 10:47:03 455 112 40 27 2076 25 2076 3 46 60</string>
    <string>2016-10-18 10:47:04 456 94 40 18 2081 25 2081 3 46 60</string>
    <string>2016-10-18 10:47:05 458 99 40 21 2090 25 2090 3 47 60</string>
    <string>2016-10-18 10:47:05 459 80 40 12 2095 25 2095 3 48 60</string>
    <string>2016-10-18 10:47:06 461 86 40 15 2104 25 2104 3 49 60</string>
    <string>2016-10-18 10:47:06 461 86 40 15 2104 25 2104 3 49 60</string>
    <string>2016-10-18 10:47:07 462 67 40 6 2109 25 2109 3 49 60</string>
    <string>2016-10-18 10:47:07 463 133 40 36 2113 25 2113 3 50 60</string>
    <string>2016-10-18 10:47:08 464 72 40 8 2118 25 2118 3 50 60</string>
    <string>2016-10-18 10:47:09 466 119 40 30 2127 25 2127 3 51 60</string>
    <string>2016-10-18 10:47:09 467 63 40 4 2131 25 2131 3 52 60</string>
    <string>2016-10-18 10:47:10 468 125 40 33 2136 25 2136 3 52 60</string>
    <string>2016-10-18 10:47:10 469 106 40 24 2141 25 2141 3 52 60</string>
    <string>2016-10-18 10:47:11 470 63 40 4 2145 25 2145 3 53 60</string>
    <string>2016-10-18 10:47:11 471 124 40 33 2150 25 2150 3 53 60</string>
    <string>2016-10-18 10:47:12 472 68 40 7 2154 25 2154 3 54 60</string>
    <string>2016-10-18 10:47:12 473 130 40 35 2159 25 2159 3 54 60</string>
    <string>2016-10-18 10:47:13 474 111 40 26 2164 25 2164 3 55 60</string>
    <string>2016-10-18 10:47:13 475 97 40 20 2168 25 2168 3 55 60</string>
    <string>2016-10-18 10:47:14 476 116 40 29 2173 25 2173 3 56 60</string>
    <string>2016-10-18 10:47:14 477 102 40 22 2177 25 2177 3 56 60</string>
    <string>2016-10-18 10:47:15 478 84 40 14 2182 25 2182 3 57 60</string>
    <string>2016-10-18 10:47:15 479 108 40 25 2186 25 2186 3 57 60</string>
    <string>2016-10-18 10:47:16 480 89 40 16 2191 25 2191 3 58 60</string>
    <string>2016-10-18 10:47:16 481 90 40 17 2195 25 2195 3 58 60</string>
    <string>2016-10-18 10:47:17 482 72 40 8 2200 25 2200 3 59 60</string>
    <string>2016-10-18 10:47:17 483 96 40 19 2204 25 2204 3 59 60</string>
    <string>2016-10-18 10:47:18 485 138 40 39 2214 25 2214 4 0 60</string>
    <string>2016-10-18 10:47:18 485 138 40 39 2214 25 2214 4 0 60</string>
    <string>2016-10-18 10:47:19 486 124 40 32 2218 25 2218 4 1 60</string>
    <string>2016-10-18 10:47:20 488 129 40 35 2227 25 2227 4 2 60</string>
    <string>2016-10-18 10:47:21 490 135 40 37 2236 25 2236 4 3 60</string>
    <string>2016-10-18 10:47:21 490 135 40 37 2236 25 2236 4 3 60</string>
    <string>2016-10-18 10:47:21 491 116 40 29 2241 25 2241 4 3 60</string>
    <string>2016-10-18 10:47:22 492 97 40 20 2246 25 2246 4 4 60</string>
    <string>2016-10-18 10:47:22 493 83 40 13 2250 25 2250 4 4 60</string>
    <string>2016-10-18 10:47:23 494 103 40 22 2255 25 2255 4 5 60</string>
    <string>2016-10-18 10:47:23 495 88 40 16 2259 25 2259 4 5 60</string>
    <string>2016-10-18 10:47:24 496 70 40 7 2264 25 2264 4 6 60</string>
    <string>2016-10-18 10:47:24 497 94 40 18 2268 25 2268 4 6 60</string>
    <string>2016-10-18 10:47:25 498 75 40 10 2273 25 2273 4 7 60</string>
    <string>2016-10-18 10:47:25 499 136 40 38 2278 25 2278 4 7 60</string>
    <string>2016-10-18 10:47:26 500 122 40 32 2282 25 2282 4 8 60</string>
    <string>2016-10-18 10:47:26 501 62 40 4 2287 25 2287 4 8 60</string>
    <string>2016-10-18 10:47:27 503 116 40 29 2295 25 2295 4 9 60</string>
    <string>2016-10-18 10:47:27 503 116 40 29 2295 25 2295 4 9 60</string>
    <string>2016-10-18 10:47:29 506 64 40 5 2309 25 2309 4 11 60</string>
    <string>2016-10-18 10:47:29 507 84 40 14 2314 25 2314 4 11 60</string>
    <string>2016-10-18 10:47:30 507 84 40 14 2314 25 2314 4 11 60</string>
    <string>2016-10-18 10:47:30 509 131 40 36 2323 25 2323 4 12 60</string>
    <string>2016-10-18 10:47:30 509 131 40 36 2323 25 2323 4 12 60</string>
    <string>2016-10-18 10:47:31 510 112 40 27 2328 25 2328 4 13 60</string>
    <string>2016-10-18 10:47:32 511 136 40 38 2332 25 2332 4 13 60</string>
    <string>2016-10-18 10:47:32 512 118 40 29 2337 25 2337 4 14 60</string>
    <string>2016-10-18 10:47:32 513 103 40 23 2341 25 2341 4 14 60</string>
    <string>2016-10-18 10:47:33 514 123 40 32 2346 25 2346 4 15 60</string>
    <string>2016-10-18 10:47:33 515 109 40 25 2350 25 2350 4 15 60</string>
    <string>2016-10-18 10:47:34 516 90 40 17 2355 25 2355 4 16 60</string>
    <string>2016-10-18 10:47:35 518 95 40 19 2364 25 2364 4 17 60</string>
    <string>2016-10-18 10:47:35 518 95 40 19 2364 25 2364 4 17 60</string>
    <string>2016-10-18 10:47:35 519 77 40 10 2369 25 2369 4 17 60</string>
    <string>2016-10-18 10:47:36 520 62 40 4 2373 25 2373 4 18 60</string>
    <string>2016-10-18 10:47:36 521 82 40 13 2378 25 2378 4 18 60</string>
    <string>2016-10-18 10:47:37 523 129 40 35 2387 25 2387 4 19 60</string>
    <string>2016-10-18 10:47:37 523 129 40 35 2387 25 2387 4 19 60</string>
    <string>2016-10-18 10:47:38 524 110 40 26 2392 25 2392 4 20 60</string>
    <string>2016-10-18 10:47:39 526 116 40 29 2401 25 2401 4 21 60</string>
    <string>2016-10-18 10:47:39 526 116 40 29 2401 25 2401 4 21 60</string>
    <string>2016-10-18 10:47:39 527 102 40 22 2405 25 2405 4 21 60</string>
    <string>2016-10-18 10:47:40 528 121 40 31 2410 25 2410 4 22 60</string>
    <string>2016-10-18 10:47:40 529 107 40 24 2414 25 2414 4 22 60</string>
    <string>2016-10-18 10:47:41 530 88 40 16 2419 25 2419 4 23 60</string>
    <string>2016-10-18 10:47:42 531 70 40 7 2424 25 2424 4 23 60</string>
    <string>2016-10-18 10:47:42 532 94 40 18 2428 25 2428 4 24 60</string>
    <string>2016-10-18 10:47:42 533 75 40 10 2433 25 2433 4 24 60</string>
    <string>2016-10-18 10:47:43 534 61 40 3 2437 25 2437 4 25 60</string>
    <string>2016-10-18 10:47:43 535 80 40 12 2442 25 2442 4 25 60</string>
    <string>2016-10-18 10:47:44 536 66 40 5 2446 25 2446 4 26 60</string>
    <string>2016-10-18 10:47:44 537 127 40 34 2451 25 2451 4 26 60</string>
  </Results>
</ServerData>