<?xml version="1.0"?>
<ServerData xmlns:xsi="http://www.w3.org/2001/XMLSchema-instance" xmlns:xsd="http://www.w3.org/2001/XMLSchema">
  <Name>jfoiewajfoiw</Name>
  <Password>joiew</Password>
  <Doctor>false</Doctor>
  <Messages>
    <string>message_Dokter_Dokter lol has been disconnected</string>
  </Messages>
  <Results>
    <string>2016-10-19 10:37:49 1 10 40 2 0 25 0 0 0 60</string>
    <string>2016-10-19 10:37:49 2 99 40 250 4 25 4 0 0 60</string>
    <string>2016-10-19 10:37:50 3 101 40 259 8 25 8 0 1 60</string>
    <string>2016-10-19 10:37:50 4 69 40 60 13 25 13 0 1 60</string>
    <string>2016-10-19 10:37:51 5 135 40 471 17 25 17 0 2 60</string>
    <string>2016-10-19 10:37:51 6 103 40 273 22 25 22 0 2 60</string>
    <string>2016-10-19 10:37:52 7 76 40 102 26 25 26 0 2 60</string>
    <string>2016-10-19 10:37:52 8 137 40 485 31 25 31 0 3 60</string>
    <string>2016-10-19 10:37:53 9 123 40 396 35 25 35 0 4 60</string>
    <string>2016-10-19 10:37:53 10 104 40 280 40 25 40 0 4 60</string>
    <string>2016-10-19 10:37:54 11 124 40 402 45 25 45 0 5 60</string>
    <string>2016-10-19 10:37:54 12 110 40 313 49 25 49 0 5 60</string>
    <string>2016-10-19 10:37:55 13 78 40 115 54 25 54 0 5 60</string>
    <string>2016-10-19 10:37:55 14 64 40 26 58 25 58 0 6 60</string>
    <string>2016-10-19 10:37:56 15 125 40 409 63 25 63 0 6 60</string>
    <string>2016-10-19 10:37:56 16 69 40 59 67 25 67 0 7 60</string>
    <string>2016-10-19 10:37:57 17 79 40 122 72 25 72 0 7 60</string>
    <string>2016-10-19 10:37:57 18 103 40 272 76 25 76 0 8 60</string>
    <string>2016-10-19 10:37:58 19 84 40 155 81 25 81 0 8 60</string>
    <string>2016-10-19 10:37:58 21 131 40 449 90 25 90 0 9 60</string>
    <string>2016-10-19 10:37:59 21 131 40 449 90 25 90 0 9 60</string>
    <string>2016-10-19 10:37:59 22 71 40 72 95 25 95 0 10 60</string>
    <string>2016-10-19 10:38:00 23 137 40 482 99 25 99 0 10 60</string>
    <string>2016-10-19 10:38:00 24 109 40 312 103 25 103 0 11 60</string>
    <string>2016-10-19 10:38:01 25 106 40 293 108 25 108 0 11 60</string>
    <string>2016-10-19 10:38:01 26 88 40 176 113 25 113 0 12 60</string>
    <string>2016-10-19 10:38:02 27 73 40 88 117 25 117 0 12 60</string>
    <string>2016-10-19 10:38:02 28 93 40 210 122 25 122 0 13 60</string>
    <string>2016-10-19 10:38:03 29 79 40 121 126 25 126 0 13 60</string>
    <string>2016-10-19 10:38:03 30 60 40 4 131 25 131 0 14 60</string>
    <string>2016-10-19 10:38:04 31 84 40 154 135 25 135 0 14 60</string>
    <string>2016-10-19 10:38:04 32 65 40 38 140 25 140 0 15 60</string>
    <string>2016-10-19 10:38:05 33 127 40 420 145 25 145 0 15 60</string>
    <string>2016-10-19 10:38:05 34 113 40 332 149 25 149 0 16 60</string>
    <string>2016-10-19 10:38:06 35 132 40 453 154 25 154 0 16 60</string>
    <string>2016-10-19 10:38:06 36 67 40 45 158 25 158 0 17 60</string>
    <string>2016-10-19 10:38:07 37 115 40 346 163 25 163 0 17 60</string>
    <string>2016-10-19 10:38:07 38 101 40 257 167 25 167 0 18 60</string>
    <string>2016-10-19 10:38:08 39 120 40 379 172 25 172 0 18 60</string>
    <string>2016-10-19 10:38:08 40 106 40 290 176 25 176 0 19 60</string>
    <string>2016-10-19 10:38:09 41 87 40 174 181 25 181 0 19 60</string>
    <string>2016-10-19 10:38:09 42 111 40 323 185 25 185 0 20 60</string>
    <string>2016-10-19 10:38:10 43 93 40 207 190 25 190 0 20 60</string>
    <string>2016-10-19 10:38:10 44 74 40 90 195 25 195 0 21 60</string>
    <string>2016-10-19 10:38:11 45 60 40 2 199 25 199 0 21 60</string>
    <string>2016-10-19 10:38:11 46 79 40 124 204 25 204 0 22 60</string>
    <string>2016-10-19 10:38:12 47 65 40 35 208 25 208 0 22 60</string>
    <string>2016-10-19 10:38:12 48 126 40 418 213 25 213 0 23 60</string>
    <string>2016-10-19 10:38:13 49 99 40 247 217 25 217 0 23 60</string>
    <string>2016-10-19 10:38:13 50 80 40 131 222 25 222 0 24 60</string>
    <string>2016-10-19 10:38:14 51 104 40 280 226 25 226 0 24 60</string>
    <string>2016-10-19 10:38:14 52 86 40 164 231 25 231 0 25 60</string>
    <string>2016-10-19 10:38:15 53 67 40 48 236 25 236 0 25 60</string>
    <string>2016-10-19 10:38:15 54 133 40 458 240 25 240 0 26 60</string>
    <string>2016-10-19 10:38:16 55 72 40 81 245 25 245 0 26 60</string>
    <string>2016-10-19 10:38:16 56 138 40 491 249 25 249 0 27 60</string>
    <string>2016-10-19 10:38:17 57 119 40 375 254 25 254 0 27 60</string>
    <string>2016-10-19 10:38:17 58 63 40 25 258 25 258 0 28 60</string>
    <string>2016-10-19 10:38:18 59 125 40 408 263 25 263 0 28 60</string>
    <string>2016-10-19 10:38:18 60 77 40 112 267 25 267 0 29 60</string>
    <string>2016-10-19 10:38:19 61 92 40 203 271 25 271 0 29 60</string>
    <string>2016-10-19 10:38:19 62 111 40 325 276 25 276 0 30 60</string>
    <string>2016-10-19 10:38:20 63 97 40 236 280 25 280 0 30 60</string>
    <string>2016-10-19 10:38:20 64 79 40 119 285 25 285 0 31 60</string>
    <string>2016-10-19 10:38:21 65 103 40 269 289 25 289 0 31 60</string>
    <string>2016-10-19 10:38:21 66 84 40 153 294 25 294 0 32 60</string>
  </Results>
</ServerData>