<?xml version="1.0"?>
<ServerData xmlns:xsi="http://www.w3.org/2001/XMLSchema-instance" xmlns:xsd="http://www.w3.org/2001/XMLSchema">
  <Name>jfoiewajfoiwj</Name>
  <Password>fjewoijw</Password>
  <Doctor>false</Doctor>
  <Messages />
  <Results>
    <string>2016-10-19 09:50:02 1 10 40 2 0 25 0 0 0 60</string>
    <string>2016-10-19 09:50:02 2 127 40 420 4 25 4 0 0 60</string>
    <string>2016-10-19 09:50:03 3 137 40 483 9 25 9 0 0 60</string>
    <string>2016-10-19 09:50:03 4 110 40 313 13 25 13 0 1 60</string>
    <string>2016-10-19 09:50:04 5 93 40 212 18 25 18 0 2 60</string>
    <string>2016-10-19 09:50:04 6 95 40 221 22 25 22 0 2 60</string>
    <string>2016-10-19 09:50:05 7 81 40 132 26 25 26 0 3 60</string>
    <string>2016-10-19 09:50:05 8 62 40 16 31 25 31 0 3 60</string>
    <string>2016-10-19 09:50:06 9 81 40 137 36 25 36 0 4 60</string>
    <string>2016-10-19 09:50:06 10 96 40 228 40 25 40 0 4 60</string>
    <string>2016-10-19 09:50:07 11 115 40 350 45 25 45 0 4 60</string>
    <string>2016-10-19 09:50:07 12 101 40 261 49 25 49 0 5 60</string>
    <string>2016-10-19 09:50:08 13 83 40 144 54 25 54 0 5 60</string>
    <string>2016-10-19 09:50:08 14 84 40 153 58 25 58 0 6 60</string>
    <string>2016-10-19 09:50:09 15 137 40 482 62 25 62 0 6 60</string>
    <string>2016-10-19 09:50:09 16 61 40 7 66 25 66 0 7 60</string>
    <string>2016-10-19 09:50:10 17 138 40 487 71 25 71 0 7 60</string>
    <string>2016-10-19 09:50:10 18 123 40 399 75 25 75 0 8 60</string>
    <string>2016-10-19 09:50:11 19 105 40 282 80 25 80 0 8 60</string>
    <string>2016-10-19 09:50:11 20 77 40 112 84 25 84 0 9 60</string>
    <string>2016-10-19 09:50:12 21 139 40 494 89 25 89 0 9 60</string>
    <string>2016-10-19 09:50:12 22 120 40 378 94 25 94 0 10 60</string>
    <string>2016-10-19 09:50:13 23 64 40 29 98 25 98 0 10 60</string>
    <string>2016-10-19 09:50:13 24 125 40 411 103 25 103 0 11 60</string>
    <string>2016-10-19 09:50:14 25 111 40 322 107 25 107 0 11 60</string>
    <string>2016-10-19 09:50:14 26 131 40 444 112 25 112 0 12 60</string>
    <string>2016-10-19 09:50:15 27 112 40 328 117 25 117 0 12 60</string>
    <string>2016-10-19 09:50:15 28 82 40 142 120 25 120 0 13 60</string>
    <string>2016-10-19 09:50:16 29 79 40 123 125 25 125 0 13 60</string>
    <string>2016-10-19 09:50:16 30 103 40 272 129 25 129 0 14 60</string>
    <string>2016-10-19 09:50:17 31 84 40 156 134 25 134 0 14 60</string>
    <string>2016-10-19 09:50:17 32 66 40 40 139 25 139 0 15 60</string>
    <string>2016-10-19 09:50:18 33 118 40 368 143 25 143 0 15 60</string>
    <string>2016-10-19 09:50:18 34 100 40 252 148 25 148 0 16 60</string>
    <string>2016-10-19 09:50:19 35 124 40 401 152 25 152 0 16 60</string>
    <string>2016-10-19 09:50:19 36 105 40 285 157 25 157 0 17 60</string>
    <string>2016-10-19 09:50:20 37 91 40 196 161 25 161 0 17 60</string>
    <string>2016-10-19 09:50:20 38 72 40 80 166 25 166 0 18 60</string>
    <string>2016-10-19 09:50:21 39 120 40 381 171 25 171 0 18 60</string>
    <string>2016-10-19 09:50:21 40 122 40 389 175 25 175 0 19 60</string>
    <string>2016-10-19 09:50:22 41 123 40 398 179 25 179 0 19 60</string>
    <string>2016-10-19 09:50:22 42 105 40 282 184 25 184 0 20 60</string>
    <string>2016-10-19 09:50:23 43 129 40 431 188 25 188 0 20 60</string>
    <string>2016-10-19 09:50:23 44 110 40 315 193 25 193 0 21 60</string>
    <string>2016-10-19 09:50:24 45 91 40 198 198 25 198 0 21 60</string>
    <string>2016-10-19 09:50:24 46 115 40 348 202 25 202 0 22 60</string>
    <string>2016-10-19 09:50:25 47 97 40 232 207 25 207 0 22 60</string>
    <string>2016-10-19 09:50:25 48 134 40 463 211 25 211 0 23 60</string>
    <string>2016-10-19 09:50:26 49 115 40 346 216 25 216 0 23 60</string>
    <string>2016-10-19 09:50:26 50 96 40 230 221 25 221 0 24 60</string>
    <string>2016-10-19 09:50:27 51 69 40 60 225 25 225 0 24 60</string>
    <string>2016-10-19 09:50:27 52 95 40 220 230 25 230 0 25 60</string>
    <string>2016-10-19 09:50:28 53 67 40 49 234 25 234 0 25 60</string>
    <string>2016-10-19 09:50:28 54 120 40 378 238 25 238 0 26 60</string>
    <string>2016-10-19 09:50:29 55 101 40 262 243 25 243 0 26 60</string>
    <string>2016-10-19 09:50:29 56 74 40 91 247 25 247 0 27 60</string>
    <string>2016-10-19 09:50:30 57 135 40 474 252 25 252 0 27 60</string>
    <string>2016-10-19 09:50:30 58 117 40 357 257 25 257 0 28 60</string>
    <string>2016-10-19 09:50:31 59 61 40 8 261 25 261 0 28 60</string>
    <string>2016-10-19 09:50:31 60 122 40 391 266 25 266 0 29 60</string>
    <string>2016-10-19 09:50:32 61 108 40 302 270 25 270 0 29 60</string>
    <string>2016-10-19 09:50:32 62 127 40 424 275 25 275 0 30 60</string>
    <string>2016-10-19 09:50:33 63 62 40 15 279 25 279 0 30 60</string>
    <string>2016-10-19 09:50:33 64 130 40 441 283 25 283 0 31 60</string>
    <string>2016-10-19 09:50:34 65 63 40 21 288 25 288 0 31 60</string>
    <string>2016-10-19 09:50:34 66 129 40 431 292 25 292 0 32 60</string>
    <string>2016-10-19 09:50:35 67 110 40 314 297 25 297 0 32 60</string>
    <string>2016-10-19 09:50:35 68 134 40 464 301 25 301 0 33 60</string>
    <string>2016-10-19 09:50:36 69 115 40 348 306 25 306 0 33 60</string>
    <string>2016-10-19 09:50:36 70 96 40 231 311 25 311 0 34 60</string>
    <string>2016-10-19 09:50:37 71 120 40 381 315 25 315 0 34 60</string>
    <string>2016-10-19 09:50:37 72 102 40 264 320 25 320 0 35 60</string>
    <string>2016-10-19 09:50:38 73 88 40 176 324 25 324 0 35 60</string>
    <string>2016-10-19 09:50:38 74 136 40 477 329 25 329 0 36 60</string>
    <string>2016-10-19 09:50:39 75 73 40 84 333 25 333 0 36 60</string>
    <string>2016-10-19 09:50:39 76 119 40 369 337 25 337 0 37 60</string>
    <string>2016-10-19 09:50:40 77 91 40 199 341 25 341 0 37 60</string>
    <string>2016-10-19 09:50:40 78 73 40 82 346 25 346 0 38 60</string>
    <string>2016-10-19 09:50:41 79 134 40 465 351 25 351 0 38 60</string>
    <string>2016-10-19 09:50:41 80 78 40 115 355 25 355 0 39 60</string>
    <string>2016-10-19 09:50:42 81 139 40 498 360 25 360 0 39 60</string>
    <string>2016-10-19 09:50:42 82 61 40 8 364 25 364 0 40 60</string>
    <string>2016-10-19 09:50:43 83 122 40 390 369 25 369 0 40 60</string>
    <string>2016-10-19 09:50:43 84 66 40 41 373 25 373 0 41 60</string>
  </Results>
</ServerData>