<?xml version="1.0"?>
<ServerData xmlns:xsi="http://www.w3.org/2001/XMLSchema-instance" xmlns:xsd="http://www.w3.org/2001/XMLSchema">
  <Name>jgroiejgoiesgjresoi</Name>
  <Password>jreiwo</Password>
  <Doctor>false</Doctor>
  <Messages />
  <Results>
    <string>2016-10-12 01:25:50 2 132 40 36 4 25 4 0 0 60</string>
    <string>2016-10-12 01:25:50 3 133 40 37 7 25 7 0 1 60</string>
    <string>2016-10-12 01:25:50 3 133 40 37 7 25 7 0 1 60</string>
    <string>2016-10-12 01:25:51 4 86 40 15 11 25 11 0 1 60</string>
    <string>2016-10-12 01:25:51 5 119 40 30 15 25 15 0 2 60</string>
    <string>2016-10-12 01:25:52 6 91 40 17 19 25 19 0 2 60</string>
    <string>2016-10-12 01:25:52 7 101 40 22 24 25 24 0 3 60</string>
    <string>2016-10-12 01:25:53 8 134 40 37 28 25 28 0 3 60</string>
    <string>2016-10-12 01:25:53 9 71 40 8 31 25 31 0 4 60</string>
    <string>2016-10-12 01:25:54 10 104 40 23 35 25 35 0 4 60</string>
    <string>2016-10-12 01:25:54 11 105 40 24 38 25 38 0 5 60</string>
    <string>2016-10-12 01:25:55 12 91 40 17 41 25 41 0 5 60</string>
    <string>2016-10-12 01:25:55 13 119 40 30 45 25 45 0 6 60</string>
    <string>2016-10-12 01:25:56 14 85 40 14 48 25 48 0 6 60</string>
    <string>2016-10-12 01:25:56 15 102 40 22 51 25 51 0 7 60</string>
    <string>2016-10-12 01:25:57 16 63 40 4 55 25 55 0 7 60</string>
    <string>2016-10-12 01:25:57 17 71 40 8 58 25 58 0 8 60</string>
    <string>2016-10-12 01:25:58 18 68 40 7 62 25 62 0 8 60</string>
    <string>2016-10-12 01:25:58 18 68 40 7 62 25 62 0 8 60</string>
    <string>2016-10-12 01:25:59 19 70 40 7 65 25 65 0 9 60</string>
    <string>2016-10-12 01:25:59 20 67 40 6 69 25 69 0 9 60</string>
    <string>2016-10-12 01:26:00 21 137 40 38 73 25 73 0 10 60</string>
    <string>2016-10-12 01:26:00 22 72 40 8 75 25 75 0 10 60</string>
    <string>2016-10-12 01:26:01 23 77 40 11 79 25 79 0 11 60</string>
    <string>2016-10-12 01:26:01 24 72 40 8 82 25 82 0 11 60</string>
    <string>2016-10-12 01:26:02 25 60 40 3 85 25 85 0 12 60</string>
    <string>2016-10-12 01:26:02 26 86 40 15 89 25 89 0 12 60</string>
    <string>2016-10-12 01:26:03 27 110 40 26 92 25 92 0 13 60</string>
    <string>2016-10-12 01:26:03 28 135 40 38 96 25 96 0 13 60</string>
    <string>2016-10-12 01:26:18 32 125 40 33 105 25 105 0 17 60</string>
    <string>2016-10-12 01:26:18 33 115 40 28 106 25 106 0 18 60</string>
    <string>2016-10-12 01:26:19 34 118 40 30 109 25 109 0 18 60</string>
    <string>2016-10-12 01:26:19 35 135 40 38 113 25 113 0 19 60</string>
    <string>2016-10-12 01:26:20 36 108 40 25 117 25 117 0 19 60</string>
    <string>2016-10-12 01:26:20 37 110 40 26 121 25 121 0 19 60</string>
    <string>2016-10-12 01:26:21 38 135 40 38 126 25 126 0 20 60</string>
    <string>2016-10-12 01:26:21 39 124 40 32 130 25 130 0 21 60</string>
    <string>2016-10-12 01:26:22 40 74 40 9 134 25 134 0 21 60</string>
    <string>2016-10-12 01:26:22 41 78 40 11 138 25 138 0 21 60</string>
    <string>2016-10-12 01:26:23 42 79 40 11 142 25 142 0 22 60</string>
    <string>2016-10-12 01:26:23 43 112 40 27 146 25 146 0 23 60</string>
    <string>2016-10-12 01:26:24 44 129 40 34 149 25 149 0 23 60</string>
    <string>2016-10-12 01:26:24 45 94 40 19 152 25 152 0 24 60</string>
    <string>2016-10-12 01:26:25 46 107 40 24 156 25 156 0 24 60</string>
    <string>2016-10-12 01:26:25 47 139 40 39 160 25 160 0 25 60</string>
    <string>2016-10-12 01:26:26 48 110 40 26 163 25 163 0 25 60</string>
    <string>2016-10-12 01:26:26 49 91 40 17 168 25 168 0 26 60</string>
    <string>2016-10-12 01:26:27 50 86 40 15 171 25 171 0 26 60</string>
    <string>2016-10-12 01:26:27 51 128 40 34 176 25 176 0 27 60</string>
    <string>2016-10-12 01:26:28 52 122 40 31 180 25 180 0 27 60</string>
    <string>2016-10-12 01:26:28 52 122 40 31 180 25 180 0 27 60</string>
    <string>2016-10-12 01:26:29 53 66 40 5 183 25 183 0 28 60</string>
    <string>2016-10-12 01:26:29 54 92 40 17 187 25 187 0 28 60</string>
    <string>2016-10-12 01:26:30 55 124 40 32 191 25 191 0 29 60</string>
    <string>2016-10-12 01:26:30 56 74 40 9 194 25 194 0 29 60</string>
    <string>2016-10-12 01:26:31 57 71 40 8 198 25 198 0 30 60</string>
    <string>2016-10-12 01:26:31 58 104 40 23 202 25 202 0 30 60</string>
    <string>2016-10-12 01:26:32 59 61 40 3 205 25 205 0 31 60</string>
    <string>2016-10-12 01:26:32 60 102 40 22 210 25 210 0 31 60</string>
    <string>2016-10-12 01:26:33 61 104 40 23 214 25 214 0 32 60</string>
    <string>2016-10-12 01:26:33 62 121 40 31 218 25 218 0 32 60</string>
    <string>2016-10-12 01:26:34 63 60 40 3 222 25 222 0 33 60</string>
    <string>2016-10-12 01:26:34 64 62 40 3 226 25 226 0 33 60</string>
    <string>2016-10-12 01:26:35 65 72 40 8 230 25 230 0 34 60</string>
    <string>2016-10-12 01:26:35 66 76 40 10 234 25 234 0 34 60</string>
    <string>2016-10-12 01:26:36 67 61 40 3 237 25 237 0 35 60</string>
    <string>2016-10-12 01:26:36 68 110 40 26 241 25 241 0 35 60</string>
    <string>2016-10-12 01:26:37 69 111 40 26 244 25 244 0 36 60</string>
    <string>2016-10-12 01:26:37 70 128 40 34 248 25 248 0 36 60</string>
  </Results>
</ServerData>