<?xml version="1.0"?>
<ServerData xmlns:xsi="http://www.w3.org/2001/XMLSchema-instance" xmlns:xsd="http://www.w3.org/2001/XMLSchema">
  <Name>josajfoi</Name>
  <Password>jio</Password>
  <Doctor>false</Doctor>
  <Messages />
  <Results>
    <string>2016-10-19 10:15:23 1 10 40 2 0 25 0 0 0 60</string>
    <string>2016-10-19 10:15:23 2 81 40 137 3 25 3 0 0 60</string>
    <string>2016-10-19 10:15:24 3 98 40 243 7 25 7 0 0 60</string>
    <string>2016-10-19 10:15:24 4 73 40 83 12 25 12 0 1 60</string>
    <string>2016-10-19 10:15:25 5 90 40 190 16 25 16 0 1 60</string>
    <string>2016-10-19 10:15:25 6 98 40 242 19 25 19 0 2 60</string>
    <string>2016-10-19 10:15:26 7 131 40 445 23 25 23 0 2 60</string>
    <string>2016-10-19 10:15:26 8 128 40 426 28 25 28 0 3 60</string>
    <string>2016-10-19 10:15:27 9 100 40 256 31 25 31 0 3 60</string>
    <string>2016-10-19 10:15:27 10 95 40 221 35 25 35 0 4 60</string>
    <string>2016-10-19 10:15:28 11 128 40 425 39 25 39 0 4 60</string>
    <string>2016-10-19 10:15:28 12 116 40 352 43 25 43 0 5 60</string>
    <string>2016-10-19 10:15:29 13 110 40 317 47 25 47 0 5 60</string>
    <string>2016-10-19 10:15:29 14 114 40 341 51 25 51 0 6 60</string>
    <string>2016-10-19 10:15:30 15 95 40 225 55 25 55 0 6 60</string>
    <string>2016-10-19 10:15:30 16 104 40 277 58 25 58 0 7 60</string>
    <string>2016-10-19 10:15:31 17 123 40 394 63 25 63 0 7 60</string>
    <string>2016-10-19 10:15:31 18 131 40 446 66 25 66 0 8 60</string>
    <string>2016-10-19 10:15:32 19 68 40 53 70 25 70 0 8 60</string>
    <string>2016-10-19 10:15:32 20 129 40 436 75 25 75 0 9 60</string>
    <string>2016-10-19 10:15:33 21 97 40 238 80 25 80 0 9 60</string>
    <string>2016-10-19 10:15:33 22 119 40 371 83 25 83 0 10 60</string>
    <string>2016-10-19 10:15:34 23 116 40 352 88 25 88 0 10 60</string>
    <string>2016-10-19 10:15:34 24 60 40 3 92 25 92 0 11 60</string>
    <string>2016-10-19 10:15:35 25 77 40 109 96 25 96 0 11 60</string>
    <string>2016-10-19 10:15:35 26 87 40 172 101 25 101 0 12 60</string>
    <string>2016-10-19 10:15:36 27 75 40 99 105 25 105 0 12 60</string>
    <string>2016-10-19 10:15:36 28 137 40 481 110 25 110 0 13 60</string>
    <string>2016-10-19 10:15:37 29 122 40 393 114 25 114 0 13 60</string>
    <string>2016-10-19 10:15:37 30 104 40 276 119 25 119 0 14 60</string>
    <string>2016-10-19 10:15:38 31 128 40 426 123 25 123 0 14 60</string>
    <string>2016-10-19 10:15:38 32 109 40 309 128 25 128 0 15 60</string>
    <string>2016-10-19 10:15:39 33 82 40 139 132 25 132 0 15 60</string>
    <string>2016-10-19 10:15:39 34 127 40 424 136 25 136 0 16 60</string>
    <string>2016-10-19 10:15:40 35 124 40 405 141 25 141 0 16 60</string>
    <string>2016-10-19 10:15:40 36 126 40 414 145 25 145 0 17 60</string>
    <string>2016-10-19 10:15:41 37 65 40 37 150 25 150 0 17 60</string>
    <string>2016-10-19 10:15:41 38 102 40 268 154 25 154 0 18 60</string>
    <string>2016-10-19 10:15:42 39 84 40 152 159 25 159 0 18 60</string>
    <string>2016-10-19 10:15:42 40 65 40 35 164 25 164 0 19 60</string>
    <string>2016-10-19 10:15:43 41 131 40 445 168 25 168 0 19 60</string>
    <string>2016-10-19 10:15:43 42 99 40 247 173 25 173 0 20 60</string>
    <string>2016-10-19 10:15:44 43 85 40 159 177 25 177 0 20 60</string>
    <string>2016-10-19 10:15:44 44 104 40 281 182 25 182 0 21 60</string>
    <string>2016-10-19 10:15:45 45 90 40 192 186 25 186 0 21 60</string>
    <string>2016-10-19 10:15:45 46 123 40 395 190 25 190 0 22 60</string>
    <string>2016-10-19 10:15:46 47 60 40 3 194 25 194 0 22 60</string>
    <string>2016-10-19 10:15:46 48 70 40 65 199 25 199 0 23 60</string>
    <string>2016-10-19 10:15:47 49 94 40 215 203 25 203 0 23 60</string>
    <string>2016-10-19 10:15:47 50 75 40 98 208 25 208 0 24 60</string>
    <string>2016-10-19 10:15:48 51 85 40 161 213 25 213 0 24 60</string>
    <string>2016-10-19 10:15:48 52 109 40 311 217 25 217 0 25 60</string>
    <string>2016-10-19 10:15:49 53 119 40 373 222 25 222 0 25 60</string>
    <string>2016-10-19 10:15:49 54 63 40 24 226 25 226 0 26 60</string>
    <string>2016-10-19 10:15:50 55 125 40 406 231 25 231 0 26 60</string>
    <string>2016-10-19 10:15:50 56 69 40 57 235 25 235 0 27 60</string>
    <string>2016-10-19 10:15:51 57 79 40 120 240 25 240 0 27 60</string>
    <string>2016-10-19 10:15:51 58 67 40 47 244 25 244 0 28 60</string>
    <string>2016-10-19 10:15:52 59 84 40 153 248 25 248 0 28 60</string>
    <string>2016-10-19 10:15:52 60 85 40 161 252 25 252 0 29 60</string>
    <string>2016-10-19 10:15:53 61 82 40 142 257 25 257 0 29 60</string>
    <string>2016-10-19 10:15:53 62 68 40 54 261 25 261 0 30 60</string>
    <string>2016-10-19 10:15:54 63 129 40 436 266 25 266 0 30 60</string>
    <string>2016-10-19 10:15:54 64 69 40 59 271 25 271 0 31 60</string>
    <string>2016-10-19 10:15:55 65 135 40 470 275 25 275 0 31 60</string>
    <string>2016-10-19 10:15:55 66 116 40 353 280 25 280 0 32 60</string>
    <string>2016-10-19 10:15:56 67 60 40 4 284 25 284 0 32 60</string>
    <string>2016-10-19 10:15:56 68 121 40 386 289 25 289 0 33 60</string>
    <string>2016-10-19 10:15:57 69 103 40 270 294 25 294 0 33 60</string>
    <string>2016-10-19 10:15:57 70 75 40 99 298 25 298 0 34 60</string>
    <string>2016-10-19 10:15:58 71 105 40 287 302 25 302 0 34 60</string>
    <string>2016-10-19 10:15:58 72 125 40 409 307 25 307 0 35 60</string>
    <string>2016-10-19 10:15:59 73 111 40 320 311 25 311 0 35 60</string>
    <string>2016-10-19 10:15:59 74 92 40 204 316 25 316 0 36 60</string>
    <string>2016-10-19 10:16:00 75 73 40 88 321 25 321 0 36 60</string>
    <string>2016-10-19 10:16:00 76 126 40 416 325 25 325 0 37 60</string>
    <string>2016-10-19 10:16:01 77 107 40 300 330 25 330 0 37 60</string>
    <string>2016-10-19 10:16:01 78 131 40 449 334 25 334 0 38 60</string>
    <string>2016-10-19 10:16:02 79 113 40 333 339 25 339 0 38 60</string>
    <string>2016-10-19 10:16:02 80 99 40 244 343 25 343 0 39 60</string>
    <string>2016-10-19 10:16:03 81 67 40 46 348 25 348 0 39 60</string>
    <string>2016-10-19 10:16:03 82 135 40 472 352 25 352 0 40 60</string>
    <string>2016-10-19 10:16:04 83 72 40 79 356 25 356 0 40 60</string>
    <string>2016-10-19 10:16:04 84 82 40 142 361 25 361 0 41 60</string>
    <string>2016-10-19 10:16:05 85 106 40 292 365 25 365 0 41 60</string>
    <string>2016-10-19 10:16:05 86 88 40 175 370 25 370 0 42 60</string>
    <string>2016-10-19 10:16:06 87 69 40 59 375 25 375 0 42 60</string>
    <string>2016-10-19 10:16:06 87 69 40 59 375 25 375 0 42 60</string>
    <string>2016-10-19 10:16:07 88 135 40 469 379 25 379 0 43 60</string>
    <string>2016-10-19 10:16:07 89 116 40 353 384 25 384 0 43 60</string>
    <string>2016-10-19 10:16:08 90 135 40 474 389 25 389 0 44 60</string>
    <string>2016-10-19 10:16:08 91 121 40 386 393 25 393 0 44 60</string>
    <string>2016-10-19 10:16:09 92 103 40 269 398 25 398 0 45 60</string>
    <string>2016-10-19 10:16:09 93 75 40 99 402 25 402 0 45 60</string>
    <string>2016-10-19 10:16:10 94 77 40 108 406 25 406 0 46 60</string>
    <string>2016-10-19 10:16:10 95 125 40 409 411 25 411 0 46 60</string>
    <string>2016-10-19 10:16:11 96 106 40 292 416 25 416 0 47 60</string>
    <string>2016-10-19 10:16:11 97 79 40 122 420 25 420 0 47 60</string>
    <string>2016-10-19 10:16:12 98 132 40 451 424 25 424 0 48 60</string>
    <string>2016-10-19 10:16:12 99 113 40 334 429 25 429 0 48 60</string>
    <string>2016-10-19 10:16:13 100 94 40 218 434 25 434 0 49 60</string>
    <string>2016-10-19 10:16:13 101 67 40 47 438 25 438 0 49 60</string>
    <string>2016-10-19 10:16:14 102 128 40 430 443 25 443 0 50 60</string>
    <string>2016-10-19 10:16:14 103 117 40 357 447 25 447 0 50 60</string>
    <string>2016-10-19 10:16:15 104 131 40 447 451 25 451 0 51 60</string>
    <string>2016-10-19 10:16:15 105 119 40 374 455 25 455 0 51 60</string>
    <string>2016-10-19 10:16:16 106 65 40 35 460 25 460 0 52 60</string>
    <string>2016-10-19 10:16:16 107 89 40 185 464 25 464 0 52 60</string>
    <string>2016-10-19 10:16:17 108 70 40 69 469 25 469 0 53 60</string>
    <string>2016-10-19 10:16:17 109 132 40 451 474 25 474 0 53 60</string>
    <string>2016-10-19 10:16:18 110 76 40 102 478 25 478 0 54 60</string>
    <string>2016-10-19 10:16:18 111 86 40 164 483 25 483 0 54 60</string>
    <string>2016-10-19 10:16:19 112 110 40 314 487 25 487 0 55 60</string>
    <string>2016-10-19 10:16:19 113 91 40 198 492 25 492 0 55 60</string>
    <string>2016-10-19 10:16:20 114 92 40 206 496 25 496 0 56 60</string>
    <string>2016-10-19 10:16:20 115 74 40 90 501 25 501 0 56 60</string>
    <string>2016-10-19 10:16:21 116 98 40 239 505 25 505 0 57 60</string>
    <string>2016-10-19 10:16:21 117 108 40 302 510 25 510 0 57 60</string>
    <string>2016-10-19 10:16:22 118 132 40 452 514 25 514 0 58 60</string>
    <string>2016-10-19 10:16:22 119 113 40 335 519 25 519 0 58 60</string>
    <string>2016-10-19 10:16:23 120 99 40 247 523 25 523 0 59 60</string>
    <string>2016-10-19 10:16:23 121 80 40 130 528 25 528 0 59 60</string>
    <string>2016-10-19 10:16:24 122 62 40 14 533 25 533 1 0 60</string>
    <string>2016-10-19 10:16:24 123 86 40 163 537 25 537 1 0 60</string>
    <string>2016-10-19 10:16:25 124 67 40 47 542 25 542 1 1 60</string>
    <string>2016-10-19 10:16:25 125 91 40 197 546 25 546 1 1 60</string>
    <string>2016-10-19 10:16:26 126 130 40 438 551 25 551 1 2 60</string>
    <string>2016-10-19 10:16:26 127 102 40 268 555 25 555 1 2 60</string>
    <string>2016-10-19 10:16:27 128 84 40 151 560 25 560 1 3 60</string>
    <string>2016-10-19 10:16:27 129 108 40 301 564 25 564 1 3 60</string>
    <string>2016-10-19 10:16:28 130 60 40 6 569 25 569 1 4 60</string>
    <string>2016-10-19 10:16:28 131 122 40 388 574 25 574 1 4 60</string>
    <string>2016-10-19 10:16:29 132 107 40 299 578 25 578 1 5 60</string>
    <string>2016-10-19 10:16:29 133 89 40 183 583 25 583 1 5 60</string>
    <string>2016-10-19 10:16:30 134 61 40 13 587 25 587 1 6 60</string>
    <string>2016-10-19 10:16:30 135 123 40 395 592 25 592 1 6 60</string>
    <string>2016-10-19 10:16:31 136 67 40 46 596 25 596 1 7 60</string>
    <string>2016-10-19 10:16:31 137 77 40 108 601 25 601 1 7 60</string>
    <string>2016-10-19 10:16:32 138 96 40 230 606 25 606 1 8 60</string>
    <string>2016-10-19 10:16:32 139 98 40 239 610 25 610 1 8 60</string>
    <string>2016-10-19 10:16:33 140 70 40 69 614 25 614 1 9 60</string>
    <string>2016-10-19 10:16:33 141 80 40 131 619 25 619 1 9 60</string>
    <string>2016-10-19 10:16:34 142 104 40 281 623 25 623 1 10 60</string>
    <string>2016-10-19 10:16:34 143 86 40 165 628 25 628 1 10 60</string>
    <string>2016-10-19 10:16:35 144 67 40 48 633 25 633 1 11 60</string>
    <string>2016-10-19 10:16:35 145 133 40 458 637 25 637 1 11 60</string>
    <string>2016-10-19 10:16:36 146 72 40 81 642 25 642 1 12 60</string>
    <string>2016-10-19 10:16:36 147 138 40 492 646 25 646 1 12 60</string>
    <string>2016-10-19 10:16:37 148 106 40 293 651 25 651 1 13 60</string>
    <string>2016-10-19 10:16:37 149 92 40 205 655 25 655 1 13 60</string>
    <string>2016-10-19 10:16:38 150 74 40 88 660 25 660 1 14 60</string>
    <string>2016-10-19 10:16:38 151 126 40 417 664 25 664 1 14 60</string>
    <string>2016-10-19 10:16:39 152 123 40 398 669 25 669 1 15 60</string>
    <string>2016-10-19 10:16:39 153 109 40 309 673 25 673 1 15 60</string>
    <string>2016-10-19 10:16:40 154 129 40 431 678 25 678 1 16 60</string>
    <string>2016-10-19 10:16:40 155 114 40 342 682 25 682 1 16 60</string>
    <string>2016-10-19 10:16:41 156 96 40 226 687 25 687 1 17 60</string>
    <string>2016-10-19 10:16:41 157 77 40 110 692 25 692 1 17 60</string>
    <string>2016-10-19 10:16:42 158 130 40 438 696 25 696 1 18 60</string>
    <string>2016-10-19 10:16:42 159 111 40 322 701 25 701 1 18 60</string>
    <string>2016-10-19 10:16:43 160 84 40 152 705 25 705 1 19 60</string>
    <string>2016-10-19 10:16:43 161 65 40 35 710 25 710 1 19 60</string>
    <string>2016-10-19 10:16:44 162 82 40 141 714 25 714 1 20 60</string>
    <string>2016-10-19 10:16:44 163 106 40 291 718 25 718 1 20 60</string>
    <string>2016-10-19 10:16:45 164 87 40 174 723 25 723 1 21 60</string>
    <string>2016-10-19 10:16:45 165 69 40 58 728 25 728 1 21 60</string>
    <string>2016-10-19 10:16:46 166 93 40 208 732 25 732 1 22 60</string>
    <string>2016-10-19 10:16:46 167 74 40 91 737 25 737 1 22 60</string>
    <string>2016-10-19 10:16:47 168 60 40 2 741 25 741 1 23 60</string>
    <string>2016-10-19 10:16:47 169 121 40 385 746 25 746 1 23 60</string>
    <string>2016-10-19 10:16:48 170 94 40 215 750 25 750 1 24 60</string>
    <string>2016-10-19 10:16:48 171 91 40 196 755 25 755 1 24 60</string>
    <string>2016-10-19 10:16:49 172 63 40 25 759 25 759 1 25 60</string>
    <string>2016-10-19 10:16:49 173 74 40 88 764 25 764 1 25 60</string>
    <string>2016-10-19 10:16:50 174 113 40 335 768 25 768 1 26 60</string>
    <string>2016-10-19 10:16:50 175 115 40 344 772 25 772 1 26 60</string>
    <string>2016-10-19 10:16:51 176 96 40 227 777 25 777 1 27 60</string>
    <string>2016-10-19 10:16:51 177 120 40 377 781 25 781 1 27 60</string>
    <string>2016-10-19 10:16:52 178 101 40 260 786 25 786 1 28 60</string>
    <string>2016-10-19 10:16:52 179 82 40 144 791 25 791 1 28 60</string>
    <string>2016-10-19 10:16:53 180 68 40 55 795 25 795 1 29 60</string>
    <string>2016-10-19 10:16:53 181 108 40 302 799 25 799 1 29 60</string>
    <string>2016-10-19 10:16:54 182 67 40 45 804 25 804 1 30 60</string>
    <string>2016-10-19 10:16:54 183 91 40 195 808 25 808 1 30 60</string>
    <string>2016-10-19 10:16:55 184 72 40 78 813 25 813 1 31 60</string>
    <string>2016-10-19 10:16:55 185 120 40 379 818 25 818 1 31 60</string>
    <string>2016-10-19 10:16:56 186 70 40 68 822 25 822 1 32 60</string>
    <string>2016-10-19 10:16:56 187 132 40 450 827 25 827 1 32 60</string>
    <string>2016-10-19 10:16:57 188 76 40 101 831 25 831 1 33 60</string>
    <string>2016-10-19 10:16:57 189 137 40 484 836 25 836 1 33 60</string>
    <string>2016-10-19 10:16:58 190 110 40 313 840 25 840 1 34 60</string>
    <string>2016-10-19 10:16:58 191 91 40 197 845 25 845 1 34 60</string>
    <string>2016-10-19 10:16:59 192 92 40 206 849 25 849 1 35 60</string>
    <string>2016-10-19 10:16:59 193 74 40 89 854 25 854 1 35 60</string>
    <string>2016-10-19 10:17:00 194 98 40 239 858 25 858 1 36 60</string>
    <string>2016-10-19 10:17:00 195 79 40 122 863 25 863 1 36 60</string>
    <string>2016-10-19 10:17:01 196 67 40 49 867 25 867 1 37 60</string>
    <string>2016-10-19 10:17:01 197 97 40 237 871 25 871 1 37 60</string>
    <string>2016-10-19 10:17:02 198 66 40 39 876 25 876 1 38 60</string>
    <string>2016-10-19 10:17:02 199 131 40 449 880 25 880 1 38 60</string>
    <string>2016-10-19 10:17:03 200 113 40 333 885 25 885 1 39 60</string>
    <string>2016-10-19 10:17:03 201 94 40 216 890 25 890 1 39 60</string>
    <string>2016-10-19 10:17:04 202 118 40 366 894 25 894 1 40 60</string>
    <string>2016-10-19 10:17:04 203 106 40 293 898 25 898 1 40 60</string>
    <string>2016-10-19 10:17:05 204 116 40 356 903 25 903 1 41 60</string>
    <string>2016-10-19 10:17:05 205 60 40 6 907 25 907 1 41 60</string>
    <string>2016-10-19 10:17:06 206 122 40 389 912 25 912 1 42 60</string>
    <string>2016-10-19 10:17:06 207 94 40 219 916 25 916 1 42 60</string>
    <string>2016-10-19 10:17:07 208 105 40 281 921 25 921 1 43 60</string>
    <string>2016-10-19 10:17:07 209 77 40 111 925 25 925 1 43 60</string>
    <string>2016-10-19 10:17:08 210 87 40 173 930 25 930 1 44 60</string>
    <string>2016-10-19 10:17:08 211 60 40 3 934 25 934 1 44 60</string>
    <string>2016-10-19 10:17:09 212 121 40 386 939 25 939 1 45 60</string>
    <string>2016-10-19 10:17:09 213 65 40 36 943 25 943 1 45 60</string>
    <string>2016-10-19 10:17:10 214 127 40 419 948 25 948 1 46 60</string>
    <string>2016-10-19 10:17:10 215 79 40 123 952 25 952 1 46 60</string>
    <string>2016-10-19 10:17:11 216 65 40 35 955 25 955 1 47 60</string>
    <string>2016-10-19 10:17:11 217 62 40 16 960 25 960 1 47 60</string>
    <string>2016-10-19 10:17:12 218 88 40 176 964 25 964 1 48 60</string>
    <string>2016-10-19 10:17:12 219 96 40 228 967 25 967 1 48 60</string>
    <string>2016-10-19 10:17:13 219 96 40 228 967 25 967 1 48 60</string>
    <string>2016-10-19 10:17:13 220 129 40 431 971 25 971 1 49 60</string>
    <string>2016-10-19 10:17:14 221 110 40 315 975 25 975 1 49 60</string>
    <string>2016-10-19 10:17:14 222 76 40 101 979 25 979 1 50 60</string>
    <string>2016-10-19 10:17:15 223 84 40 153 982 25 982 1 50 60</string>
    <string>2016-10-19 10:17:15 224 81 40 134 986 25 986 1 51 60</string>
    <string>2016-10-19 10:17:16 225 98 40 240 990 25 990 1 51 60</string>
    <string>2016-10-19 10:17:16 226 131 40 444 994 25 994 1 52 60</string>
    <string>2016-10-19 10:17:17 227 83 40 148 998 25 998 1 52 60</string>
    <string>2016-10-19 10:17:17 228 93 40 211 1002 25 1002 1 53 60</string>
    <string>2016-10-19 10:17:18 229 117 40 361 1005 25 1005 1 53 60</string>
    <string>2016-10-19 10:17:18 230 99 40 244 1009 25 1009 1 54 60</string>
    <string>2016-10-19 10:17:19 231 116 40 350 1013 25 1013 1 54 60</string>
    <string>2016-10-19 10:17:19 232 77 40 109 1018 25 1018 1 55 60</string>
    <string>2016-10-19 10:17:20 233 107 40 297 1022 25 1022 1 55 60</string>
    <string>2016-10-19 10:17:20 234 111 40 321 1026 25 1026 1 56 60</string>
    <string>2016-10-19 10:17:21 235 132 40 455 1029 25 1029 1 56 60</string>
    <string>2016-10-19 10:17:21 236 94 40 213 1034 25 1034 1 57 60</string>
    <string>2016-10-19 10:17:22 237 131 40 445 1037 25 1037 1 57 60</string>
    <string>2016-10-19 10:17:22 238 135 40 469 1041 25 1041 1 58 60</string>
    <string>2016-10-19 10:17:23 239 65 40 33 1046 25 1046 1 58 60</string>
    <string>2016-10-19 10:17:23 240 66 40 41 1049 25 1049 1 59 60</string>
    <string>2016-10-19 10:17:24 241 114 40 342 1053 25 1053 1 59 60</string>
    <string>2016-10-19 10:17:24 242 124 40 405 1057 25 1057 2 0 60</string>
    <string>2016-10-19 10:17:25 243 81 40 137 1060 25 1060 2 0 60</string>
    <string>2016-10-19 10:17:25 244 130 40 438 1064 25 1064 2 1 60</string>
    <string>2016-10-19 10:17:26 245 67 40 45 1068 25 1068 2 1 60</string>
    <string>2016-10-19 10:17:26 246 99 40 249 1072 25 1072 2 2 60</string>
    <string>2016-10-19 10:17:27 247 129 40 436 1076 25 1076 2 2 60</string>
    <string>2016-10-19 10:17:27 248 82 40 141 1080 25 1080 2 3 60</string>
    <string>2016-10-19 10:17:28 249 70 40 68 1084 25 1084 2 3 60</string>
    <string>2016-10-19 10:17:28 250 112 40 325 1089 25 1089 2 4 60</string>
    <string>2016-10-19 10:17:29 250 112 40 325 1089 25 1089 2 4 60</string>
    <string>2016-10-19 10:17:29 251 84 40 155 1093 25 1093 2 4 60</string>
    <string>2016-10-19 10:17:30 252 114 40 343 1097 25 1097 2 5 60</string>
    <string>2016-10-19 10:17:30 253 63 40 20 1102 25 1102 2 5 60</string>
    <string>2016-10-19 10:17:31 254 128 40 430 1105 25 1105 2 6 60</string>
    <string>2016-10-19 10:17:31 255 110 40 313 1109 25 1109 2 6 60</string>
    <string>2016-10-19 10:17:32 256 67 40 46 1112 25 1112 2 7 60</string>
    <string>2016-10-19 10:17:32 257 131 40 444 1116 25 1116 2 7 60</string>
    <string>2016-10-19 10:17:33 258 125 40 409 1120 25 1120 2 8 60</string>
    <string>2016-10-19 10:17:33 259 129 40 434 1124 25 1124 2 8 60</string>
    <string>2016-10-19 10:17:34 260 66 40 41 1128 25 1128 2 9 60</string>
    <string>2016-10-19 10:17:34 261 60 40 6 1132 25 1132 2 9 60</string>
    <string>2016-10-19 10:17:35 262 100 40 253 1136 25 1136 2 10 60</string>
    <string>2016-10-19 10:17:35 263 66 40 39 1140 25 1140 2 10 60</string>
    <string>2016-10-19 10:17:36 264 91 40 199 1145 25 1145 2 11 60</string>
    <string>2016-10-19 10:17:36 265 108 40 305 1149 25 1149 2 11 60</string>
    <string>2016-10-19 10:17:37 266 97 40 232 1153 25 1153 2 12 60</string>
    <string>2016-10-19 10:17:37 267 62 40 19 1157 25 1157 2 12 60</string>
    <string>2016-10-19 10:17:38 268 95 40 222 1161 25 1161 2 13 60</string>
    <string>2016-10-19 10:17:38 269 61 40 8 1165 25 1165 2 13 60</string>
    <string>2016-10-19 10:17:39 270 65 40 33 1169 25 1169 2 14 60</string>
    <string>2016-10-19 10:17:39 271 130 40 443 1172 25 1172 2 14 60</string>
    <string>2016-10-19 10:17:40 272 114 40 342 1177 25 1177 2 15 60</string>
  </Results>
</ServerData>