<?xml version="1.0"?>
<ServerData xmlns:xsi="http://www.w3.org/2001/XMLSchema-instance" xmlns:xsd="http://www.w3.org/2001/XMLSchema">
  <Name>myk</Name>
  <Password>pieren</Password>
  <Doctor>false</Doctor>
  <Messages>
    <string>message_Dokter_2016-10-19 10:30:24  Dokter Broadcast : seah boi</string>
    <string>message_Dokter_Dokter lol has been disconnected</string>
  </Messages>
  <Results>
    <string>2016-10-19 10:29:37 1 10 40 2 0 25 0 0 0 60</string>
    <string>2016-10-19 10:29:43 14 112 40 327 46 25 46 0 6 60</string>
    <string>2016-10-19 10:29:44 15 109 40 308 50 25 50 0 7 60</string>
    <string>2016-10-19 10:29:44 16 106 40 289 54 25 54 0 7 60</string>
    <string>2016-10-19 10:29:45 17 71 40 75 57 25 57 0 8 60</string>
    <string>2016-10-19 10:29:45 18 124 40 404 60 25 60 0 8 60</string>
    <string>2016-10-19 10:29:46 19 70 40 65 64 25 64 0 9 60</string>
    <string>2016-10-19 10:29:46 19 70 40 65 64 25 64 0 9 60</string>
    <string>2016-10-19 10:29:47 20 94 40 214 67 25 67 0 9 60</string>
    <string>2016-10-19 10:29:47 21 119 40 374 71 25 71 0 10 60</string>
    <string>2016-10-19 10:29:48 22 108 40 301 74 25 74 0 10 60</string>
    <string>2016-10-19 10:29:48 23 118 40 364 77 25 77 0 11 60</string>
    <string>2016-10-19 10:29:49 24 66 40 41 81 25 81 0 11 60</string>
    <string>2016-10-19 10:29:49 25 119 40 369 84 25 84 0 12 60</string>
    <string>2016-10-19 10:29:50 26 136 40 475 87 25 87 0 12 60</string>
    <string>2016-10-19 10:29:50 27 73 40 83 90 25 90 0 13 60</string>
    <string>2016-10-19 10:29:51 28 127 40 422 94 25 94 0 13 60</string>
    <string>2016-10-19 10:29:51 29 100 40 251 97 25 97 0 14 60</string>
    <string>2016-10-19 10:29:52 30 101 40 260 100 25 100 0 14 60</string>
    <string>2016-10-19 10:29:52 31 114 40 338 104 25 104 0 15 60</string>
    <string>2016-10-19 10:29:53 32 115 40 347 107 25 107 0 15 60</string>
    <string>2016-10-19 10:29:53 33 63 40 24 111 25 111 0 16 60</string>
    <string>2016-10-19 10:29:54 34 65 40 33 114 25 114 0 16 60</string>
    <string>2016-10-19 10:29:54 35 66 40 41 117 25 117 0 17 60</string>
    <string>2016-10-19 10:29:55 36 119 40 370 120 25 120 0 17 60</string>
    <string>2016-10-19 10:29:55 37 80 40 128 124 25 124 0 18 60</string>
    <string>2016-10-19 10:29:56 38 68 40 55 127 25 127 0 18 60</string>
    <string>2016-10-19 10:29:56 39 130 40 438 131 25 131 0 19 60</string>
    <string>2016-10-19 10:29:57 40 87 40 170 134 25 134 0 19 60</string>
    <string>2016-10-19 10:29:57 40 87 40 170 134 25 134 0 19 60</string>
    <string>2016-10-19 10:29:58 41 84 40 151 138 25 138 0 20 60</string>
    <string>2016-10-19 10:29:58 42 114 40 339 141 25 141 0 20 60</string>
    <string>2016-10-19 10:29:59 43 66 40 43 145 25 145 0 21 60</string>
    <string>2016-10-19 10:29:59 44 68 40 52 149 25 149 0 21 60</string>
    <string>2016-10-19 10:30:00 45 116 40 353 153 25 153 0 22 60</string>
    <string>2016-10-19 10:30:00 46 117 40 362 156 25 156 0 22 60</string>
    <string>2016-10-19 10:30:01 47 83 40 148 159 25 159 0 23 60</string>
    <string>2016-10-19 10:30:01 48 80 40 129 163 25 163 0 23 60</string>
    <string>2016-10-19 10:30:02 49 120 40 376 167 25 167 0 24 60</string>
    <string>2016-10-19 10:30:02 50 137 40 482 171 25 171 0 24 60</string>
    <string>2016-10-19 10:30:03 51 95 40 225 176 25 176 0 25 60</string>
    <string>2016-10-19 10:30:03 52 84 40 152 180 25 180 0 25 60</string>
    <string>2016-10-19 10:30:04 53 72 40 79 184 25 184 0 26 60</string>
    <string>2016-10-19 10:30:04 54 89 40 185 188 25 188 0 26 60</string>
    <string>2016-10-19 10:30:05 55 119 40 373 192 25 192 0 26 60</string>
    <string>2016-10-19 10:30:05 56 101 40 256 197 25 197 0 27 60</string>
    <string>2016-10-19 10:30:06 57 89 40 183 201 25 201 0 27 60</string>
    <string>2016-10-19 10:30:06 58 106 40 289 205 25 205 0 28 60</string>
    <string>2016-10-19 10:30:07 59 67 40 48 209 25 209 0 29 60</string>
    <string>2016-10-19 10:30:07 60 68 40 57 213 25 213 0 29 60</string>
    <string>2016-10-19 10:30:08 61 65 40 38 218 25 218 0 30 60</string>
    <string>2016-10-19 10:30:08 62 118 40 366 222 25 222 0 30 60</string>
    <string>2016-10-19 10:30:09 63 135 40 472 226 25 226 0 31 60</string>
    <string>2016-10-19 10:30:09 64 108 40 302 230 25 230 0 31 60</string>
    <string>2016-10-19 10:30:10 65 118 40 365 235 25 235 0 32 60</string>
    <string>2016-10-19 10:30:10 66 106 40 292 239 25 239 0 32 60</string>
    <string>2016-10-19 10:30:11 67 123 40 398 243 25 243 0 33 60</string>
    <string>2016-10-19 10:30:11 68 112 40 325 247 25 247 0 33 60</string>
    <string>2016-10-19 10:30:12 69 62 40 14 251 25 251 0 34 60</string>
    <string>2016-10-19 10:30:12 70 130 40 440 255 25 255 0 34 60</string>
    <string>2016-10-19 10:30:13 71 76 40 101 260 25 260 0 35 60</string>
    <string>2016-10-19 10:30:13 72 128 40 429 264 25 264 0 35 60</string>
    <string>2016-10-19 10:30:14 73 117 40 356 268 25 268 0 36 60</string>
    <string>2016-10-19 10:30:14 74 127 40 419 273 25 273 0 36 60</string>
    <string>2016-10-19 10:30:15 75 64 40 26 277 25 277 0 36 60</string>
    <string>2016-10-19 10:30:15 76 132 40 452 281 25 281 0 37 60</string>
    <string>2016-10-19 10:30:16 77 105 40 282 285 25 285 0 37 60</string>
    <string>2016-10-19 10:30:16 78 122 40 388 289 25 289 0 38 60</string>
    <string>2016-10-19 10:30:17 79 72 40 77 293 25 293 0 38 60</string>
    <string>2016-10-19 10:30:17 80 136 40 475 298 25 298 0 39 60</string>
    <string>2016-10-19 10:30:18 81 137 40 484 302 25 302 0 39 60</string>
    <string>2016-10-19 10:30:18 82 123 40 395 306 25 306 0 40 60</string>
    <string>2016-10-19 10:30:19 83 135 40 473 311 25 311 0 40 60</string>
    <string>2016-10-19 10:30:19 84 137 40 482 315 25 315 0 41 60</string>
    <string>2016-10-19 10:30:20 85 109 40 312 319 25 319 0 41 60</string>
    <string>2016-10-19 10:30:20 86 106 40 293 324 25 324 0 42 60</string>
    <string>2016-10-19 10:30:21 87 99 40 248 327 25 327 0 42 60</string>
    <string>2016-10-19 10:30:21 88 96 40 229 332 25 332 0 43 60</string>
    <string>2016-10-19 10:30:22 89 126 40 416 336 25 336 0 43 60</string>
    <string>2016-10-19 10:30:22 90 63 40 24 340 25 340 0 44 60</string>
    <string>2016-10-19 10:30:23 91 131 40 450 344 25 344 0 44 60</string>
    <string>2016-10-19 10:30:23 92 133 40 458 348 25 348 0 45 60</string>
    <string>2016-10-19 10:30:24 93 65 40 38 353 25 353 0 45 60</string>
    <string>2016-10-19 10:30:24 94 134 40 464 357 25 357 0 46 60</string>
    <string>2016-10-19 10:30:25 95 71 40 71 361 25 361 0 46 60</string>
    <string>2016-10-19 10:30:25 96 72 40 80 365 25 365 0 47 60</string>
    <string>2016-10-19 10:30:26 97 89 40 186 369 25 369 0 47 60</string>
    <string>2016-10-19 10:30:26 98 119 40 373 373 25 373 0 48 60</string>
    <string>2016-10-19 10:30:27 99 136 40 480 377 25 377 0 48 60</string>
    <string>2016-10-19 10:30:27 100 125 40 407 381 25 381 0 49 60</string>
    <string>2016-10-19 10:30:28 101 86 40 165 385 25 385 0 49 60</string>
    <string>2016-10-19 10:30:28 102 110 40 315 388 25 388 0 50 60</string>
    <string>2016-10-19 10:30:29 103 67 40 47 391 25 391 0 50 60</string>
    <string>2016-10-19 10:30:29 104 86 40 163 395 25 395 0 51 60</string>
    <string>2016-10-19 10:30:30 105 138 40 492 398 25 398 0 51 60</string>
    <string>2016-10-19 10:30:30 106 100 40 250 402 25 402 0 52 60</string>
    <string>2016-10-19 10:30:31 107 132 40 454 405 25 405 0 52 60</string>
    <string>2016-10-19 10:30:31 108 98 40 240 408 25 408 0 53 60</string>
    <string>2016-10-19 10:30:32 108 98 40 240 408 25 408 0 53 60</string>
    <string>2016-10-19 10:30:32 109 117 40 362 411 25 411 0 53 60</string>
    <string>2016-10-19 10:30:33 110 99 40 246 414 25 414 0 54 60</string>
    <string>2016-10-19 10:30:33 111 93 40 211 417 25 417 0 54 60</string>
    <string>2016-10-19 10:30:34 112 110 40 317 420 25 420 0 55 60</string>
    <string>2016-10-19 10:30:34 113 127 40 423 423 25 423 0 55 60</string>
    <string>2016-10-19 10:30:35 114 95 40 225 427 25 427 0 56 60</string>
    <string>2016-10-19 10:30:35 115 97 40 234 430 25 430 0 56 60</string>
    <string>2016-10-19 10:30:36 116 78 40 117 434 25 434 0 57 60</string>
    <string>2016-10-19 10:30:36 117 115 40 348 437 25 437 0 57 60</string>
    <string>2016-10-19 10:30:37 118 112 40 329 441 25 441 0 58 60</string>
    <string>2016-10-19 10:30:37 119 65 40 34 445 25 445 0 58 60</string>
    <string>2016-10-19 10:30:38 120 82 40 140 449 25 449 0 59 60</string>
    <string>2016-10-19 10:30:38 121 106 40 290 453 25 453 0 59 60</string>
    <string>2016-10-19 10:30:39 122 107 40 298 457 25 457 1 0 60</string>
    <string>2016-10-19 10:30:39 123 104 40 279 461 25 461 1 0 60</string>
    <string>2016-10-19 10:30:40 124 99 40 245 464 25 464 1 1 60</string>
    <string>2016-10-19 10:30:40 125 82 40 144 468 25 468 1 1 60</string>
    <string>2016-10-19 10:30:41 126 77 40 109 472 25 472 1 2 60</string>
    <string>2016-10-19 10:30:41 127 117 40 356 476 25 476 1 2 60</string>
    <string>2016-10-19 10:30:42 128 111 40 321 480 25 480 1 3 60</string>
    <string>2016-10-19 10:30:42 129 115 40 346 484 25 484 1 3 60</string>
    <string>2016-10-19 10:30:43 130 65 40 35 488 25 488 1 4 60</string>
    <string>2016-10-19 10:30:43 131 133 40 461 492 25 492 1 4 60</string>
    <string>2016-10-19 10:30:44 132 135 40 469 495 25 495 1 5 60</string>
    <string>2016-10-19 10:30:44 133 116 40 353 498 25 498 1 5 60</string>
    <string>2016-10-19 10:30:45 134 104 40 280 501 25 501 1 6 60</string>
    <string>2016-10-19 10:30:45 135 101 40 261 505 25 505 1 6 60</string>
    <string>2016-10-19 10:30:46 136 90 40 188 509 25 509 1 7 60</string>
    <string>2016-10-19 10:30:46 137 115 40 348 513 25 513 1 7 60</string>
    <string>2016-10-19 10:30:47 137 115 40 348 513 25 513 1 7 60</string>
    <string>2016-10-19 10:30:47 138 72 40 80 516 25 516 1 8 60</string>
    <string>2016-10-19 10:30:48 139 98 40 240 520 25 520 1 8 60</string>
    <string>2016-10-19 10:30:48 140 99 40 249 523 25 523 1 9 60</string>
    <string>2016-10-19 10:30:49 141 88 40 176 527 25 527 1 9 60</string>
    <string>2016-10-19 10:30:49 142 120 40 380 531 25 531 1 10 60</string>
    <string>2016-10-19 10:30:50 143 137 40 486 535 25 535 1 10 60</string>
    <string>2016-10-19 10:30:50 144 74 40 93 539 25 539 1 11 60</string>
  </Results>
</ServerData>