<?xml version="1.0"?>
<ServerData xmlns:xsi="http://www.w3.org/2001/XMLSchema-instance" xmlns:xsd="http://www.w3.org/2001/XMLSchema">
  <Name>piet</Name>
  <Password>peter</Password>
  <Doctor>false</Doctor>
  <Messages>
    <string>piet_2016-10-19 10:30:14  Dokter : yeah boi</string>
    <string>message_Dokter_2016-10-19 10:30:24  Dokter Broadcast : seah boi</string>
    <string>message_Dokter_Dokter lol has been disconnected</string>
  </Messages>
  <Results>
    <string>2016-10-19 10:26:49 1 10 40 2 0 25 0 0 0 60</string>
    <string>2016-10-19 10:26:50 2 76 40 100 4 25 4 0 0 60</string>
    <string>2016-10-19 10:26:50 3 128 40 429 8 25 8 0 0 60</string>
    <string>2016-10-19 10:26:51 4 110 40 313 13 25 13 0 1 60</string>
    <string>2016-10-19 10:26:51 5 95 40 224 17 25 17 0 1 60</string>
    <string>2016-10-19 10:26:52 6 92 40 205 22 25 22 0 2 60</string>
    <string>2016-10-19 10:26:52 7 65 40 35 26 25 26 0 2 60</string>
    <string>2016-10-19 10:26:53 8 126 40 417 31 25 31 0 3 60</string>
    <string>2016-10-19 10:26:53 9 99 40 247 35 25 35 0 3 60</string>
    <string>2016-10-19 10:26:54 10 67 40 49 40 25 40 0 4 60</string>
    <string>2016-10-19 10:26:54 11 84 40 155 44 25 44 0 4 60</string>
    <string>2016-10-19 10:26:55 12 66 40 38 49 25 49 0 5 60</string>
    <string>2016-10-19 10:26:55 13 131 40 449 53 25 53 0 5 60</string>
    <string>2016-10-19 10:26:56 14 100 40 251 58 25 58 0 6 60</string>
    <string>2016-10-19 10:26:56 15 65 40 37 62 25 62 0 6 60</string>
    <string>2016-10-19 10:26:57 16 67 40 45 66 25 66 0 7 60</string>
    <string>2016-10-19 10:26:57 17 91 40 195 70 25 70 0 7 60</string>
    <string>2016-10-19 10:26:58 18 72 40 79 75 25 75 0 8 60</string>
    <string>2016-10-19 10:26:58 19 133 40 461 80 25 80 0 8 60</string>
    <string>2016-10-19 10:26:59 20 77 40 112 84 25 84 0 9 60</string>
    <string>2016-10-19 10:26:59 21 139 40 494 89 25 89 0 9 60</string>
    <string>2016-10-19 10:27:00 22 76 40 101 93 25 93 0 10 60</string>
    <string>2016-10-19 10:27:00 23 77 40 110 97 25 97 0 10 60</string>
    <string>2016-10-19 10:27:01 24 138 40 493 102 25 102 0 11 60</string>
    <string>2016-10-19 10:27:01 25 82 40 143 106 25 106 0 11 60</string>
    <string>2016-10-19 10:27:02 26 64 40 27 111 25 111 0 12 60</string>
    <string>2016-10-19 10:27:02 27 130 40 437 115 25 115 0 12 60</string>
    <string>2016-10-19 10:27:03 28 111 40 321 120 25 120 0 13 60</string>
    <string>2016-10-19 10:27:03 29 84 40 150 124 25 124 0 13 60</string>
    <string>2016-10-19 10:27:04 30 65 40 34 129 25 129 0 14 60</string>
    <string>2016-10-19 10:27:04 31 126 40 417 134 25 134 0 14 60</string>
    <string>2016-10-19 10:27:05 32 121 40 387 138 25 138 0 15 60</string>
    <string>2016-10-19 10:27:05 33 103 40 271 143 25 143 0 15 60</string>
    <string>2016-10-19 10:27:06 34 133 40 459 147 25 147 0 16 60</string>
    <string>2016-10-19 10:27:06 35 101 40 260 152 25 152 0 16 60</string>
    <string>2016-10-19 10:27:07 36 87 40 172 156 25 156 0 17 60</string>
    <string>2016-10-19 10:27:07 37 68 40 55 161 25 161 0 17 60</string>
    <string>2016-10-19 10:27:08 38 121 40 384 165 25 165 0 18 60</string>
    <string>2016-10-19 10:27:08 39 102 40 268 170 25 170 0 18 60</string>
    <string>2016-10-19 10:27:09 40 126 40 417 174 25 174 0 19 60</string>
    <string>2016-10-19 10:27:09 41 108 40 301 179 25 179 0 19 60</string>
    <string>2016-10-19 10:27:10 42 132 40 450 183 25 183 0 20 60</string>
    <string>2016-10-19 10:27:10 43 113 40 334 188 25 188 0 20 60</string>
    <string>2016-10-19 10:27:11 44 123 40 397 193 25 193 0 21 60</string>
    <string>2016-10-19 10:27:11 45 67 40 47 197 25 197 0 21 60</string>
    <string>2016-10-19 10:27:12 46 97 40 235 201 25 201 0 22 60</string>
    <string>2016-10-19 10:27:12 47 94 40 216 206 25 206 0 22 60</string>
    <string>2016-10-19 10:27:13 48 131 40 447 210 25 210 0 23 60</string>
    <string>2016-10-19 10:27:13 49 112 40 331 215 25 215 0 23 60</string>
    <string>2016-10-19 10:27:14 50 132 40 453 220 25 220 0 24 60</string>
    <string>2016-10-19 10:27:14 51 118 40 364 224 25 224 0 24 60</string>
    <string>2016-10-19 10:27:15 52 99 40 247 229 25 229 0 25 60</string>
    <string>2016-10-19 10:27:15 53 123 40 397 233 25 233 0 25 60</string>
    <string>2016-10-19 10:27:16 54 104 40 281 238 25 238 0 26 60</string>
    <string>2016-10-19 10:27:16 55 90 40 192 242 25 242 0 26 60</string>
    <string>2016-10-19 10:27:17 56 123 40 395 247 25 247 0 27 60</string>
    <string>2016-10-19 10:27:17 57 96 40 225 251 25 251 0 27 60</string>
    <string>2016-10-19 10:27:18 58 121 40 385 256 25 256 0 28 60</string>
    <string>2016-10-19 10:27:18 59 65 40 36 260 25 260 0 28 60</string>
    <string>2016-10-19 10:27:19 60 126 40 418 265 25 265 0 29 60</string>
    <string>2016-10-19 10:27:19 61 108 40 302 270 25 270 0 29 60</string>
    <string>2016-10-19 10:27:20 62 94 40 213 274 25 274 0 30 60</string>
    <string>2016-10-19 10:27:20 63 113 40 335 279 25 279 0 30 60</string>
    <string>2016-10-19 10:27:21 64 99 40 246 283 25 283 0 31 60</string>
    <string>2016-10-19 10:27:21 65 80 40 130 288 25 288 0 31 60</string>
    <string>2016-10-19 10:27:22 66 104 40 280 292 25 292 0 32 60</string>
    <string>2016-10-19 10:27:22 67 86 40 163 297 25 297 0 32 60</string>
    <string>2016-10-19 10:27:23 68 67 40 47 302 25 302 0 33 60</string>
    <string>2016-10-19 10:27:23 69 133 40 457 306 25 306 0 33 60</string>
    <string>2016-10-19 10:27:24 70 85 40 162 311 25 311 0 34 60</string>
    <string>2016-10-19 10:27:24 71 109 40 311 315 25 315 0 34 60</string>
    <string>2016-10-19 10:27:25 72 91 40 195 320 25 320 0 35 60</string>
    <string>2016-10-19 10:27:25 73 72 40 78 325 25 325 0 35 60</string>
    <string>2016-10-19 10:27:26 74 138 40 489 329 25 329 0 36 60</string>
    <string>2016-10-19 10:27:26 75 77 40 111 334 25 334 0 36 60</string>
    <string>2016-10-19 10:27:27 76 63 40 23 338 25 338 0 37 60</string>
    <string>2016-10-19 10:27:27 77 124 40 405 343 25 343 0 37 60</string>
    <string>2016-10-19 10:27:28 78 106 40 289 348 25 348 0 38 60</string>
    <string>2016-10-19 10:27:28 79 130 40 439 352 25 352 0 38 60</string>
    <string>2016-10-19 10:27:29 80 111 40 322 357 25 357 0 39 60</string>
    <string>2016-10-19 10:27:29 81 97 40 233 361 25 361 0 39 60</string>
    <string>2016-10-19 10:27:30 82 116 40 355 366 25 366 0 40 60</string>
    <string>2016-10-19 10:27:30 83 102 40 267 370 25 370 0 40 60</string>
    <string>2016-10-19 10:27:31 84 83 40 150 375 25 375 0 41 60</string>
    <string>2016-10-19 10:27:31 85 65 40 34 380 25 380 0 41 60</string>
    <string>2016-10-19 10:27:32 86 89 40 183 384 25 384 0 42 60</string>
    <string>2016-10-19 10:27:32 87 70 40 67 389 25 389 0 42 60</string>
    <string>2016-10-19 10:27:33 88 136 40 477 393 25 393 0 43 60</string>
    <string>2016-10-19 10:27:33 89 75 40 100 398 25 398 0 43 60</string>
    <string>2016-10-19 10:27:34 90 61 40 11 402 25 402 0 44 60</string>
    <string>2016-10-19 10:27:34 91 123 40 394 407 25 407 0 44 60</string>
    <string>2016-10-19 10:27:35 92 67 40 45 411 25 411 0 45 60</string>
    <string>2016-10-19 10:27:35 93 77 40 107 416 25 416 0 45 60</string>
    <string>2016-10-19 10:27:36 94 138 40 490 421 25 421 0 46 60</string>
    <string>2016-10-19 10:27:36 95 82 40 140 425 25 425 0 46 60</string>
    <string>2016-10-19 10:27:37 96 63 40 24 430 25 430 0 47 60</string>
    <string>2016-10-19 10:27:37 97 129 40 434 434 25 434 0 47 60</string>
    <string>2016-10-19 10:27:38 98 69 40 57 439 25 439 0 48 60</string>
    <string>2016-10-19 10:27:38 99 134 40 467 443 25 443 0 48 60</string>
    <string>2016-10-19 10:27:39 100 116 40 351 448 25 448 0 49 60</string>
    <string>2016-10-19 10:27:39 101 97 40 235 453 25 453 0 49 60</string>
    <string>2016-10-19 10:27:40 102 121 40 384 457 25 457 0 50 60</string>
    <string>2016-10-19 10:27:40 103 102 40 268 462 25 462 0 50 60</string>
    <string>2016-10-19 10:27:41 104 75 40 97 466 25 466 0 51 60</string>
    <string>2016-10-19 10:27:41 105 136 40 480 471 25 471 0 51 60</string>
    <string>2016-10-19 10:27:42 106 122 40 391 475 25 475 0 52 60</string>
    <string>2016-10-19 10:27:42 107 62 40 14 480 25 480 0 52 60</string>
    <string>2016-10-19 10:27:43 108 127 40 424 484 25 484 0 53 60</string>
    <string>2016-10-19 10:27:43 109 109 40 308 489 25 489 0 53 60</string>
    <string>2016-10-19 10:27:44 110 90 40 192 494 25 494 0 54 60</string>
    <string>2016-10-19 10:27:44 111 114 40 341 498 25 498 0 54 60</string>
    <string>2016-10-19 10:27:45 112 95 40 225 503 25 503 0 55 60</string>
    <string>2016-10-19 10:27:45 113 81 40 136 507 25 507 0 55 60</string>
    <string>2016-10-19 10:27:46 114 101 40 258 512 25 512 0 56 60</string>
    <string>2016-10-19 10:27:46 115 87 40 169 516 25 516 0 56 60</string>
    <string>2016-10-19 10:27:47 116 68 40 53 521 25 521 0 57 60</string>
    <string>2016-10-19 10:27:47 117 129 40 435 526 25 526 0 57 60</string>
    <string>2016-10-19 10:27:48 118 73 40 86 530 25 530 0 58 60</string>
    <string>2016-10-19 10:27:48 119 135 40 469 535 25 535 0 58 60</string>
    <string>2016-10-19 10:27:49 120 120 40 380 539 25 539 0 59 60</string>
    <string>2016-10-19 10:27:49 121 60 40 3 544 25 544 0 59 60</string>
    <string>2016-10-19 10:27:50 122 126 40 413 548 25 548 1 0 60</string>
    <string>2016-10-19 10:27:50 123 107 40 297 553 25 553 1 0 60</string>
    <string>2016-10-19 10:27:51 124 88 40 180 558 25 558 1 1 60</string>
    <string>2016-10-19 10:27:51 125 112 40 330 562 25 562 1 1 60</string>
    <string>2016-10-19 10:27:52 126 94 40 213 567 25 567 1 2 60</string>
    <string>2016-10-19 10:27:52 127 79 40 125 571 25 571 1 2 60</string>
    <string>2016-10-19 10:27:53 128 99 40 247 576 25 576 1 3 60</string>
    <string>2016-10-19 10:27:53 129 85 40 158 580 25 580 1 3 60</string>
    <string>2016-10-19 10:27:54 130 66 40 41 585 25 585 1 4 60</string>
    <string>2016-10-19 10:27:54 131 127 40 424 590 25 590 1 4 60</string>
    <string>2016-10-19 10:27:55 132 84 40 156 594 25 594 1 5 60</string>
    <string>2016-10-19 10:27:55 133 104 40 278 599 25 599 1 5 60</string>
    <string>2016-10-19 10:27:56 134 85 40 162 604 25 604 1 6 60</string>
    <string>2016-10-19 10:27:56 135 71 40 73 608 25 608 1 6 60</string>
    <string>2016-10-19 10:27:57 136 132 40 456 613 25 613 1 7 60</string>
    <string>2016-10-19 10:27:57 137 76 40 106 617 25 617 1 7 60</string>
    <string>2016-10-19 10:27:58 138 102 40 266 622 25 622 1 8 60</string>
    <string>2016-10-19 10:27:58 139 119 40 372 626 25 626 1 8 60</string>
    <string>2016-10-19 10:27:59 140 92 40 202 630 25 630 1 9 60</string>
    <string>2016-10-19 10:27:59 141 73 40 86 635 25 635 1 9 60</string>
    <string>2016-10-19 10:28:00 142 75 40 94 639 25 639 1 10 60</string>
    <string>2016-10-19 10:28:00 143 99 40 244 643 25 643 1 10 60</string>
    <string>2016-10-19 10:28:01 144 131 40 447 648 25 648 1 11 60</string>
    <string>2016-10-19 10:28:01 145 112 40 331 653 25 653 1 11 60</string>
    <string>2016-10-19 10:28:02 146 98 40 242 657 25 657 1 12 60</string>
    <string>2016-10-19 10:28:02 147 131 40 446 662 25 662 1 12 60</string>
    <string>2016-10-19 10:28:03 148 119 40 373 666 25 666 1 13 60</string>
    <string>2016-10-19 10:28:03 148 119 40 373 666 25 666 1 13 60</string>
    <string>2016-10-19 10:28:04 149 95 40 222 670 25 670 1 14 60</string>
    <string>2016-10-19 10:28:04 150 83 40 149 674 25 674 1 14 60</string>
    <string>2016-10-19 10:28:05 151 116 40 352 678 25 678 1 15 60</string>
    <string>2016-10-19 10:28:05 152 82 40 138 682 25 682 1 15 60</string>
    <string>2016-10-19 10:28:06 153 119 40 370 685 25 685 1 16 60</string>
    <string>2016-10-19 10:28:06 154 131 40 448 690 25 690 1 16 60</string>
    <string>2016-10-19 10:28:07 155 104 40 278 694 25 694 1 17 60</string>
    <string>2016-10-19 10:28:07 156 85 40 161 699 25 699 1 17 60</string>
    <string>2016-10-19 10:28:08 157 71 40 73 703 25 703 1 18 60</string>
    <string>2016-10-19 10:28:08 158 119 40 374 708 25 708 1 18 60</string>
    <string>2016-10-19 10:28:09 159 108 40 301 712 25 712 1 19 60</string>
    <string>2016-10-19 10:28:09 160 93 40 212 716 25 716 1 19 60</string>
    <string>2016-10-19 10:28:10 161 75 40 95 721 25 721 1 20 60</string>
    <string>2016-10-19 10:28:10 162 136 40 478 726 25 726 1 20 60</string>
    <string>2016-10-19 10:28:11 163 80 40 129 730 25 730 1 21 60</string>
    <string>2016-10-19 10:28:11 164 61 40 12 735 25 735 1 21 60</string>
    <string>2016-10-19 10:28:12 165 123 40 395 740 25 740 1 22 60</string>
    <string>2016-10-19 10:28:12 166 67 40 45 744 25 744 1 22 60</string>
    <string>2016-10-19 10:28:13 167 128 40 428 749 25 749 1 22 60</string>
    <string>2016-10-19 10:28:13 168 101 40 258 753 25 753 1 23 60</string>
    <string>2016-10-19 10:28:14 169 82 40 141 758 25 758 1 23 60</string>
    <string>2016-10-19 10:28:14 170 68 40 53 762 25 762 1 24 60</string>
    <string>2016-10-19 10:28:15 171 129 40 435 767 25 767 1 24 60</string>
    <string>2016-10-19 10:28:15 172 89 40 183 771 25 771 1 25 60</string>
    <string>2016-10-19 10:28:16 173 70 40 67 776 25 776 1 25 60</string>
    <string>2016-10-19 10:28:16 174 136 40 477 780 25 780 1 26 60</string>
    <string>2016-10-19 10:28:17 175 133 40 458 785 25 785 1 26 60</string>
    <string>2016-10-19 10:28:17 176 121 40 385 789 25 789 1 27 60</string>
    <string>2016-10-19 10:28:18 177 102 40 269 794 25 794 1 27 60</string>
    <string>2016-10-19 10:28:18 178 88 40 180 798 25 798 1 28 60</string>
    <string>2016-10-19 10:28:19 179 70 40 63 803 25 803 1 28 60</string>
    <string>2016-10-19 10:28:19 180 94 40 213 807 25 807 1 29 60</string>
    <string>2016-10-19 10:28:20 181 75 40 97 812 25 812 1 29 60</string>
    <string>2016-10-19 10:28:20 182 99 40 246 816 25 816 1 30 60</string>
    <string>2016-10-19 10:28:21 183 80 40 130 821 25 821 1 30 60</string>
    <string>2016-10-19 10:28:21 184 62 40 13 826 25 826 1 31 60</string>
    <string>2016-10-19 10:28:22 185 127 40 424 830 25 830 1 31 60</string>
    <string>2016-10-19 10:28:22 186 100 40 253 834 25 834 1 32 60</string>
    <string>2016-10-19 10:28:23 187 133 40 457 838 25 838 1 32 60</string>
    <string>2016-10-19 10:28:23 188 70 40 64 842 25 842 1 33 60</string>
    <string>2016-10-19 10:28:24 189 131 40 447 847 25 847 1 33 60</string>
    <string>2016-10-19 10:28:24 190 99 40 248 852 25 852 1 34 60</string>
    <string>2016-10-19 10:28:25 191 85 40 160 856 25 856 1 34 60</string>
    <string>2016-10-19 10:28:25 192 66 40 43 861 25 861 1 35 60</string>
    <string>2016-10-19 10:28:26 193 90 40 193 865 25 865 1 35 60</string>
    <string>2016-10-19 10:28:26 194 72 40 77 870 25 870 1 36 60</string>
    <string>2016-10-19 10:28:27 195 124 40 405 874 25 874 1 36 60</string>
    <string>2016-10-19 10:28:27 196 106 40 289 879 25 879 1 37 60</string>
    <string>2016-10-19 10:28:28 197 87 40 172 884 25 884 1 37 60</string>
    <string>2016-10-19 10:28:28 198 75 40 99 888 25 888 1 38 60</string>
    <string>2016-10-19 10:28:29 199 77 40 108 892 25 892 1 38 60</string>
    <string>2016-10-19 10:28:29 200 87 40 171 897 25 897 1 39 60</string>
    <string>2016-10-19 10:28:30 201 111 40 320 901 25 901 1 39 60</string>
    <string>2016-10-19 10:28:30 202 61 40 9 905 25 905 1 40 60</string>
    <string>2016-10-19 10:28:31 203 109 40 310 909 25 909 1 40 60</string>
    <string>2016-10-19 10:28:31 204 126 40 416 913 25 913 1 41 60</string>
    <string>2016-10-19 10:28:32 205 92 40 202 917 25 917 1 41 60</string>
    <string>2016-10-19 10:28:32 206 80 40 129 921 25 921 1 42 60</string>
    <string>2016-10-19 10:28:33 207 113 40 333 925 25 925 1 42 60</string>
    <string>2016-10-19 10:28:33 207 113 40 333 925 25 925 1 42 60</string>
    <string>2016-10-19 10:28:34 208 114 40 342 929 25 929 1 43 60</string>
    <string>2016-10-19 10:28:34 209 131 40 448 933 25 933 1 43 60</string>
    <string>2016-10-19 10:28:35 210 128 40 429 938 25 938 1 44 60</string>
    <string>2016-10-19 10:28:35 211 101 40 258 942 25 942 1 44 60</string>
    <string>2016-10-19 10:28:36 212 82 40 142 947 25 947 1 45 60</string>
    <string>2016-10-19 10:28:36 213 63 40 25 952 25 952 1 45 60</string>
    <string>2016-10-19 10:28:37 214 129 40 436 956 25 956 1 46 60</string>
    <string>2016-10-19 10:28:37 215 69 40 59 961 25 961 1 46 60</string>
    <string>2016-10-19 10:28:38 216 83 40 149 965 25 965 1 47 60</string>
    <string>2016-10-19 10:28:38 217 103 40 271 970 25 970 1 47 60</string>
    <string>2016-10-19 10:28:39 218 89 40 182 974 25 974 1 48 60</string>
    <string>2016-10-19 10:28:39 219 137 40 483 979 25 979 1 48 60</string>
    <string>2016-10-19 10:28:40 220 118 40 367 984 25 984 1 49 60</string>
    <string>2016-10-19 10:28:40 221 68 40 55 988 25 988 1 49 60</string>
    <string>2016-10-19 10:28:41 222 108 40 302 992 25 992 1 50 60</string>
    <string>2016-10-19 10:28:41 223 118 40 365 997 25 997 1 50 60</string>
    <string>2016-10-19 10:28:42 224 62 40 16 1001 25 1001 1 51 60</string>
    <string>2016-10-19 10:28:42 225 92 40 203 1005 25 1005 1 51 60</string>
    <string>2016-10-19 10:28:43 226 118 40 363 1010 25 1010 1 52 60</string>
    <string>2016-10-19 10:28:43 227 62 40 14 1014 25 1014 1 52 60</string>
    <string>2016-10-19 10:28:44 228 72 40 77 1019 25 1019 1 53 60</string>
    <string>2016-10-19 10:28:44 229 91 40 199 1024 25 1024 1 53 60</string>
    <string>2016-10-19 10:28:45 230 77 40 110 1028 25 1028 1 54 60</string>
    <string>2016-10-19 10:28:45 231 138 40 492 1033 25 1033 1 54 60</string>
    <string>2016-10-19 10:28:46 232 82 40 143 1037 25 1037 1 55 60</string>
    <string>2016-10-19 10:28:46 233 64 40 27 1042 25 1042 1 55 60</string>
    <string>2016-10-19 10:28:47 235 111 40 320 1051 25 1051 1 56 60</string>
    <string>2016-10-19 10:28:47 235 111 40 320 1051 25 1051 1 56 60</string>
    <string>2016-10-19 10:28:48 236 83 40 150 1055 25 1055 1 57 60</string>
    <string>2016-10-19 10:28:48 238 133 40 460 1064 25 1064 1 58 60</string>
    <string>2016-10-19 10:28:51 242 106 40 288 1081 25 1081 2 0 60</string>
    <string>2016-10-19 10:28:51 243 74 40 90 1086 25 1086 2 0 60</string>
    <string>2016-10-19 10:28:52 244 135 40 472 1091 25 1091 2 1 60</string>
    <string>2016-10-19 10:28:52 245 121 40 384 1095 25 1095 2 1 60</string>
    <string>2016-10-19 10:28:53 246 74 40 88 1100 25 1100 2 2 60</string>
    <string>2016-10-19 10:28:53 247 98 40 238 1104 25 1104 2 2 60</string>
    <string>2016-10-19 10:28:54 248 92 40 203 1109 25 1109 2 3 60</string>
    <string>2016-10-19 10:28:54 249 112 40 325 1114 25 1114 2 3 60</string>
    <string>2016-10-19 10:28:55 250 97 40 236 1118 25 1118 2 4 60</string>
    <string>2016-10-19 10:28:55 251 79 40 120 1123 25 1123 2 4 60</string>
    <string>2016-10-19 10:28:56 253 128 40 429 1132 25 1132 2 5 60</string>
    <string>2016-10-19 10:28:57 254 101 40 259 1136 25 1136 2 6 60</string>
    <string>2016-10-19 10:28:57 255 102 40 268 1140 25 1140 2 6 60</string>
    <string>2016-10-19 10:28:58 256 91 40 195 1144 25 1144 2 7 60</string>
    <string>2016-10-19 10:28:58 257 101 40 257 1149 25 1149 2 7 60</string>
    <string>2016-10-19 10:28:59 258 73 40 87 1153 25 1153 2 8 60</string>
    <string>2016-10-19 10:28:59 259 135 40 470 1158 25 1158 2 8 60</string>
    <string>2016-10-19 10:29:00 260 79 40 120 1162 25 1162 2 9 60</string>
    <string>2016-10-19 10:29:00 261 60 40 4 1167 25 1167 2 9 60</string>
    <string>2016-10-19 10:29:01 262 121 40 386 1172 25 1172 2 10 60</string>
    <string>2016-10-19 10:29:02 265 128 40 428 1185 25 1185 2 11 60</string>
    <string>2016-10-19 10:29:02 265 128 40 428 1185 25 1185 2 11 60</string>
    <string>2016-10-19 10:29:03 266 109 40 312 1190 25 1190 2 12 60</string>
    <string>2016-10-19 10:29:03 267 95 40 223 1194 25 1194 2 12 60</string>
    <string>2016-10-19 10:29:04 268 115 40 345 1199 25 1199 2 13 60</string>
    <string>2016-10-19 10:29:04 269 129 40 435 1203 25 1203 2 13 60</string>
    <string>2016-10-19 10:29:05 270 97 40 237 1208 25 1208 2 14 60</string>
    <string>2016-10-19 10:29:05 271 70 40 67 1212 25 1212 2 14 60</string>
    <string>2016-10-19 10:29:06 272 131 40 450 1217 25 1217 2 15 60</string>
    <string>2016-10-19 10:29:06 273 117 40 361 1221 25 1221 2 15 60</string>
    <string>2016-10-19 10:29:07 274 137 40 483 1226 25 1226 2 16 60</string>
    <string>2016-10-19 10:29:07 275 123 40 394 1230 25 1230 2 16 60</string>
    <string>2016-10-19 10:29:08 276 104 40 278 1235 25 1235 2 17 60</string>
    <string>2016-10-19 10:29:08 278 109 40 311 1244 25 1244 2 18 60</string>
    <string>2016-10-19 10:29:09 279 111 40 320 1248 25 1248 2 18 60</string>
    <string>2016-10-19 10:29:09 279 111 40 320 1248 25 1248 2 18 60</string>
    <string>2016-10-19 10:29:10 280 92 40 203 1253 25 1253 2 19 60</string>
    <string>2016-10-19 10:29:10 281 73 40 87 1258 25 1258 2 19 60</string>
    <string>2016-10-19 10:29:11 282 113 40 334 1262 25 1262 2 20 60</string>
    <string>2016-10-19 10:29:11 283 63 40 22 1266 25 1266 2 20 60</string>
    <string>2016-10-19 10:29:12 284 111 40 323 1271 25 1271 2 21 60</string>
    <string>2016-10-19 10:29:12 285 84 40 153 1275 25 1275 2 21 60</string>
    <string>2016-10-19 10:29:13 286 78 40 118 1280 25 1280 2 22 60</string>
    <string>2016-10-19 10:29:13 287 131 40 447 1284 25 1284 2 22 60</string>
    <string>2016-10-19 10:29:14 288 84 40 151 1289 25 1289 2 23 60</string>
    <string>2016-10-19 10:29:14 289 65 40 35 1294 25 1294 2 23 60</string>
    <string>2016-10-19 10:29:15 290 89 40 185 1298 25 1298 2 24 60</string>
    <string>2016-10-19 10:29:15 291 70 40 68 1303 25 1303 2 24 60</string>
    <string>2016-10-19 10:29:16 292 136 40 478 1307 25 1307 2 25 60</string>
    <string>2016-10-19 10:29:16 293 133 40 459 1312 25 1312 2 25 60</string>
    <string>2016-10-19 10:29:17 294 106 40 289 1316 25 1316 2 26 60</string>
    <string>2016-10-19 10:29:17 295 87 40 173 1321 25 1321 2 26 60</string>
    <string>2016-10-19 10:29:18 296 68 40 56 1326 25 1326 2 27 60</string>
    <string>2016-10-19 10:29:18 297 92 40 206 1330 25 1330 2 27 60</string>
    <string>2016-10-19 10:29:19 298 74 40 89 1335 25 1335 2 28 60</string>
    <string>2016-10-19 10:29:19 299 126 40 418 1339 25 1339 2 28 60</string>
    <string>2016-10-19 10:29:20 300 108 40 302 1344 25 1344 2 29 60</string>
    <string>2016-10-19 10:29:20 301 94 40 213 1348 25 1348 2 29 60</string>
    <string>2016-10-19 10:29:21 302 62 40 15 1353 25 1353 2 30 60</string>
    <string>2016-10-19 10:29:21 303 128 40 425 1357 25 1357 2 30 60</string>
    <string>2016-10-19 10:29:22 304 96 40 227 1362 25 1362 2 31 60</string>
    <string>2016-10-19 10:29:22 305 126 40 415 1366 25 1366 2 31 60</string>
    <string>2016-10-19 10:29:23 306 65 40 38 1371 25 1371 2 32 60</string>
    <string>2016-10-19 10:29:23 307 131 40 448 1375 25 1375 2 32 60</string>
    <string>2016-10-19 10:29:24 308 113 40 332 1380 25 1380 2 33 60</string>
    <string>2016-10-19 10:29:24 309 137 40 481 1384 25 1384 2 33 60</string>
    <string>2016-10-19 10:29:25 310 67 40 45 1389 25 1389 2 34 60</string>
    <string>2016-10-19 10:29:25 311 119 40 374 1393 25 1393 2 34 60</string>
    <string>2016-10-19 10:29:26 312 101 40 257 1398 25 1398 2 35 60</string>
    <string>2016-10-19 10:29:26 313 73 40 87 1402 25 1402 2 35 60</string>
    <string>2016-10-19 10:29:27 314 135 40 469 1407 25 1407 2 36 60</string>
    <string>2016-10-19 10:29:27 315 79 40 120 1411 25 1411 2 36 60</string>
    <string>2016-10-19 10:29:28 316 60 40 4 1416 25 1416 2 37 60</string>
    <string>2016-10-19 10:29:28 317 90 40 191 1420 25 1420 2 37 60</string>
    <string>2016-10-19 10:29:29 318 87 40 172 1425 25 1425 2 38 60</string>
    <string>2016-10-19 10:29:29 319 111 40 322 1429 25 1429 2 38 60</string>
    <string>2016-10-19 10:29:30 320 92 40 205 1434 25 1434 2 39 60</string>
    <string>2016-10-19 10:29:30 321 94 40 214 1438 25 1438 2 39 60</string>
    <string>2016-10-19 10:29:31 322 75 40 98 1443 25 1443 2 40 60</string>
    <string>2016-10-19 10:29:31 323 99 40 247 1447 25 1447 2 40 60</string>
    <string>2016-10-19 10:29:32 324 80 40 131 1452 25 1452 2 41 60</string>
    <string>2016-10-19 10:29:32 325 133 40 460 1456 25 1456 2 41 60</string>
    <string>2016-10-19 10:29:33 326 63 40 23 1461 25 1461 2 42 60</string>
    <string>2016-10-19 10:29:33 327 87 40 173 1465 25 1465 2 42 60</string>
    <string>2016-10-19 10:29:34 328 133 40 458 1469 25 1469 2 43 60</string>
    <string>2016-10-19 10:29:34 329 85 40 162 1473 25 1473 2 43 60</string>
    <string>2016-10-19 10:29:35 330 118 40 366 1477 25 1477 2 44 60</string>
    <string>2016-10-19 10:29:35 331 113 40 331 1481 25 1481 2 44 60</string>
    <string>2016-10-19 10:29:36 332 132 40 453 1486 25 1486 2 45 60</string>
    <string>2016-10-19 10:29:36 333 113 40 337 1491 25 1491 2 45 60</string>
    <string>2016-10-19 10:29:37 334 108 40 302 1495 25 1495 2 46 60</string>
    <string>2016-10-19 10:29:37 334 108 40 302 1495 25 1495 2 46 60</string>
    <string>2016-10-19 10:29:38 335 87 40 175 1498 25 1498 2 46 60</string>
    <string>2016-10-19 10:29:38 336 120 40 378 1502 25 1502 2 47 60</string>
    <string>2016-10-19 10:29:39 337 94 40 219 1506 25 1506 2 47 60</string>
    <string>2016-10-19 10:29:39 338 103 40 271 1509 25 1509 2 48 60</string>
    <string>2016-10-19 10:29:40 339 135 40 474 1513 25 1513 2 48 60</string>
    <string>2016-10-19 10:29:40 340 130 40 439 1517 25 1517 2 49 60</string>
    <string>2016-10-19 10:29:41 341 67 40 47 1521 25 1521 2 49 60</string>
    <string>2016-10-19 10:29:41 342 86 40 168 1525 25 1525 2 50 60</string>
    <string>2016-10-19 10:29:42 343 96 40 231 1529 25 1529 2 50 60</string>
    <string>2016-10-19 10:29:42 344 69 40 61 1532 25 1532 2 51 60</string>
    <string>2016-10-19 10:29:43 345 102 40 264 1536 25 1536 2 51 60</string>
    <string>2016-10-19 10:29:43 346 68 40 50 1540 25 1540 2 52 60</string>
    <string>2016-10-19 10:29:44 347 64 40 31 1544 25 1544 2 52 60</string>
    <string>2016-10-19 10:29:44 348 73 40 84 1547 25 1547 2 53 60</string>
    <string>2016-10-19 10:29:45 349 83 40 146 1551 25 1551 2 53 60</string>
    <string>2016-10-19 10:29:45 350 131 40 447 1555 25 1555 2 54 60</string>
    <string>2016-10-19 10:29:46 351 104 40 277 1558 25 1558 2 54 60</string>
    <string>2016-10-19 10:29:46 352 129 40 437 1562 25 1562 2 55 60</string>
    <string>2016-10-19 10:29:47 353 138 40 489 1565 25 1565 2 55 60</string>
    <string>2016-10-19 10:29:47 354 83 40 150 1569 25 1569 2 56 60</string>
    <string>2016-10-19 10:29:48 355 129 40 435 1572 25 1572 2 56 60</string>
    <string>2016-10-19 10:29:48 356 126 40 416 1576 25 1576 2 57 60</string>
    <string>2016-10-19 10:29:49 357 63 40 23 1579 25 1579 2 57 60</string>
    <string>2016-10-19 10:29:49 358 80 40 129 1582 25 1582 2 58 60</string>
    <string>2016-10-19 10:29:50 359 68 40 56 1585 25 1585 2 58 60</string>
    <string>2016-10-19 10:29:50 360 138 40 493 1589 25 1589 2 59 60</string>
    <string>2016-10-19 10:29:51 360 138 40 493 1589 25 1589 2 59 60</string>
    <string>2016-10-19 10:29:51 361 60 40 3 1592 25 1592 2 59 60</string>
    <string>2016-10-19 10:29:52 362 124 40 401 1596 25 1596 3 0 60</string>
    <string>2016-10-19 10:29:52 363 61 40 8 1599 25 1599 3 0 60</string>
    <string>2016-10-19 10:29:53 364 75 40 98 1602 25 1602 3 1 60</string>
    <string>2016-10-19 10:29:53 365 70 40 69 1605 25 1605 3 1 60</string>
    <string>2016-10-19 10:29:54 366 60 40 6 1609 25 1609 3 2 60</string>
    <string>2016-10-19 10:29:54 367 126 40 417 1612 25 1612 3 2 60</string>
    <string>2016-10-19 10:29:55 368 139 40 495 1616 25 1616 3 3 60</string>
    <string>2016-10-19 10:29:55 369 105 40 281 1619 25 1619 3 3 60</string>
    <string>2016-10-19 10:29:56 370 137 40 485 1622 25 1622 3 4 60</string>
    <string>2016-10-19 10:29:56 371 117 40 358 1624 25 1624 3 4 60</string>
    <string>2016-10-19 10:29:57 372 107 40 295 1628 25 1628 3 5 60</string>
    <string>2016-10-19 10:29:57 373 95 40 222 1631 25 1631 3 5 60</string>
    <string>2016-10-19 10:29:58 374 134 40 464 1635 25 1635 3 6 60</string>
    <string>2016-10-19 10:29:58 375 73 40 87 1638 25 1638 3 6 60</string>
    <string>2016-10-19 10:29:59 376 112 40 329 1641 25 1641 3 7 60</string>
    <string>2016-10-19 10:29:59 377 72 40 77 1644 25 1644 3 7 60</string>
    <string>2016-10-19 10:30:00 378 102 40 264 1648 25 1648 3 8 60</string>
    <string>2016-10-19 10:30:00 379 75 40 94 1652 25 1652 3 8 60</string>
    <string>2016-10-19 10:30:01 380 78 40 119 1656 25 1656 3 9 60</string>
    <string>2016-10-19 10:30:01 381 124 40 404 1659 25 1659 3 9 60</string>
    <string>2016-10-19 10:30:02 382 101 40 260 1663 25 1663 3 10 60</string>
    <string>2016-10-19 10:30:02 383 118 40 366 1666 25 1666 3 10 60</string>
    <string>2016-10-19 10:30:03 384 84 40 152 1669 25 1669 3 11 60</string>
    <string>2016-10-19 10:30:03 384 84 40 152 1669 25 1669 3 11 60</string>
    <string>2016-10-19 10:30:04 385 101 40 258 1672 25 1672 3 11 60</string>
    <string>2016-10-19 10:30:04 386 118 40 364 1675 25 1675 3 12 60</string>
    <string>2016-10-19 10:30:05 387 135 40 470 1678 25 1678 3 12 60</string>
    <string>2016-10-19 10:30:05 388 125 40 408 1682 25 1682 3 13 60</string>
    <string>2016-10-19 10:30:06 389 129 40 432 1685 25 1685 3 13 60</string>
    <string>2016-10-19 10:30:06 390 130 40 441 1688 25 1688 3 14 60</string>
    <string>2016-10-19 10:30:07 391 83 40 145 1691 25 1691 3 14 60</string>
    <string>2016-10-19 10:30:07 392 100 40 251 1694 25 1694 3 15 60</string>
    <string>2016-10-19 10:30:08 393 130 40 439 1697 25 1697 3 15 60</string>
    <string>2016-10-19 10:30:08 394 134 40 464 1700 25 1700 3 16 60</string>
    <string>2016-10-19 10:30:09 395 99 40 250 1703 25 1703 3 16 60</string>
    <string>2016-10-19 10:30:09 396 68 40 52 1706 25 1706 3 17 60</string>
    <string>2016-10-19 10:30:10 397 138 40 488 1710 25 1710 3 17 60</string>
    <string>2016-10-19 10:30:10 398 66 40 41 1713 25 1713 3 18 60</string>
    <string>2016-10-19 10:30:11 399 83 40 147 1716 25 1716 3 18 60</string>
    <string>2016-10-19 10:30:11 400 80 40 128 1719 25 1719 3 19 60</string>
    <string>2016-10-19 10:30:12 401 66 40 40 1722 25 1722 3 19 60</string>
    <string>2016-10-19 10:30:12 402 87 40 172 1726 25 1726 3 20 60</string>
    <string>2016-10-19 10:30:13 402 87 40 172 1726 25 1726 3 20 60</string>
    <string>2016-10-19 10:30:13 403 68 40 56 1729 25 1729 3 20 60</string>
    <string>2016-10-19 10:30:14 404 72 40 80 1732 25 1732 3 21 60</string>
    <string>2016-10-19 10:30:14 405 118 40 365 1735 25 1735 3 21 60</string>
    <string>2016-10-19 10:30:15 406 135 40 471 1738 25 1738 3 22 60</string>
    <string>2016-10-19 10:30:15 407 116 40 355 1741 25 1741 3 22 60</string>
    <string>2016-10-19 10:30:16 408 69 40 59 1744 25 1744 3 23 60</string>
    <string>2016-10-19 10:30:16 409 102 40 263 1747 25 1747 3 23 60</string>
    <string>2016-10-19 10:30:17 410 96 40 228 1750 25 1750 3 24 60</string>
    <string>2016-10-19 10:30:17 411 84 40 155 1753 25 1753 3 24 60</string>
    <string>2016-10-19 10:30:18 412 73 40 82 1756 25 1756 3 25 60</string>
    <string>2016-10-19 10:30:18 413 74 40 91 1759 25 1759 3 25 60</string>
    <string>2016-10-19 10:30:19 414 100 40 251 1763 25 1763 3 26 60</string>
    <string>2016-10-19 10:30:19 415 65 40 37 1766 25 1766 3 26 60</string>
    <string>2016-10-19 10:30:20 416 69 40 62 1769 25 1769 3 27 60</string>
    <string>2016-10-19 10:30:20 417 115 40 347 1772 25 1772 3 27 60</string>
    <string>2016-10-19 10:30:21 418 139 40 496 1775 25 1775 3 28 60</string>
    <string>2016-10-19 10:30:21 419 65 40 32 1779 25 1779 3 28 60</string>
    <string>2016-10-19 10:30:22 420 73 40 84 1781 25 1781 3 29 60</string>
    <string>2016-10-19 10:30:22 421 83 40 147 1784 25 1784 3 29 60</string>
    <string>2016-10-19 10:30:23 422 129 40 432 1787 25 1787 3 30 60</string>
    <string>2016-10-19 10:30:23 422 129 40 432 1787 25 1787 3 30 60</string>
    <string>2016-10-19 10:30:24 423 81 40 137 1790 25 1790 3 30 60</string>
    <string>2016-10-19 10:30:24 424 94 40 215 1794 25 1794 3 31 60</string>
    <string>2016-10-19 10:30:25 425 102 40 267 1796 25 1796 3 31 60</string>
    <string>2016-10-19 10:30:25 426 112 40 330 1799 25 1799 3 32 60</string>
    <string>2016-10-19 10:30:26 427 94 40 213 1802 25 1802 3 32 60</string>
    <string>2016-10-19 10:30:26 428 111 40 320 1805 25 1805 3 33 60</string>
    <string>2016-10-19 10:30:27 429 63 40 24 1808 25 1808 3 33 60</string>
    <string>2016-10-19 10:30:27 430 132 40 450 1811 25 1811 3 34 60</string>
    <string>2016-10-19 10:30:28 431 70 40 68 1816 25 1816 3 34 60</string>
    <string>2016-10-19 10:30:28 432 79 40 120 1819 25 1819 3 35 60</string>
    <string>2016-10-19 10:30:29 433 96 40 226 1822 25 1822 3 35 60</string>
    <string>2016-10-19 10:30:29 434 84 40 153 1825 25 1825 3 36 60</string>
    <string>2016-10-19 10:30:30 435 138 40 492 1829 25 1829 3 36 60</string>
    <string>2016-10-19 10:30:30 436 62 40 18 1833 25 1833 3 37 60</string>
    <string>2016-10-19 10:30:31 437 92 40 205 1837 25 1837 3 37 60</string>
    <string>2016-10-19 10:30:31 438 132 40 452 1841 25 1841 3 38 60</string>
    <string>2016-10-19 10:30:32 439 133 40 461 1845 25 1845 3 38 60</string>
    <string>2016-10-19 10:30:32 440 130 40 442 1850 25 1850 3 39 60</string>
    <string>2016-10-19 10:30:33 441 96 40 228 1854 25 1854 3 39 60</string>
    <string>2016-10-19 10:30:33 442 77 40 112 1858 25 1858 3 40 60</string>
    <string>2016-10-19 10:30:34 443 86 40 164 1861 25 1861 3 40 60</string>
    <string>2016-10-19 10:30:34 444 67 40 48 1865 25 1865 3 41 60</string>
    <string>2016-10-19 10:30:35 445 120 40 376 1868 25 1868 3 41 60</string>
    <string>2016-10-19 10:30:35 446 65 40 37 1872 25 1872 3 42 60</string>
    <string>2016-10-19 10:30:36 447 118 40 366 1875 25 1875 3 42 60</string>
    <string>2016-10-19 10:30:36 448 86 40 168 1879 25 1879 3 43 60</string>
    <string>2016-10-19 10:30:37 449 123 40 399 1882 25 1882 3 43 60</string>
    <string>2016-10-19 10:30:37 450 62 40 17 1886 25 1886 3 44 60</string>
    <string>2016-10-19 10:30:38 451 115 40 345 1889 25 1889 3 44 60</string>
    <string>2016-10-19 10:30:38 452 119 40 370 1892 25 1892 3 45 60</string>
    <string>2016-10-19 10:30:39 453 120 40 378 1895 25 1895 3 45 60</string>
    <string>2016-10-19 10:30:39 454 110 40 316 1899 25 1899 3 46 60</string>
    <string>2016-10-19 10:30:40 455 63 40 20 1902 25 1902 3 46 60</string>
    <string>2016-10-19 10:30:40 455 63 40 20 1902 25 1902 3 46 60</string>
    <string>2016-10-19 10:30:41 456 71 40 73 1904 25 1904 3 47 60</string>
    <string>2016-10-19 10:30:41 457 97 40 233 1907 25 1907 3 47 60</string>
    <string>2016-10-19 10:30:42 458 134 40 464 1909 25 1909 3 48 60</string>
    <string>2016-10-19 10:30:42 459 66 40 43 1912 25 1912 3 48 60</string>
    <string>2016-10-19 10:30:43 460 108 40 301 1915 25 1915 3 49 60</string>
    <string>2016-10-19 10:30:43 461 138 40 488 1917 25 1917 3 49 60</string>
    <string>2016-10-19 10:30:44 462 77 40 111 1920 25 1920 3 50 60</string>
    <string>2016-10-19 10:30:44 463 94 40 217 1923 25 1923 3 50 60</string>
    <string>2016-10-19 10:30:45 464 124 40 405 1926 25 1926 3 51 60</string>
    <string>2016-10-19 10:30:45 465 61 40 12 1929 25 1929 3 51 60</string>
    <string>2016-10-19 10:30:46 466 130 40 438 1932 25 1932 3 52 60</string>
    <string>2016-10-19 10:30:46 467 91 40 197 1936 25 1936 3 52 60</string>
    <string>2016-10-19 10:30:47 468 101 40 259 1940 25 1940 3 53 60</string>
    <string>2016-10-19 10:30:47 469 138 40 491 1943 25 1943 3 53 60</string>
    <string>2016-10-19 10:30:48 470 135 40 472 1947 25 1947 3 54 60</string>
    <string>2016-10-19 10:30:48 471 95 40 220 1950 25 1950 3 54 60</string>
    <string>2016-10-19 10:30:49 472 112 40 326 1953 25 1953 3 55 60</string>
    <string>2016-10-19 10:30:49 472 112 40 326 1953 25 1953 3 55 60</string>
    <string>2016-10-19 10:30:50 473 66 40 41 1957 25 1957 3 55 60</string>
    <string>2016-10-19 10:30:50 474 99 40 244 1960 25 1960 3 56 60</string>
    <string>2016-10-19 10:30:51 475 116 40 350 1963 25 1963 3 56 60</string>
    <string>2016-10-19 10:30:51 476 68 40 55 1966 25 1966 3 57 60</string>
    <string>2016-10-19 10:30:52 477 70 40 63 1970 25 1970 3 57 60</string>
    <string>2016-10-19 10:30:52 478 80 40 126 1975 25 1975 3 58 60</string>
    <string>2016-10-19 10:30:53 479 104 40 276 1979 25 1979 3 58 60</string>
    <string>2016-10-19 10:30:53 480 85 40 159 1984 25 1984 3 59 60</string>
    <string>2016-10-19 10:30:54 481 71 40 71 1988 25 1988 3 59 60</string>
    <string>2016-10-19 10:30:54 482 90 40 192 1993 25 1993 4 0 60</string>
  </Results>
</ServerData>