<?xml version="1.0"?>
<ServerData xmlns:xsi="http://www.w3.org/2001/XMLSchema-instance" xmlns:xsd="http://www.w3.org/2001/XMLSchema">
  <Name>rq3rq</Name>
  <Password>32qrq2</Password>
  <Doctor>false</Doctor>
  <Messages />
  <Results>
    <string>2016-10-18 01:09:36 1 10 40 2 0 25 0 0 0 60</string>
    <string>2016-10-18 01:09:37 2 73 40 9 4 25 4 0 0 60</string>
    <string>2016-10-18 01:09:37 3 135 40 37 9 25 9 0 0 60</string>
    <string>2016-10-18 01:09:38 4 79 40 11 13 25 13 0 1 60</string>
    <string>2016-10-18 01:09:38 5 60 40 3 18 25 18 0 1 60</string>
    <string>2016-10-18 01:09:39 6 126 40 33 22 25 22 0 2 60</string>
    <string>2016-10-18 01:09:39 7 107 40 25 27 25 27 0 2 60</string>
    <string>2016-10-18 01:09:40 8 127 40 34 32 25 32 0 3 60</string>
    <string>2016-10-18 01:09:40 9 113 40 27 36 25 36 0 3 60</string>
    <string>2016-10-18 01:09:41 10 94 40 18 41 25 41 0 4 60</string>
    <string>2016-10-18 01:09:41 11 118 40 29 45 25 45 0 4 60</string>
    <string>2016-10-18 01:09:42 12 99 40 21 50 25 50 0 5 60</string>
    <string>2016-10-18 01:09:42 13 85 40 14 54 25 54 0 5 60</string>
    <string>2016-10-18 01:09:43 14 66 40 6 59 25 59 0 6 60</string>
    <string>2016-10-18 01:09:43 15 86 40 15 64 25 64 0 6 60</string>
    <string>2016-10-18 01:09:44 16 72 40 8 68 25 68 0 7 60</string>
    <string>2016-10-18 01:09:44 17 133 40 36 73 25 73 0 7 60</string>
    <string>2016-10-18 01:09:45 18 77 40 11 77 25 77 0 8 60</string>
    <string>2016-10-18 01:09:45 19 138 40 39 82 25 82 0 8 60</string>
    <string>2016-10-18 01:09:46 20 124 40 32 86 25 86 0 9 60</string>
    <string>2016-10-18 01:09:46 21 105 40 24 91 25 91 0 9 60</string>
    <string>2016-10-18 01:09:47 22 125 40 33 96 25 96 0 10 60</string>
    <string>2016-10-18 01:09:47 23 111 40 26 100 25 100 0 10 60</string>
    <string>2016-10-18 01:09:48 24 92 40 18 105 25 105 0 11 60</string>
    <string>2016-10-18 01:09:48 25 116 40 29 109 25 109 0 11 60</string>
    <string>2016-10-18 01:09:49 26 97 40 20 114 25 114 0 12 60</string>
    <string>2016-10-18 01:09:49 27 83 40 13 118 25 118 0 12 60</string>
    <string>2016-10-18 01:09:50 28 64 40 5 123 25 123 0 13 60</string>
    <string>2016-10-18 01:09:50 29 84 40 14 128 25 128 0 13 60</string>
    <string>2016-10-18 01:09:51 30 70 40 7 132 25 132 0 14 60</string>
    <string>2016-10-18 01:09:51 31 131 40 36 137 25 137 0 14 60</string>
    <string>2016-10-18 01:09:52 32 75 40 10 141 25 141 0 15 60</string>
    <string>2016-10-18 01:09:52 33 136 40 38 146 25 146 0 15 60</string>
    <string>2016-10-18 01:09:53 34 122 40 32 150 25 150 0 16 60</string>
    <string>2016-10-18 01:09:53 35 104 40 23 155 25 155 0 16 60</string>
    <string>2016-10-18 01:09:54 36 123 40 32 160 25 160 0 17 60</string>
    <string>2016-10-18 01:09:54 37 109 40 25 164 25 164 0 17 60</string>
    <string>2016-10-18 01:09:55 38 90 40 17 169 25 169 0 18 60</string>
    <string>2016-10-18 01:09:55 39 114 40 28 173 25 173 0 18 60</string>
    <string>2016-10-18 01:09:56 40 96 40 19 178 25 178 0 19 60</string>
    <string>2016-10-18 01:09:56 41 81 40 13 182 25 182 0 19 60</string>
  </Results>
</ServerData>