<?xml version="1.0"?>
<ServerData xmlns:xsi="http://www.w3.org/2001/XMLSchema-instance" xmlns:xsd="http://www.w3.org/2001/XMLSchema">
  <Name>timon</Name>
  <Password>timon</Password>
  <Doctor>false</Doctor>
  <Messages>
    <string>timon_2016-10-19 03:12:43  Dokter : hallo timon</string>
    <string>message_Dokter_2016-10-19 03:12:51  Dokter Broadcast : hallo</string>
    <string>message_Dokter_Dokter naam has been disconnected</string>
    <string>message_Dokter_Dokter naam has been disconnected</string>
  </Messages>
  <Results>
    <string>2016-10-19 03:11:06 1 0 0 0 0 30 0 0 0 0</string>
    <string>2016-10-19 03:11:07 2 0 0 0 0 30 0 0 0 0</string>
    <string>2016-10-19 03:11:07 3 0 0 0 0 30 0 0 0 0</string>
    <string>2016-10-19 03:11:08 4 0 0 0 0 30 0 0 0 0</string>
    <string>2016-10-19 03:11:08 5 0 0 0 0 30 0 0 0 0</string>
    <string>2016-10-19 03:11:09 6 0 0 0 0 30 0 0 0 0</string>
    <string>2016-10-19 03:11:09 7 0 0 0 0 30 0 0 0 0</string>
    <string>2016-10-19 03:11:10 8 0 0 0 0 30 0 0 0 0</string>
    <string>2016-10-19 03:11:10 9 0 0 0 0 30 0 0 0 0</string>
    <string>2016-10-19 03:11:11 10 0 0 0 0 30 0 0 0 0</string>
    <string>2016-10-19 03:11:11 11 0 0 0 0 30 0 0 0 0</string>
    <string>2016-10-19 03:11:12 12 0 0 0 0 30 0 0 0 0</string>
    <string>2016-10-19 03:11:12 13 0 0 0 0 30 0 0 0 0</string>
    <string>2016-10-19 03:11:13 14 0 0 0 0 30 0 0 0 0</string>
    <string>2016-10-19 03:11:13 15 0 0 0 0 30 0 0 0 0</string>
    <string>2016-10-19 03:11:14 16 0 0 0 0 30 0 0 0 0</string>
    <string>2016-10-19 03:11:14 17 0 0 0 0 30 0 0 0 0</string>
    <string>2016-10-19 03:11:15 18 0 0 0 0 30 0 0 0 0</string>
    <string>2016-10-19 03:11:15 19 0 0 0 0 30 0 0 0 0</string>
    <string>2016-10-19 03:11:16 20 0 0 0 0 30 0 0 0 0</string>
    <string>2016-10-19 03:11:16 21 0 76 270 0 30 0 0 1 9</string>
    <string>2016-10-19 03:11:17 22 0 76 270 0 30 0 0 1 24</string>
    <string>2016-10-19 03:11:17 23 0 76 270 0 30 0 0 2 30</string>
    <string>2016-10-19 03:11:18 24 0 76 270 0 30 0 0 2 30</string>
    <string>2016-10-19 03:11:18 25 0 88 312 0 30 0 0 3 30</string>
    <string>2016-10-19 03:11:19 26 0 88 312 0 30 0 0 3 30</string>
    <string>2016-10-19 03:11:19 27 0 88 312 0 30 0 0 4 30</string>
    <string>2016-10-19 03:11:20 28 0 88 312 0 30 0 0 4 30</string>
    <string>2016-10-19 03:11:20 29 0 91 323 0 30 0 0 5 30</string>
    <string>2016-10-19 03:11:21 30 0 91 323 0 30 0 0 5 30</string>
    <string>2016-10-19 03:11:21 31 0 91 323 0 30 0 0 6 30</string>
    <string>2016-10-19 03:11:22 32 0 91 323 0 30 0 0 6 30</string>
    <string>2016-10-19 03:11:22 33 0 91 323 0 30 0 0 7 30</string>
    <string>2016-10-19 03:11:23 34 0 91 323 0 30 0 0 7 30</string>
    <string>2016-10-19 03:11:23 35 0 91 323 0 30 0 0 8 30</string>
    <string>2016-10-19 03:11:24 36 0 91 323 0 30 0 0 8 30</string>
    <string>2016-10-19 03:11:24 37 0 87 309 0 30 1 0 9 30</string>
    <string>2016-10-19 03:11:25 38 0 87 309 0 30 1 0 9 30</string>
    <string>2016-10-19 03:11:25 39 0 87 309 0 30 1 0 10 30</string>
    <string>2016-10-19 03:11:26 40 0 87 309 0 30 1 0 10 30</string>
    <string>2016-10-19 03:11:26 41 0 87 309 0 30 1 0 11 30</string>
    <string>2016-10-19 03:11:27 42 0 82 291 0 30 1 0 11 30</string>
    <string>2016-10-19 03:11:27 43 0 82 291 0 30 1 0 12 30</string>
    <string>2016-10-19 03:11:28 44 0 82 291 1 30 1 0 12 30</string>
    <string>2016-10-19 03:11:28 45 0 82 291 1 30 1 0 13 30</string>
    <string>2016-10-19 03:11:29 46 0 82 291 1 30 1 0 13 30</string>
    <string>2016-10-19 03:11:29 47 0 82 291 1 30 1 0 14 30</string>
    <string>2016-10-19 03:11:30 48 0 82 291 1 30 1 0 14 30</string>
    <string>2016-10-19 03:11:30 49 0 82 291 1 30 1 0 15 30</string>
    <string>2016-10-19 03:11:31 50 0 79 280 1 30 1 0 15 30</string>
    <string>2016-10-19 03:11:31 51 0 79 280 1 30 1 0 16 30</string>
    <string>2016-10-19 03:11:32 52 0 79 280 1 30 1 0 16 30</string>
    <string>2016-10-19 03:11:32 53 0 79 280 1 30 2 0 17 30</string>
    <string>2016-10-19 03:11:33 54 0 73 259 1 30 2 0 17 30</string>
    <string>2016-10-19 03:11:33 55 0 73 259 1 30 2 0 18 30</string>
    <string>2016-10-19 03:11:34 56 0 73 259 1 30 2 0 18 30</string>
    <string>2016-10-19 03:11:34 57 0 73 259 1 30 2 0 19 30</string>
    <string>2016-10-19 03:11:35 58 0 68 241 1 30 2 0 19 30</string>
    <string>2016-10-19 03:11:35 59 0 68 241 1 30 2 0 20 30</string>
    <string>2016-10-19 03:11:36 60 0 68 241 1 30 2 0 20 30</string>
    <string>2016-10-19 03:11:36 61 0 68 241 1 30 2 0 21 30</string>
    <string>2016-10-19 03:11:37 62 0 62 220 1 30 2 0 21 30</string>
    <string>2016-10-19 03:11:37 63 0 62 220 1 30 2 0 22 30</string>
    <string>2016-10-19 03:11:38 64 0 62 220 1 30 2 0 22 30</string>
    <string>2016-10-19 03:11:38 65 0 62 220 1 30 2 0 23 30</string>
    <string>2016-10-19 03:11:39 66 0 58 206 1 30 2 0 23 30</string>
    <string>2016-10-19 03:11:39 67 0 58 206 1 30 2 0 24 30</string>
    <string>2016-10-19 03:11:40 68 0 58 206 1 30 2 0 24 30</string>
    <string>2016-10-19 03:11:40 69 0 58 206 1 30 3 0 25 30</string>
    <string>2016-10-19 03:11:41 70 0 64 227 1 30 3 0 25 30</string>
    <string>2016-10-19 03:11:41 71 0 64 227 1 30 3 0 26 30</string>
    <string>2016-10-19 03:11:42 72 0 64 227 1 30 3 0 26 30</string>
    <string>2016-10-19 03:11:42 73 0 64 227 2 30 3 0 27 30</string>
    <string>2016-10-19 03:11:43 74 0 72 256 2 30 3 0 27 30</string>
    <string>2016-10-19 03:11:43 75 0 72 256 2 30 3 0 28 30</string>
    <string>2016-10-19 03:11:44 76 0 72 256 2 30 3 0 28 30</string>
    <string>2016-10-19 03:11:44 77 0 72 256 2 30 3 0 29 30</string>
    <string>2016-10-19 03:11:45 78 0 80 284 2 30 3 0 29 30</string>
    <string>2016-10-19 03:11:45 79 0 80 284 2 30 3 0 30 30</string>
    <string>2016-10-19 03:11:46 80 0 80 284 2 30 3 0 30 30</string>
    <string>2016-10-19 03:11:46 81 0 80 284 2 30 3 0 31 30</string>
    <string>2016-10-19 03:11:47 82 0 80 284 2 30 3 0 31 30</string>
    <string>2016-10-19 03:11:47 83 0 81 288 2 30 3 0 32 30</string>
    <string>2016-10-19 03:11:48 84 0 81 288 2 30 3 0 32 30</string>
    <string>2016-10-19 03:11:48 85 0 81 288 2 30 3 0 33 30</string>
    <string>2016-10-19 03:11:49 86 0 81 288 2 30 3 0 33 30</string>
    <string>2016-10-19 03:11:49 87 0 82 291 2 30 4 0 34 30</string>
    <string>2016-10-19 03:11:50 88 0 82 291 2 30 4 0 34 30</string>
    <string>2016-10-19 03:11:50 89 0 82 291 2 30 4 0 35 30</string>
    <string>2016-10-19 03:11:51 90 0 82 291 2 30 4 0 35 30</string>
    <string>2016-10-19 03:11:51 91 0 82 291 2 30 4 0 36 30</string>
    <string>2016-10-19 03:11:52 92 0 82 291 2 30 4 0 36 30</string>
    <string>2016-10-19 03:11:52 93 0 82 291 2 30 4 0 37 30</string>
    <string>2016-10-19 03:11:53 94 0 82 291 2 30 4 0 37 30</string>
    <string>2016-10-19 03:11:53 95 0 82 291 2 30 4 0 38 30</string>
    <string>2016-10-19 03:11:54 96 0 82 291 2 30 4 0 38 30</string>
    <string>2016-10-19 03:11:54 97 0 82 291 2 30 4 0 39 30</string>
    <string>2016-10-19 03:11:55 98 0 82 291 3 30 4 0 39 30</string>
    <string>2016-10-19 03:11:55 99 0 84 298 3 30 4 0 40 30</string>
    <string>2016-10-19 03:11:56 100 0 84 298 3 30 4 0 40 30</string>
    <string>2016-10-19 03:11:56 101 0 84 298 3 30 4 0 41 30</string>
    <string>2016-10-19 03:11:57 102 0 84 298 3 30 4 0 41 30</string>
    <string>2016-10-19 03:11:57 103 0 85 302 3 30 5 0 42 30</string>
    <string>2016-10-19 03:11:58 104 0 85 302 3 30 5 0 42 30</string>
    <string>2016-10-19 03:11:58 105 0 85 302 3 30 5 0 43 30</string>
    <string>2016-10-19 03:11:59 106 0 85 302 3 30 5 0 43 30</string>
    <string>2016-10-19 03:11:59 107 0 85 302 3 30 5 0 44 30</string>
    <string>2016-10-19 03:12:00 107 0 85 302 3 30 5 0 44 30</string>
    <string>2016-10-19 03:12:00 108 0 85 302 3 30 5 0 44 30</string>
    <string>2016-10-19 03:12:01 109 0 85 302 3 30 5 0 45 30</string>
    <string>2016-10-19 03:12:01 110 0 85 302 3 30 5 0 46 30</string>
    <string>2016-10-19 03:12:02 111 0 85 302 3 30 5 0 46 30</string>
    <string>2016-10-19 03:12:02 112 0 85 302 3 30 5 0 47 30</string>
    <string>2016-10-19 03:12:03 113 0 85 302 3 30 5 0 47 30</string>
    <string>2016-10-19 03:12:03 114 0 85 302 3 30 5 0 48 30</string>
    <string>2016-10-19 03:12:04 115 0 85 302 3 30 5 0 48 30</string>
    <string>2016-10-19 03:12:04 116 0 85 302 3 30 5 0 49 30</string>
    <string>2016-10-19 03:12:05 117 0 85 302 3 30 5 0 49 30</string>
    <string>2016-10-19 03:12:05 118 0 82 291 3 30 6 0 50 30</string>
    <string>2016-10-19 03:12:06 119 0 82 291 3 30 6 0 50 30</string>
    <string>2016-10-19 03:12:06 120 0 82 291 3 30 6 0 51 30</string>
    <string>2016-10-19 03:12:07 121 0 82 291 4 30 6 0 51 30</string>
    <string>2016-10-19 03:12:07 122 0 82 291 4 30 6 0 52 30</string>
    <string>2016-10-19 03:12:08 123 0 82 291 4 30 6 0 52 30</string>
    <string>2016-10-19 03:12:08 124 0 82 291 4 30 6 0 53 30</string>
    <string>2016-10-19 03:12:09 125 0 82 291 4 30 6 0 53 30</string>
    <string>2016-10-19 03:12:09 126 0 82 291 4 30 6 0 54 30</string>
    <string>2016-10-19 03:12:10 127 0 82 291 4 30 6 0 54 30</string>
    <string>2016-10-19 03:12:10 128 0 82 291 4 30 6 0 55 30</string>
    <string>2016-10-19 03:12:11 129 0 82 291 4 30 6 0 55 30</string>
    <string>2016-10-19 03:12:11 130 0 82 291 4 30 6 0 56 30</string>
    <string>2016-10-19 03:12:12 131 0 82 291 4 30 6 0 56 30</string>
    <string>2016-10-19 03:12:12 132 0 82 291 4 30 6 0 57 30</string>
    <string>2016-10-19 03:12:13 133 0 82 291 4 30 6 0 57 30</string>
    <string>2016-10-19 03:12:13 134 0 82 291 4 30 6 0 58 30</string>
    <string>2016-10-19 03:12:14 135 0 83 295 4 30 6 0 58 30</string>
    <string>2016-10-19 03:12:14 136 0 83 295 4 30 7 0 59 30</string>
    <string>2016-10-19 03:12:15 137 0 83 295 4 30 7 0 59 30</string>
    <string>2016-10-19 03:12:15 138 0 83 295 4 30 7 1 0 30</string>
    <string>2016-10-19 03:12:16 139 0 84 298 4 30 7 1 0 30</string>
    <string>2016-10-19 03:12:16 140 0 84 298 4 30 7 1 1 30</string>
    <string>2016-10-19 03:12:17 140 0 84 298 4 30 7 1 1 30</string>
    <string>2016-10-19 03:12:17 141 0 84 298 4 30 7 1 1 30</string>
    <string>2016-10-19 03:12:18 142 0 84 298 4 30 7 1 2 30</string>
    <string>2016-10-19 03:12:18 144 0 86 305 4 30 7 1 3 30</string>
    <string>2016-10-19 03:12:19 145 0 86 305 5 30 7 1 3 30</string>
    <string>2016-10-19 03:12:19 146 0 86 305 5 30 7 1 4 30</string>
    <string>2016-10-19 03:12:20 146 0 86 305 5 30 7 1 4 30</string>
    <string>2016-10-19 03:12:20 147 0 87 309 5 30 7 1 4 30</string>
    <string>2016-10-19 03:12:21 148 0 87 309 5 30 7 1 5 30</string>
    <string>2016-10-19 03:12:21 149 0 87 309 5 30 7 1 5 30</string>
    <string>2016-10-19 03:12:22 150 0 87 309 5 30 7 1 6 30</string>
    <string>2016-10-19 03:12:22 151 0 86 305 5 30 7 1 6 30</string>
    <string>2016-10-19 03:12:23 152 0 86 305 5 30 8 1 7 30</string>
    <string>2016-10-19 03:12:23 153 0 86 305 5 30 8 1 7 30</string>
    <string>2016-10-19 03:12:24 154 0 86 305 5 30 8 1 8 30</string>
    <string>2016-10-19 03:12:24 155 0 85 302 5 30 8 1 8 30</string>
    <string>2016-10-19 03:12:25 156 0 85 302 5 30 8 1 9 30</string>
    <string>2016-10-19 03:12:25 157 0 85 302 5 30 8 1 9 30</string>
    <string>2016-10-19 03:12:26 158 0 85 302 5 30 8 1 10 30</string>
    <string>2016-10-19 03:12:26 159 0 82 291 5 30 8 1 10 30</string>
    <string>2016-10-19 03:12:27 160 0 82 291 5 30 8 1 11 30</string>
    <string>2016-10-19 03:12:27 161 0 82 291 5 30 8 1 12 30</string>
    <string>2016-10-19 03:12:28 162 0 82 291 5 30 8 1 12 30</string>
    <string>2016-10-19 03:12:28 163 0 81 288 5 30 8 1 13 30</string>
    <string>2016-10-19 03:12:29 164 0 81 288 5 30 8 1 13 30</string>
    <string>2016-10-19 03:12:29 165 0 81 288 5 30 8 1 14 30</string>
    <string>2016-10-19 03:12:30 166 0 81 288 5 30 8 1 14 30</string>
    <string>2016-10-19 03:12:30 167 0 82 291 5 30 8 1 15 30</string>
    <string>2016-10-19 03:12:31 168 0 82 291 5 30 9 1 15 30</string>
    <string>2016-10-19 03:12:31 169 0 82 291 6 30 9 1 16 30</string>
    <string>2016-10-19 03:12:32 170 0 82 291 6 30 9 1 16 30</string>
    <string>2016-10-19 03:12:32 171 0 85 302 6 30 9 1 17 30</string>
    <string>2016-10-19 03:12:33 172 0 85 302 6 30 9 1 17 30</string>
    <string>2016-10-19 03:12:33 173 0 85 302 6 30 9 1 18 30</string>
    <string>2016-10-19 03:12:34 174 0 85 302 6 30 9 1 18 30</string>
    <string>2016-10-19 03:12:34 175 0 82 291 6 30 9 1 19 30</string>
    <string>2016-10-19 03:12:35 176 0 82 291 6 30 9 1 19 30</string>
    <string>2016-10-19 03:12:35 177 0 82 291 6 30 9 1 20 30</string>
    <string>2016-10-19 03:12:36 178 0 82 291 6 30 9 1 20 30</string>
    <string>2016-10-19 03:12:36 179 0 77 273 6 30 9 1 21 30</string>
    <string>2016-10-19 03:12:37 180 0 77 273 6 30 9 1 21 30</string>
    <string>2016-10-19 03:12:37 181 0 77 273 6 30 9 1 22 30</string>
    <string>2016-10-19 03:12:38 182 104 77 273 6 30 9 1 22 30</string>
    <string>2016-10-19 03:12:38 183 104 72 256 6 30 9 1 23 30</string>
    <string>2016-10-19 03:12:39 184 105 72 256 6 30 9 1 23 30</string>
    <string>2016-10-19 03:12:39 185 105 72 256 6 30 10 1 24 30</string>
    <string>2016-10-19 03:12:40 186 106 72 256 6 30 10 1 24 30</string>
    <string>2016-10-19 03:12:40 187 106 67 238 6 30 10 1 25 30</string>
    <string>2016-10-19 03:12:41 188 107 67 238 6 30 10 1 25 30</string>
    <string>2016-10-19 03:12:41 189 107 67 238 6 30 10 1 26 30</string>
    <string>2016-10-19 03:12:42 190 110 67 238 6 30 10 1 26 30</string>
    <string>2016-10-19 03:12:42 191 110 67 238 6 30 10 1 27 30</string>
    <string>2016-10-19 03:12:43 192 111 69 245 6 30 10 1 27 30</string>
    <string>2016-10-19 03:12:43 193 112 69 245 6 30 10 1 28 30</string>
    <string>2016-10-19 03:12:44 194 112 69 245 6 30 10 1 28 30</string>
    <string>2016-10-19 03:12:44 195 112 69 245 6 30 10 1 29 30</string>
    <string>2016-10-19 03:12:45 196 112 71 252 7 30 10 1 29 30</string>
    <string>2016-10-19 03:12:45 197 111 71 252 7 30 10 1 30 30</string>
    <string>2016-10-19 03:12:46 198 111 71 252 7 30 10 1 30 30</string>
    <string>2016-10-19 03:12:46 199 111 71 252 7 30 10 1 31 30</string>
    <string>2016-10-19 03:12:47 200 111 72 256 7 30 10 1 31 30</string>
    <string>2016-10-19 03:12:47 201 111 72 256 7 30 11 1 32 30</string>
    <string>2016-10-19 03:12:48 202 111 72 256 7 30 11 1 32 30</string>
    <string>2016-10-19 03:12:48 203 111 72 256 7 30 11 1 33 30</string>
    <string>2016-10-19 03:12:49 204 111 72 256 7 30 11 1 33 30</string>
    <string>2016-10-19 03:12:49 205 111 72 256 7 30 11 1 34 30</string>
    <string>2016-10-19 03:12:50 206 111 72 256 7 30 11 1 34 30</string>
    <string>2016-10-19 03:12:50 207 111 72 256 7 30 11 1 35 30</string>
    <string>2016-10-19 03:12:51 208 112 71 252 7 30 11 1 35 30</string>
    <string>2016-10-19 03:12:51 209 112 71 252 7 30 11 1 36 30</string>
    <string>2016-10-19 03:12:52 210 112 71 252 7 30 11 1 36 30</string>
    <string>2016-10-19 03:12:52 211 112 71 252 7 30 11 1 37 30</string>
    <string>2016-10-19 03:12:53 212 112 70 249 7 30 11 1 37 30</string>
    <string>2016-10-19 03:12:53 213 112 70 249 7 30 11 1 38 30</string>
    <string>2016-10-19 03:12:54 214 112 70 249 7 30 11 1 38 30</string>
    <string>2016-10-19 03:12:54 215 112 70 249 7 30 11 1 39 30</string>
    <string>2016-10-19 03:12:55 216 112 70 249 7 30 11 1 39 30</string>
    <string>2016-10-19 03:12:55 217 112 70 249 7 30 12 1 40 30</string>
    <string>2016-10-19 03:12:56 218 112 70 249 7 30 12 1 40 30</string>
    <string>2016-10-19 03:12:56 219 112 70 249 7 30 12 1 41 30</string>
    <string>2016-10-19 03:12:57 220 112 70 249 7 30 12 1 41 30</string>
    <string>2016-10-19 03:12:57 221 112 75 266 7 30 12 1 42 30</string>
    <string>2016-10-19 03:12:58 222 112 75 266 7 30 12 1 42 30</string>
    <string>2016-10-19 03:12:58 223 112 75 266 7 30 12 1 43 30</string>
    <string>2016-10-19 03:12:59 224 112 75 266 8 30 12 1 43 30</string>
    <string>2016-10-19 03:12:59 225 112 79 280 8 30 12 1 44 30</string>
    <string>2016-10-19 03:13:00 226 112 79 280 8 30 12 1 44 30</string>
    <string>2016-10-19 03:13:00 227 112 79 280 8 30 12 1 45 30</string>
    <string>2016-10-19 03:13:01 228 112 79 280 8 30 12 1 45 30</string>
    <string>2016-10-19 03:13:01 229 112 80 284 8 30 12 1 46 30</string>
    <string>2016-10-19 03:13:02 230 112 80 284 8 30 12 1 46 30</string>
    <string>2016-10-19 03:13:02 232 12 81 288 0 80 0 0 0 30</string>
    <string>2016-10-19 03:13:03 233 112 81 288 0 80 0 0 0 45</string>
    <string>2016-10-19 03:13:03 234 112 81 288 0 80 0 0 1 60</string>
    <string>2016-10-19 03:13:04 235 112 81 288 0 80 0 0 1 75</string>
    <string>2016-10-19 03:13:04 236 112 82 291 0 80 0 0 2 80</string>
    <string>2016-10-19 03:13:05 237 112 82 291 0 80 0 0 2 80</string>
    <string>2016-10-19 03:13:05 238 112 82 291 0 80 0 0 3 80</string>
    <string>2016-10-19 03:13:06 239 112 82 291 0 80 0 0 3 80</string>
    <string>2016-10-19 03:13:06 240 112 76 270 0 80 1 0 4 80</string>
    <string>2016-10-19 03:13:07 241 112 76 270 0 80 1 0 4 80</string>
    <string>2016-10-19 03:13:07 242 112 76 270 0 80 1 0 5 80</string>
    <string>2016-10-19 03:13:08 243 112 76 270 0 80 1 0 5 80</string>
    <string>2016-10-19 03:13:08 244 112 75 266 0 80 1 0 6 80</string>
    <string>2016-10-19 03:13:09 245 112 75 266 0 80 1 0 6 80</string>
    <string>2016-10-19 03:13:09 246 112 75 266 0 80 2 0 7 80</string>
    <string>2016-10-19 03:13:10 247 112 75 266 0 80 2 0 7 80</string>
    <string>2016-10-19 03:13:10 248 112 75 266 0 80 2 0 8 80</string>
    <string>2016-10-19 03:13:11 248 112 75 266 0 80 2 0 8 80</string>
    <string>2016-10-19 03:13:11 250 112 75 266 0 80 2 0 9 80</string>
    <string>2016-10-19 03:13:12 251 112 75 266 0 80 2 0 9 80</string>
    <string>2016-10-19 03:13:12 252 112 75 266 0 80 3 0 10 80</string>
    <string>2016-10-19 03:13:13 253 112 75 266 0 80 3 0 10 80</string>
    <string>2016-10-19 03:13:13 254 112 75 266 0 80 3 0 11 80</string>
    <string>2016-10-19 03:13:14 254 112 75 266 0 80 3 0 11 80</string>
    <string>2016-10-19 03:13:14 255 113 75 266 0 80 3 0 11 80</string>
    <string>2016-10-19 03:13:15 256 113 74 263 0 80 3 0 12 80</string>
    <string>2016-10-19 03:13:15 257 113 74 263 0 80 3 0 12 80</string>
    <string>2016-10-19 03:13:16 258 113 74 263 1 80 4 0 13 80</string>
    <string>2016-10-19 03:13:16 259 113 74 263 1 80 4 0 13 80</string>
    <string>2016-10-19 03:13:17 260 113 74 263 1 80 4 0 14 80</string>
    <string>2016-10-19 03:13:17 261 114 74 263 1 80 4 0 14 80</string>
    <string>2016-10-19 03:13:18 262 114 74 263 1 80 4 0 15 80</string>
    <string>2016-10-19 03:13:18 263 114 74 263 1 80 4 0 15 80</string>
    <string>2016-10-19 03:13:19 264 114 74 263 1 80 5 0 16 80</string>
    <string>2016-10-19 03:13:19 265 114 75 266 1 80 5 0 16 80</string>
    <string>2016-10-19 03:13:20 266 114 75 266 1 80 5 0 17 80</string>
    <string>2016-10-19 03:13:20 267 115 75 266 1 80 5 0 18 80</string>
    <string>2016-10-19 03:13:21 268 115 75 266 1 80 5 0 18 80</string>
    <string>2016-10-19 03:13:21 269 115 74 263 1 80 5 0 19 80</string>
    <string>2016-10-19 03:13:22 270 115 74 263 1 80 6 0 19 80</string>
    <string>2016-10-19 03:13:22 271 116 74 263 1 80 6 0 20 80</string>
    <string>2016-10-19 03:13:23 272 116 74 263 1 80 6 0 20 80</string>
    <string>2016-10-19 03:13:23 273 115 70 249 1 80 6 0 21 80</string>
    <string>2016-10-19 03:13:24 274 116 70 249 1 80 6 0 21 80</string>
    <string>2016-10-19 03:13:24 275 115 70 249 1 80 7 0 22 80</string>
    <string>2016-10-19 03:13:25 276 115 70 249 1 80 7 0 22 80</string>
    <string>2016-10-19 03:13:25 277 115 68 241 1 80 7 0 23 80</string>
    <string>2016-10-19 03:13:26 278 116 68 241 1 80 7 0 23 80</string>
    <string>2016-10-19 03:13:26 279 116 68 241 1 80 7 0 24 80</string>
    <string>2016-10-19 03:13:27 280 115 68 241 1 80 7 0 24 80</string>
    <string>2016-10-19 03:13:27 281 116 64 227 1 80 8 0 25 80</string>
    <string>2016-10-19 03:13:28 282 116 64 227 1 80 8 0 25 80</string>
    <string>2016-10-19 03:13:28 283 115 64 227 1 80 8 0 26 80</string>
    <string>2016-10-19 03:13:29 284 115 64 227 1 80 8 0 26 80</string>
    <string>2016-10-19 03:13:29 285 115 58 206 1 80 8 0 27 80</string>
    <string>2016-10-19 03:13:30 286 115 58 206 1 80 8 0 27 80</string>
    <string>2016-10-19 03:13:30 287 115 58 206 1 80 8 0 28 80</string>
    <string>2016-10-19 03:13:31 288 115 58 206 2 80 8 0 28 80</string>
    <string>2016-10-19 03:13:31 289 115 62 220 2 80 9 0 29 80</string>
    <string>2016-10-19 03:13:32 290 115 62 220 2 80 9 0 29 80</string>
    <string>2016-10-19 03:13:32 291 115 62 220 2 80 9 0 30 80</string>
    <string>2016-10-19 03:13:33 292 116 62 220 2 80 9 0 30 80</string>
    <string>2016-10-19 03:13:33 293 115 61 217 2 80 9 0 31 80</string>
    <string>2016-10-19 03:13:34 294 115 61 217 2 80 9 0 31 80</string>
    <string>2016-10-19 03:13:34 295 115 61 217 2 80 10 0 32 80</string>
    <string>2016-10-19 03:13:35 296 115 61 217 2 80 10 0 32 80</string>
    <string>2016-10-19 03:13:35 297 115 61 217 2 80 10 0 33 80</string>
    <string>2016-10-19 03:13:36 298 116 62 220 2 80 10 0 33 80</string>
    <string>2016-10-19 03:13:36 299 116 62 220 2 80 10 0 34 80</string>
    <string>2016-10-19 03:13:37 300 116 62 220 2 80 10 0 34 80</string>
    <string>2016-10-19 03:13:37 301 116 62 220 2 80 11 0 35 80</string>
    <string>2016-10-19 03:13:38 302 116 62 220 2 80 11 0 35 80</string>
    <string>2016-10-19 03:13:38 303 116 62 220 2 80 11 0 36 80</string>
    <string>2016-10-19 03:13:39 304 116 62 220 2 80 11 0 36 80</string>
    <string>2016-10-19 03:13:39 305 116 62 220 2 80 11 0 37 80</string>
    <string>2016-10-19 03:13:40 306 116 62 220 2 80 11 0 37 80</string>
    <string>2016-10-19 03:13:40 307 116 62 220 2 80 12 0 38 80</string>
    <string>2016-10-19 03:13:41 308 116 62 220 2 80 12 0 38 80</string>
    <string>2016-10-19 03:13:41 309 116 62 220 2 80 12 0 39 80</string>
    <string>2016-10-19 03:13:42 310 116 62 220 2 80 12 0 39 80</string>
    <string>2016-10-19 03:13:42 311 116 62 220 2 80 12 0 40 80</string>
    <string>2016-10-19 03:13:43 312 116 62 220 2 80 12 0 40 80</string>
    <string>2016-10-19 03:13:43 313 116 62 220 2 80 13 0 41 80</string>
    <string>2016-10-19 03:13:44 314 116 62 220 2 80 13 0 41 80</string>
    <string>2016-10-19 03:13:44 315 116 59 209 2 80 13 0 42 80</string>
    <string>2016-10-19 03:13:45 316 116 59 209 2 80 13 0 42 80</string>
    <string>2016-10-19 03:13:45 317 116 59 209 2 80 13 0 43 80</string>
    <string>2016-10-19 03:13:46 318 116 59 209 2 80 13 0 43 80</string>
    <string>2016-10-19 03:13:47 319 116 61 217 2 80 14 0 44 80</string>
    <string>2016-10-19 03:13:47 320 116 61 217 2 80 14 0 44 80</string>
    <string>2016-10-19 03:13:47 321 116 61 217 3 80 14 0 45 80</string>
    <string>2016-10-19 03:13:48 322 116 61 217 3 80 14 0 45 80</string>
    <string>2016-10-19 03:13:48 323 116 62 220 3 80 14 0 46 80</string>
    <string>2016-10-19 03:13:49 324 116 62 220 3 80 14 0 46 80</string>
    <string>2016-10-19 03:13:49 325 116 62 220 3 80 15 0 47 80</string>
    <string>2016-10-19 03:13:50 326 116 62 220 3 80 15 0 47 80</string>
    <string>2016-10-19 03:13:50 327 116 64 227 3 80 15 0 48 80</string>
    <string>2016-10-19 03:13:51 329 116 64 227 3 80 15 0 49 80</string>
    <string>2016-10-19 03:13:51 329 116 64 227 3 80 15 0 49 80</string>
    <string>2016-10-19 03:13:52 330 115 64 227 3 80 15 0 49 80</string>
    <string>2016-10-19 03:13:52 331 116 59 209 3 80 16 0 50 80</string>
    <string>2016-10-19 03:13:53 332 116 59 209 3 80 16 0 50 80</string>
    <string>2016-10-19 03:13:53 333 116 59 209 3 80 16 0 51 80</string>
    <string>2016-10-19 03:13:54 334 116 59 209 3 80 16 0 51 80</string>
    <string>2016-10-19 03:13:55 336 116 60 213 3 80 16 0 52 80</string>
    <string>2016-10-19 03:13:55 336 116 60 213 3 80 16 0 52 80</string>
    <string>2016-10-19 03:13:55 337 116 60 213 3 80 16 0 53 80</string>
    <string>2016-10-19 03:13:56 338 115 60 213 3 80 16 0 53 80</string>
    <string>2016-10-19 03:13:56 339 116 62 220 3 80 17 0 54 80</string>
    <string>2016-10-19 03:13:57 340 116 62 220 3 80 17 0 54 80</string>
    <string>2016-10-19 03:13:57 341 116 62 220 3 80 17 0 55 80</string>
    <string>2016-10-19 03:13:58 342 116 62 220 3 80 17 0 55 80</string>
    <string>2016-10-19 03:13:58 343 116 62 220 3 80 17 0 56 80</string>
    <string>2016-10-19 03:13:59 344 116 62 220 3 80 17 0 56 80</string>
    <string>2016-10-19 03:13:59 345 116 62 220 3 80 18 0 57 80</string>
    <string>2016-10-19 03:14:00 346 115 62 220 3 80 18 0 57 80</string>
    <string>2016-10-19 03:14:00 347 115 56 199 3 80 18 0 58 80</string>
    <string>2016-10-19 03:14:01 348 115 56 199 3 80 18 0 58 80</string>
    <string>2016-10-19 03:14:01 349 115 56 199 3 80 18 0 59 80</string>
    <string>2016-10-19 03:14:02 350 115 56 199 3 80 18 0 59 80</string>
    <string>2016-10-19 03:14:02 351 115 30 107 3 80 19 1 0 80</string>
    <string>2016-10-19 03:14:03 352 115 30 107 3 80 19 1 0 80</string>
    <string>2016-10-19 03:14:03 353 115 30 107 3 80 19 1 1 80</string>
    <string>2016-10-19 03:14:04 354 115 30 107 3 80 19 1 1 80</string>
    <string>2016-10-19 03:14:04 355 115 30 107 3 80 19 1 2 80</string>
    <string>2016-10-19 03:14:05 356 115 30 107 3 80 19 1 2 80</string>
    <string>2016-10-19 03:14:05 357 115 0 0 3 80 19 1 3 0</string>
    <string>2016-10-19 03:14:06 358 115 0 0 3 80 19 1 3 0</string>
    <string>2016-10-19 03:14:06 359 115 0 0 3 80 19 1 3 0</string>
    <string>2016-10-19 03:14:07 360 115 0 0 3 80 19 1 3 0</string>
    <string>2016-10-19 03:14:07 361 115 0 0 3 80 19 1 3 0</string>
    <string>2016-10-19 03:14:08 362 115 0 0 3 80 19 1 3 0</string>
    <string>2016-10-19 03:14:08 362 115 0 0 3 80 19 1 3 0</string>
    <string>2016-10-19 03:14:09 363 115 0 0 3 80 19 1 3 0</string>
    <string>2016-10-19 03:14:09 364 115 0 0 3 80 19 1 3 0</string>
    <string>2016-10-19 03:14:10 365 115 0 0 3 80 19 1 3 0</string>
    <string>2016-10-19 03:14:10 366 115 0 0 3 80 19 1 3 0</string>
    <string>2016-10-19 03:14:11 367 115 0 0 3 80 19 1 3 0</string>
    <string>2016-10-19 03:14:11 368 115 0 0 3 80 19 1 3 0</string>
    <string>2016-10-19 03:14:12 369 115 0 0 3 80 19 1 3 0</string>
    <string>2016-10-19 03:14:12 370 115 0 0 3 80 19 1 3 0</string>
    <string>2016-10-19 03:14:13 371 115 0 0 3 80 19 1 3 0</string>
    <string>2016-10-19 03:14:13 372 115 0 0 3 80 19 1 3 0</string>
    <string>2016-10-19 03:14:14 373 115 0 0 3 80 19 1 3 0</string>
    <string>2016-10-19 03:14:14 374 115 0 0 3 80 19 1 3 0</string>
    <string>2016-10-19 03:14:15 375 115 0 0 3 80 19 1 3 0</string>
    <string>2016-10-19 03:14:15 376 114 0 0 3 80 19 1 3 0</string>
    <string>2016-10-19 03:14:16 377 114 0 0 3 80 19 1 3 0</string>
    <string>2016-10-19 03:14:16 378 114 0 0 3 80 19 1 3 0</string>
    <string>2016-10-19 03:14:17 379 114 0 0 3 80 19 1 3 0</string>
    <string>2016-10-19 03:14:17 380 113 0 0 3 80 19 1 3 0</string>
    <string>2016-10-19 03:14:18 381 114 0 0 3 80 19 1 3 0</string>
    <string>2016-10-19 03:14:18 382 114 0 0 3 80 19 1 3 0</string>
    <string>2016-10-19 03:14:19 383 114 0 0 3 80 19 1 3 0</string>
    <string>2016-10-19 03:14:19 384 114 0 0 3 80 19 1 3 0</string>
    <string>2016-10-19 03:14:20 385 114 0 0 3 80 19 1 3 0</string>
    <string>2016-10-19 03:14:20 386 114 0 0 3 80 19 1 3 0</string>
    <string>2016-10-19 03:14:21 387 113 0 0 3 80 19 1 3 0</string>
    <string>2016-10-19 03:14:21 388 113 0 0 3 80 19 1 3 0</string>
    <string>2016-10-19 03:14:22 389 113 0 0 3 80 19 1 3 0</string>
    <string>2016-10-19 03:14:22 390 113 0 0 3 80 19 1 3 0</string>
    <string>2016-10-19 03:14:23 391 113 0 0 3 80 19 1 3 0</string>
    <string>2016-10-19 03:14:23 392 113 0 0 3 80 19 1 3 0</string>
    <string>2016-10-19 03:14:24 393 113 0 0 3 80 19 1 3 0</string>
    <string>2016-10-19 03:14:24 394 113 0 0 3 80 19 1 3 0</string>
    <string>2016-10-19 03:14:25 395 113 0 0 3 80 19 1 3 0</string>
    <string>2016-10-19 03:14:25 396 112 0 0 3 80 19 1 3 0</string>
    <string>2016-10-19 03:14:26 397 112 0 0 3 80 19 1 3 0</string>
    <string>2016-10-19 03:14:26 398 112 0 0 3 80 19 1 3 0</string>
    <string>2016-10-19 03:14:27 399 112 0 0 3 80 19 1 3 0</string>
    <string>2016-10-19 03:14:27 400 112 0 0 3 80 19 1 3 0</string>
    <string>2016-10-19 03:14:28 401 109 0 0 3 80 19 1 3 0</string>
    <string>2016-10-19 03:14:28 402 109 0 0 3 80 19 1 3 0</string>
    <string>2016-10-19 03:14:29 403 105 0 0 3 80 19 1 3 0</string>
    <string>2016-10-19 03:14:29 403 105 0 0 3 80 19 1 3 0</string>
    <string>2016-10-19 03:14:30 404 105 0 0 3 80 19 1 3 0</string>
    <string>2016-10-19 03:14:30 405 104 0 0 3 80 19 1 3 0</string>
    <string>2016-10-19 03:14:31 406 104 0 0 3 80 19 1 3 0</string>
    <string>2016-10-19 03:14:31 407 104 0 0 3 80 19 1 3 0</string>
    <string>2016-10-19 03:14:32 408 104 0 0 3 80 19 1 3 0</string>
    <string>2016-10-19 03:14:32 409 104 0 0 3 80 19 1 3 0</string>
    <string>2016-10-19 03:14:33 410 104 0 0 3 80 19 1 3 0</string>
    <string>2016-10-19 03:14:33 411 104 0 0 3 80 19 1 3 0</string>
    <string>2016-10-19 03:14:34 412 104 0 0 3 80 19 1 3 0</string>
    <string>2016-10-19 03:14:34 413 104 0 0 3 80 19 1 3 0</string>
    <string>2016-10-19 03:14:35 414 104 0 0 3 80 19 1 3 0</string>
    <string>2016-10-19 03:14:35 415 104 0 0 3 80 19 1 3 0</string>
    <string>2016-10-19 03:14:36 416 104 0 0 3 80 19 1 3 0</string>
    <string>2016-10-19 03:14:36 417 104 0 0 3 80 19 1 3 0</string>
    <string>2016-10-19 03:14:37 418 104 0 0 3 80 19 1 3 0</string>
    <string>2016-10-19 03:14:37 419 104 0 0 3 80 19 1 3 0</string>
    <string>2016-10-19 03:14:38 420 104 0 0 3 80 19 1 3 0</string>
    <string>2016-10-19 03:14:38 421 104 0 0 3 80 19 1 3 0</string>
    <string>2016-10-19 03:14:39 422 104 0 0 3 80 19 1 3 0</string>
    <string>2016-10-19 03:14:39 423 104 0 0 3 80 19 1 3 0</string>
    <string>2016-10-19 03:14:40 424 104 0 0 3 80 19 1 3 0</string>
    <string>2016-10-19 03:14:40 425 104 0 0 3 80 19 1 3 0</string>
    <string>2016-10-19 03:14:41 426 104 0 0 3 80 19 1 3 0</string>
    <string>2016-10-19 03:14:41 427 104 0 0 3 80 19 1 3 0</string>
    <string>2016-10-19 03:14:42 428 104 0 0 3 80 19 1 3 0</string>
    <string>2016-10-19 03:14:42 429 104 0 0 3 80 19 1 3 0</string>
    <string>2016-10-19 03:14:43 430 104 0 0 3 80 19 1 3 0</string>
    <string>2016-10-19 03:14:43 431 104 0 0 3 80 19 1 3 0</string>
    <string>2016-10-19 03:14:44 432 104 0 0 3 80 19 1 3 0</string>
    <string>2016-10-19 03:14:44 433 104 0 0 3 80 19 1 3 0</string>
    <string>2016-10-19 03:14:45 434 104 0 0 3 80 19 1 3 0</string>
    <string>2016-10-19 03:14:45 435 104 0 0 3 80 19 1 3 0</string>
    <string>2016-10-19 03:14:46 435 104 0 0 3 80 19 1 3 0</string>
    <string>2016-10-19 03:14:46 437 104 0 0 3 80 19 1 3 0</string>
    <string>2016-10-19 03:14:47 437 104 0 0 3 80 19 1 3 0</string>
    <string>2016-10-19 03:14:47 439 104 0 0 3 80 19 1 3 0</string>
    <string>2016-10-19 03:14:48 439 104 0 0 3 80 19 1 3 0</string>
    <string>2016-10-19 03:14:48 440 104 0 0 3 80 19 1 3 0</string>
    <string>2016-10-19 03:14:49 441 104 0 0 3 80 19 1 3 0</string>
    <string>2016-10-19 03:14:49 442 104 0 0 3 80 19 1 3 0</string>
    <string>2016-10-19 03:14:50 443 104 0 0 3 80 19 1 3 0</string>
    <string>2016-10-19 03:14:50 444 104 0 0 3 80 19 1 3 0</string>
    <string>2016-10-19 03:14:51 445 104 0 0 3 80 19 1 3 0</string>
    <string>2016-10-19 03:14:51 446 104 0 0 3 80 19 1 3 0</string>
    <string>2016-10-19 03:14:52 447 104 0 0 3 80 19 1 3 0</string>
    <string>2016-10-19 03:14:52 448 103 0 0 3 80 19 1 3 0</string>
    <string>2016-10-19 03:14:53 449 103 0 0 3 80 19 1 3 0</string>
    <string>2016-10-19 03:14:53 450 103 0 0 3 80 19 1 3 0</string>
    <string>2016-10-19 03:14:54 451 104 0 0 3 80 19 1 3 0</string>
    <string>2016-10-19 03:14:54 452 104 0 0 3 80 19 1 3 0</string>
    <string>2016-10-19 03:14:55 453 104 0 0 3 80 19 1 3 0</string>
    <string>2016-10-19 03:14:55 454 104 0 0 3 80 19 1 3 0</string>
    <string>2016-10-19 03:14:56 455 104 0 0 3 80 19 1 3 0</string>
    <string>2016-10-19 03:14:56 456 104 0 0 3 80 19 1 3 0</string>
    <string>2016-10-19 03:14:57 457 104 0 0 3 80 19 1 3 0</string>
    <string>2016-10-19 03:14:57 458 104 0 0 3 80 19 1 3 0</string>
    <string>2016-10-19 03:14:58 459 103 0 0 3 80 19 1 3 0</string>
    <string>2016-10-19 03:14:58 460 103 0 0 3 80 19 1 3 0</string>
    <string>2016-10-19 03:14:59 461 103 0 0 3 80 19 1 3 0</string>
    <string>2016-10-19 03:14:59 462 103 0 0 3 80 19 1 3 0</string>
    <string>2016-10-19 03:15:00 463 103 0 0 3 80 19 1 3 0</string>
    <string>2016-10-19 03:15:00 464 103 0 0 3 80 19 1 3 0</string>
    <string>2016-10-19 03:15:01 465 103 0 0 3 80 19 1 3 0</string>
    <string>2016-10-19 03:15:01 466 103 0 0 3 80 19 1 3 0</string>
    <string>2016-10-19 03:15:02 467 102 0 0 3 80 19 1 3 0</string>
    <string>2016-10-19 03:15:02 468 102 0 0 3 80 19 1 3 0</string>
    <string>2016-10-19 03:15:03 469 102 0 0 3 80 19 1 3 0</string>
    <string>2016-10-19 03:15:03 470 102 0 0 3 80 19 1 3 0</string>
    <string>2016-10-19 03:15:04 471 102 0 0 3 80 19 1 3 0</string>
    <string>2016-10-19 03:15:04 472 101 0 0 3 80 19 1 3 0</string>
    <string>2016-10-19 03:15:05 473 101 0 0 3 80 19 1 3 0</string>
    <string>2016-10-19 03:15:05 474 101 0 0 3 80 19 1 3 0</string>
    <string>2016-10-19 03:15:06 475 101 0 0 3 80 19 1 3 0</string>
    <string>2016-10-19 03:15:06 476 101 0 0 3 80 19 1 3 0</string>
    <string>2016-10-19 03:15:07 477 101 0 0 3 80 19 1 3 0</string>
    <string>2016-10-19 03:15:07 478 101 0 0 3 80 19 1 3 0</string>
    <string>2016-10-19 03:15:08 478 101 0 0 3 80 19 1 3 0</string>
    <string>2016-10-19 03:15:08 480 100 0 0 3 80 19 1 3 0</string>
    <string>2016-10-19 03:15:09 480 100 0 0 3 80 19 1 3 0</string>
    <string>2016-10-19 03:15:09 482 99 0 0 3 80 19 1 3 0</string>
    <string>2016-10-19 03:15:10 483 99 0 0 3 80 19 1 3 0</string>
    <string>2016-10-19 03:15:10 484 98 0 0 3 80 19 1 3 0</string>
    <string>2016-10-19 03:15:11 484 98 0 0 3 80 19 1 3 0</string>
    <string>2016-10-19 03:15:11 486 98 0 0 3 80 19 1 3 0</string>
    <string>2016-10-19 03:15:12 487 98 0 0 3 80 19 1 3 0</string>
    <string>2016-10-19 03:15:12 488 98 0 0 3 80 19 1 3 0</string>
    <string>2016-10-19 03:15:13 489 98 0 0 3 80 19 1 3 0</string>
    <string>2016-10-19 03:15:13 489 98 0 0 3 80 19 1 3 0</string>
    <string>2016-10-19 03:15:14 491 98 0 0 3 80 19 1 3 0</string>
    <string>2016-10-19 03:15:14 491 98 0 0 3 80 19 1 3 0</string>
    <string>2016-10-19 03:15:15 493 98 0 0 3 80 19 1 3 0</string>
    <string>2016-10-19 03:15:15 493 98 0 0 3 80 19 1 3 0</string>
    <string>2016-10-19 03:15:16 495 99 0 0 3 80 19 1 3 0</string>
    <string>2016-10-19 03:15:16 495 99 0 0 3 80 19 1 3 0</string>
    <string>2016-10-19 03:15:17 496 99 0 0 3 80 19 1 3 0</string>
    <string>2016-10-19 03:15:17 497 99 0 0 3 80 19 1 3 0</string>
    <string>2016-10-19 03:15:18 499 100 0 0 3 80 19 1 3 0</string>
    <string>2016-10-19 03:15:18 499 100 0 0 3 80 19 1 3 0</string>
    <string>2016-10-19 03:15:19 501 99 0 0 3 80 19 1 3 0</string>
    <string>2016-10-19 03:15:19 501 99 0 0 3 80 19 1 3 0</string>
    <string>2016-10-19 03:15:20 503 99 0 0 3 80 19 1 3 0</string>
    <string>2016-10-19 03:15:20 503 99 0 0 3 80 19 1 3 0</string>
    <string>2016-10-19 03:15:21 505 98 0 0 3 80 19 1 3 0</string>
    <string>2016-10-19 03:15:21 505 98 0 0 3 80 19 1 3 0</string>
    <string>2016-10-19 03:15:22 506 98 0 0 3 80 19 1 3 0</string>
    <string>2016-10-19 03:15:22 507 98 0 0 3 80 19 1 3 0</string>
    <string>2016-10-19 03:15:23 508 98 0 0 3 80 19 1 3 0</string>
    <string>2016-10-19 03:15:23 509 99 0 0 3 80 19 1 3 0</string>
    <string>2016-10-19 03:15:24 510 99 0 0 3 80 19 1 3 0</string>
    <string>2016-10-19 03:15:24 511 99 0 0 3 80 19 1 3 0</string>
    <string>2016-10-19 03:15:25 513 100 0 0 3 80 19 1 3 0</string>
    <string>2016-10-19 03:15:25 513 100 0 0 3 80 19 1 3 0</string>
    <string>2016-10-19 03:15:26 514 100 0 0 3 80 19 1 3 0</string>
    <string>2016-10-19 03:15:26 515 100 0 0 3 80 19 1 3 0</string>
    <string>2016-10-19 03:15:27 517 101 0 0 3 80 19 1 3 0</string>
  </Results>
</ServerData>