<?xml version="1.0"?>
<ServerData xmlns:xsi="http://www.w3.org/2001/XMLSchema-instance" xmlns:xsd="http://www.w3.org/2001/XMLSchema">
  <Name>waeffewaaewf</Name>
  <Password>weaf</Password>
  <Doctor>false</Doctor>
  <Messages />
  <Results>
    <string>2016-10-12 01:41:08 1 10 40 2 0 25 0 0 0 60</string>
    <string>2016-10-12 01:41:09 2 132 40 36 4 25 4 0 0 60</string>
    <string>2016-10-12 01:41:09 3 114 40 28 9 25 9 0 0 60</string>
    <string>2016-10-12 01:41:10 4 138 40 39 13 25 13 0 1 60</string>
    <string>2016-10-12 01:41:10 5 119 40 30 18 25 18 0 1 60</string>
    <string>2016-10-12 01:41:11 6 105 40 23 22 25 22 0 2 60</string>
    <string>2016-10-12 01:41:11 7 86 40 15 27 25 27 0 2 60</string>
    <string>2016-10-12 01:41:12 8 67 40 6 32 25 32 0 3 60</string>
    <string>2016-10-12 01:41:12 9 91 40 17 36 25 36 0 4 60</string>
    <string>2016-10-12 01:41:13 10 73 40 9 41 25 41 0 4 60</string>
    <string>2016-10-12 01:41:13 11 97 40 20 45 25 45 0 4 60</string>
    <string>2016-10-12 01:41:14 12 78 40 11 50 25 50 0 5 60</string>
    <string>2016-10-12 01:41:14 13 64 40 5 54 25 54 0 5 60</string>
    <string>2016-10-12 01:41:15 14 125 40 33 59 25 59 0 6 60</string>
    <string>2016-10-12 01:41:15 15 107 40 24 64 25 64 0 6 60</string>
    <string>2016-10-12 01:41:16 16 131 40 35 68 25 68 0 7 60</string>
    <string>2016-10-12 01:41:16 17 76 40 10 73 25 73 0 7 60</string>
    <string>2016-10-12 01:41:17 18 129 40 35 77 25 77 0 8 60</string>
    <string>2016-10-12 01:41:17 19 110 40 26 82 25 82 0 8 60</string>
    <string>2016-10-12 01:41:18 20 112 40 27 86 25 86 0 9 60</string>
    <string>2016-10-12 01:41:18 21 71 40 8 90 25 90 0 9 60</string>
    <string>2016-10-12 01:41:19 22 81 40 13 95 25 95 0 10 60</string>
    <string>2016-10-12 01:41:19 23 105 40 24 99 25 99 0 10 60</string>
    <string>2016-10-12 01:41:20 24 87 40 15 104 25 104 0 11 60</string>
    <string>2016-10-12 01:41:20 25 139 40 39 108 25 108 0 11 60</string>
    <string>2016-10-12 01:41:32 26 89 40 16 114 25 114 0 13 60</string>
    <string>2016-10-12 01:41:32 27 69 40 7 115 25 115 0 14 60</string>
    <string>2016-10-12 01:41:33 28 135 40 37 119 25 119 0 14 60</string>
    <string>2016-10-12 01:41:33 29 74 40 9 124 25 124 0 15 60</string>
    <string>2016-10-12 01:41:34 30 89 40 16 128 25 128 0 15 60</string>
    <string>2016-10-12 01:41:34 31 137 40 38 133 25 133 0 15 60</string>
    <string>2016-10-12 01:41:35 32 123 40 32 137 25 137 0 16 60</string>
    <string>2016-10-12 01:41:35 33 62 40 4 142 25 142 0 16 60</string>
    <string>2016-10-12 01:41:36 34 128 40 34 146 25 146 0 17 60</string>
    <string>2016-10-12 01:41:36 35 109 40 26 151 25 151 0 17 60</string>
    <string>2016-10-12 01:41:37 36 91 40 17 156 25 156 0 18 60</string>
    <string>2016-10-12 01:41:37 36 91 40 17 156 25 156 0 18 60</string>
    <string>2016-10-12 01:41:38 37 64 40 4 160 25 160 0 18 60</string>
    <string>2016-10-12 01:41:38 38 112 40 27 165 25 165 0 19 60</string>
    <string>2016-10-12 01:41:39 39 84 40 14 169 25 169 0 19 60</string>
    <string>2016-10-12 01:41:39 40 66 40 5 174 25 174 0 20 60</string>
    <string>2016-10-12 01:41:40 41 132 40 36 178 25 178 0 20 60</string>
    <string>2016-10-12 01:41:40 42 113 40 27 183 25 183 0 21 60</string>
    <string>2016-10-12 01:41:41 43 94 40 19 188 25 188 0 21 60</string>
    <string>2016-10-12 01:41:41 44 118 40 30 192 25 192 0 22 60</string>
    <string>2016-10-12 01:41:42 45 100 40 21 197 25 197 0 22 60</string>
    <string>2016-10-12 01:41:42 46 124 40 32 201 25 201 0 23 60</string>
    <string>2016-10-12 01:41:43 47 105 40 23 206 25 206 0 23 60</string>
    <string>2016-10-12 01:41:43 48 91 40 17 210 25 210 0 24 60</string>
    <string>2016-10-12 01:41:44 49 103 40 23 215 25 215 0 24 60</string>
    <string>2016-10-12 01:41:44 50 76 40 10 219 25 219 0 25 60</string>
    <string>2016-10-12 01:41:45 51 86 40 15 224 25 224 0 25 60</string>
    <string>2016-10-12 01:41:45 52 110 40 26 228 25 228 0 26 60</string>
    <string>2016-10-12 01:41:46 53 107 40 24 233 25 233 0 26 60</string>
    <string>2016-10-12 01:41:46 54 121 40 31 237 25 237 0 27 60</string>
    <string>2016-10-12 01:41:47 55 90 40 16 242 25 242 0 27 60</string>
    <string>2016-10-12 01:41:47 56 75 40 10 246 25 246 0 28 60</string>
    <string>2016-10-12 01:41:48 57 95 40 19 251 25 251 0 28 60</string>
    <string>2016-10-12 01:41:48 58 81 40 12 255 25 255 0 29 60</string>
    <string>2016-10-12 01:41:49 59 62 40 4 260 25 260 0 29 60</string>
    <string>2016-10-12 01:41:49 60 115 40 28 264 25 264 0 30 60</string>
    <string>2016-10-12 01:41:50 61 67 40 6 268 25 268 0 30 60</string>
    <string>2016-10-12 01:41:50 62 84 40 14 272 25 272 0 31 60</string>
  </Results>
</ServerData>