<?xml version="1.0"?>
<ServerData xmlns:xsi="http://www.w3.org/2001/XMLSchema-instance" xmlns:xsd="http://www.w3.org/2001/XMLSchema">
  <Name>weafwef</Name>
  <Password>aewf</Password>
  <Doctor>false</Doctor>
  <Messages />
  <Results>
    <string>2016-10-18 09:36:11 1 10 40 2 0 25 0 0 0 60</string>
    <string>2016-10-18 09:36:11 2 139 40 39 4 25 4 0 0 60</string>
    <string>2016-10-18 09:36:12 3 120 40 31 9 25 9 0 0 60</string>
    <string>2016-10-18 09:36:12 4 64 40 5 13 25 13 0 1 60</string>
    <string>2016-10-18 09:36:13 5 61 40 3 18 25 18 0 1 60</string>
    <string>2016-10-18 09:36:13 6 127 40 34 22 25 22 0 2 60</string>
    <string>2016-10-18 09:36:14 7 108 40 25 27 25 27 0 2 60</string>
    <string>2016-10-18 09:36:14 8 132 40 36 31 25 31 0 3 60</string>
    <string>2016-10-18 09:36:15 9 114 40 28 36 25 36 0 3 60</string>
    <string>2016-10-18 09:36:15 10 100 40 21 40 25 40 0 4 60</string>
    <string>2016-10-18 09:36:16 11 81 40 12 45 25 45 0 4 60</string>
    <string>2016-10-18 09:36:16 12 129 40 35 50 25 50 0 5 60</string>
    <string>2016-10-18 09:36:17 13 115 40 28 54 25 54 0 5 60</string>
    <string>2016-10-18 09:36:17 14 68 40 6 59 25 59 0 6 60</string>
    <string>2016-10-18 09:36:18 15 129 40 35 64 25 64 0 6 60</string>
    <string>2016-10-18 09:36:18 16 73 40 9 68 25 68 0 7 60</string>
    <string>2016-10-18 09:36:19 17 134 40 37 73 25 73 0 7 60</string>
    <string>2016-10-18 09:36:19 18 120 40 30 77 25 77 0 8 60</string>
    <string>2016-10-18 09:36:20 19 139 40 39 82 25 82 0 8 60</string>
    <string>2016-10-18 09:36:20 20 125 40 33 86 25 86 0 9 60</string>
    <string>2016-10-18 09:36:21 21 107 40 24 91 25 91 0 9 60</string>
    <string>2016-10-18 09:36:21 22 88 40 16 96 25 96 0 10 60</string>
    <string>2016-10-18 09:36:22 23 112 40 27 100 25 100 0 10 60</string>
    <string>2016-10-18 09:36:22 24 93 40 18 105 25 105 0 11 60</string>
    <string>2016-10-18 09:36:23 25 79 40 12 109 25 109 0 11 60</string>
    <string>2016-10-18 09:36:23 26 99 40 21 114 25 114 0 12 60</string>
    <string>2016-10-18 09:36:24 27 84 40 14 118 25 118 0 12 60</string>
    <string>2016-10-18 09:36:24 28 66 40 5 123 25 123 0 13 60</string>
    <string>2016-10-18 09:36:25 29 127 40 34 128 25 128 0 13 60</string>
    <string>2016-10-18 09:36:25 30 71 40 8 132 25 132 0 14 60</string>
    <string>2016-10-18 09:36:26 31 132 40 36 137 25 137 0 14 60</string>
    <string>2016-10-18 09:36:26 32 118 40 30 141 25 141 0 15 60</string>
    <string>2016-10-18 09:36:27 33 138 40 39 146 25 146 0 15 60</string>
    <string>2016-10-18 09:36:27 34 123 40 32 150 25 150 0 16 60</string>
    <string>2016-10-18 09:36:28 35 105 40 23 155 25 155 0 16 60</string>
    <string>2016-10-18 09:36:28 36 86 40 15 160 25 160 0 17 60</string>
    <string>2016-10-18 09:36:29 37 110 40 26 164 25 164 0 17 60</string>
    <string>2016-10-18 09:36:29 38 91 40 17 169 25 169 0 18 60</string>
    <string>2016-10-18 09:36:30 39 77 40 11 173 25 173 0 18 60</string>
    <string>2016-10-18 09:36:30 40 97 40 20 178 25 178 0 19 60</string>
    <string>2016-10-18 09:36:31 41 83 40 13 182 25 182 0 19 60</string>
    <string>2016-10-18 09:36:31 42 64 40 5 187 25 187 0 20 60</string>
    <string>2016-10-18 09:36:32 43 125 40 33 192 25 192 0 20 60</string>
    <string>2016-10-18 09:36:32 44 98 40 20 196 25 196 0 21 60</string>
    <string>2016-10-18 09:36:33 45 79 40 12 201 25 201 0 21 60</string>
    <string>2016-10-18 09:36:33 46 103 40 23 205 25 205 0 22 60</string>
    <string>2016-10-18 09:36:34 47 85 40 14 210 25 210 0 22 60</string>
    <string>2016-10-18 09:36:34 48 70 40 8 214 25 214 0 23 60</string>
    <string>2016-10-18 09:36:35 49 90 40 17 219 25 219 0 23 60</string>
    <string>2016-10-18 09:36:35 50 71 40 8 224 25 224 0 24 60</string>
    <string>2016-10-18 09:36:36 51 137 40 38 228 25 228 0 24 60</string>
    <string>2016-10-18 09:36:36 52 118 40 30 233 25 233 0 25 60</string>
    <string>2016-10-18 09:36:37 53 62 40 4 237 25 237 0 25 60</string>
    <string>2016-10-18 09:36:37 54 124 40 32 242 25 242 0 26 60</string>
    <string>2016-10-18 09:36:38 55 96 40 20 246 25 246 0 26 60</string>
    <string>2016-10-18 09:36:38 56 78 40 11 251 25 251 0 27 60</string>
    <string>2016-10-18 09:36:39 57 63 40 4 255 25 255 0 27 60</string>
    <string>2016-10-18 09:36:39 58 83 40 13 260 25 260 0 28 60</string>
    <string>2016-10-18 09:36:40 59 64 40 5 265 25 265 0 28 60</string>
    <string>2016-10-18 09:36:40 60 130 40 35 269 25 269 0 29 60</string>
    <string>2016-10-18 09:36:41 61 111 40 27 274 25 274 0 29 60</string>
    <string>2016-10-18 09:36:41 62 135 40 38 278 25 278 0 30 60</string>
    <string>2016-10-18 09:36:42 63 117 40 29 283 25 283 0 30 60</string>
    <string>2016-10-18 09:36:42 64 103 40 22 287 25 287 0 31 60</string>
    <string>2016-10-18 09:36:43 65 122 40 31 292 25 292 0 31 60</string>
    <string>2016-10-18 09:36:43 66 137 40 38 296 25 296 0 32 60</string>
    <string>2016-10-18 09:36:44 67 76 40 10 301 25 301 0 32 60</string>
    <string>2016-10-18 09:36:44 68 137 40 39 306 25 306 0 33 60</string>
    <string>2016-10-18 09:36:45 69 123 40 32 310 25 310 0 33 60</string>
    <string>2016-10-18 09:36:45 70 105 40 23 315 25 315 0 34 60</string>
    <string>2016-10-18 09:36:46 71 129 40 34 319 25 319 0 34 60</string>
    <string>2016-10-18 09:36:46 72 110 40 26 324 25 324 0 35 60</string>
    <string>2016-10-18 09:36:47 73 91 40 17 329 25 329 0 35 60</string>
    <string>2016-10-18 09:36:47 74 115 40 28 333 25 333 0 36 60</string>
    <string>2016-10-18 09:36:48 75 97 40 20 338 25 338 0 36 60</string>
    <string>2016-10-18 09:36:48 76 82 40 13 342 25 342 0 37 60</string>
    <string>2016-10-18 09:36:49 77 131 40 35 347 25 347 0 37 60</string>
    <string>2016-10-18 09:36:49 78 116 40 29 351 25 351 0 38 60</string>
    <string>2016-10-18 09:36:50 79 98 40 20 356 25 356 0 38 60</string>
    <string>2016-10-18 09:36:50 80 122 40 31 360 25 360 0 39 60</string>
    <string>2016-10-18 09:36:51 81 103 40 23 365 25 365 0 39 60</string>
    <string>2016-10-18 09:36:51 82 84 40 14 370 25 370 0 40 60</string>
    <string>2016-10-18 09:36:52 84 90 40 16 379 25 379 0 41 60</string>
    <string>2016-10-18 09:36:52 84 90 40 16 379 25 379 0 41 60</string>
    <string>2016-10-18 09:36:53 85 75 40 10 383 25 383 0 41 60</string>
    <string>2016-10-18 09:36:53 86 137 40 38 388 25 388 0 42 60</string>
    <string>2016-10-18 09:36:54 87 81 40 12 392 25 392 0 42 60</string>
    <string>2016-10-18 09:36:54 88 62 40 4 397 25 397 0 43 60</string>
    <string>2016-10-18 09:36:55 89 123 40 32 402 25 402 0 43 60</string>
    <string>2016-10-18 09:36:55 90 67 40 6 406 25 406 0 44 60</string>
    <string>2016-10-18 09:36:56 91 129 40 35 411 25 411 0 44 60</string>
    <string>2016-10-18 09:36:56 92 114 40 28 415 25 415 0 45 60</string>
    <string>2016-10-18 09:36:57 93 96 40 19 420 25 420 0 45 60</string>
    <string>2016-10-18 09:36:57 94 120 40 30 424 25 424 0 46 60</string>
    <string>2016-10-18 09:36:58 95 101 40 22 429 25 429 0 46 60</string>
    <string>2016-10-18 09:36:58 96 82 40 13 434 25 434 0 47 60</string>
    <string>2016-10-18 09:36:59 97 106 40 24 438 25 438 0 47 60</string>
    <string>2016-10-18 09:36:59 98 88 40 16 443 25 443 0 48 60</string>
    <string>2016-10-18 09:37:00 99 74 40 9 447 25 447 0 48 60</string>
    <string>2016-10-18 09:37:00 100 135 40 37 452 25 452 0 49 60</string>
    <string>2016-10-18 09:37:01 101 116 40 29 457 25 457 0 49 60</string>
    <string>2016-10-18 09:37:01 102 60 40 3 461 25 461 0 50 60</string>
    <string>2016-10-18 09:37:02 103 122 40 31 466 25 466 0 50 60</string>
    <string>2016-10-18 09:37:02 104 66 40 5 470 25 470 0 51 60</string>
    <string>2016-10-18 09:37:03 105 127 40 34 475 25 475 0 51 60</string>
    <string>2016-10-18 09:37:03 106 113 40 27 479 25 479 0 52 60</string>
    <string>2016-10-18 09:37:04 107 94 40 18 484 25 484 0 52 60</string>
    <string>2016-10-18 09:37:05 109 99 40 21 493 25 493 0 53 60</string>
    <string>2016-10-18 09:37:05 109 99 40 21 493 25 493 0 53 60</string>
    <string>2016-10-18 09:37:06 110 81 40 12 498 25 498 0 54 60</string>
    <string>2016-10-18 09:37:06 111 105 40 23 502 25 502 0 54 60</string>
    <string>2016-10-18 09:37:07 112 86 40 15 507 25 507 0 55 60</string>
    <string>2016-10-18 09:37:07 113 72 40 8 511 25 511 0 55 60</string>
    <string>2016-10-18 09:37:08 114 133 40 37 516 25 516 0 56 60</string>
    <string>2016-10-18 09:37:08 115 114 40 28 521 25 521 0 56 60</string>
    <string>2016-10-18 09:37:09 116 138 40 39 525 25 525 0 57 60</string>
    <string>2016-10-18 09:37:09 117 120 40 30 530 25 530 0 57 60</string>
    <string>2016-10-18 09:37:10 118 64 40 4 534 25 534 0 58 60</string>
    <string>2016-10-18 09:37:10 120 111 40 26 543 25 543 0 59 60</string>
    <string>2016-10-18 09:37:11 120 111 40 26 543 25 543 0 59 60</string>
    <string>2016-10-18 09:37:11 121 92 40 18 548 25 548 0 59 60</string>
    <string>2016-10-18 09:37:12 122 74 40 9 553 25 553 1 0 60</string>
    <string>2016-10-18 09:37:12 123 97 40 20 557 25 557 1 0 60</string>
    <string>2016-10-18 09:37:13 124 79 40 11 562 25 562 1 1 60</string>
    <string>2016-10-18 09:37:13 125 103 40 23 566 25 566 1 1 60</string>
    <string>2016-10-18 09:37:14 126 84 40 14 571 25 571 1 2 60</string>
    <string>2016-10-18 09:37:14 127 70 40 7 575 25 575 1 2 60</string>
    <string>2016-10-18 09:37:15 128 131 40 36 580 25 580 1 3 60</string>
    <string>2016-10-18 09:37:15 129 113 40 27 585 25 585 1 3 60</string>
    <string>2016-10-18 09:37:16 130 137 40 38 589 25 589 1 4 60</string>
    <string>2016-10-18 09:37:16 131 118 40 30 594 25 594 1 4 60</string>
    <string>2016-10-18 09:37:17 132 62 40 4 598 25 598 1 5 60</string>
    <string>2016-10-18 09:37:17 133 123 40 32 603 25 603 1 5 60</string>
    <string>2016-10-18 09:37:18 134 109 40 25 607 25 607 1 6 60</string>
    <string>2016-10-18 09:37:18 135 90 40 17 612 25 612 1 6 60</string>
    <string>2016-10-18 09:37:19 136 72 40 8 617 25 617 1 7 60</string>
    <string>2016-10-18 09:37:19 137 96 40 19 621 25 621 1 7 60</string>
    <string>2016-10-18 09:37:20 138 77 40 11 626 25 626 1 8 60</string>
    <string>2016-10-18 09:37:20 139 101 40 22 630 25 630 1 8 60</string>
    <string>2016-10-18 09:37:21 140 82 40 13 635 25 635 1 9 60</string>
    <string>2016-10-18 09:37:21 141 68 40 6 639 25 639 1 9 60</string>
    <string>2016-10-18 09:37:22 142 116 40 29 644 25 644 1 10 60</string>
    <string>2016-10-18 09:37:22 143 102 40 22 648 25 648 1 10 60</string>
    <string>2016-10-18 09:37:23 144 83 40 14 653 25 653 1 11 60</string>
    <string>2016-10-18 09:37:23 145 65 40 5 658 25 658 1 11 60</string>
    <string>2016-10-18 09:37:24 146 89 40 16 662 25 662 1 12 60</string>
    <string>2016-10-18 09:37:24 147 70 40 7 667 25 667 1 12 60</string>
    <string>2016-10-18 09:37:25 148 94 40 19 671 25 671 1 13 60</string>
    <string>2016-10-18 09:37:25 149 75 40 10 676 25 676 1 13 60</string>
    <string>2016-10-18 09:37:26 150 61 40 3 680 25 680 1 14 60</string>
    <string>2016-10-18 09:37:26 151 123 40 32 685 25 685 1 14 60</string>
    <string>2016-10-18 09:37:27 152 104 40 23 690 25 690 1 15 60</string>
    <string>2016-10-18 09:37:27 153 128 40 34 694 25 694 1 15 60</string>
    <string>2016-10-18 09:37:28 154 109 40 25 699 25 699 1 16 60</string>
    <string>2016-10-18 09:37:28 155 133 40 37 703 25 703 1 16 60</string>
    <string>2016-10-18 09:37:29 156 115 40 28 708 25 708 1 17 60</string>
    <string>2016-10-18 09:37:29 157 96 40 19 713 25 713 1 17 60</string>
    <string>2016-10-18 09:37:30 158 82 40 13 717 25 717 1 18 60</string>
    <string>2016-10-18 09:37:30 159 63 40 4 722 25 722 1 18 60</string>
    <string>2016-10-18 09:37:31 160 116 40 28 726 25 726 1 19 60</string>
    <string>2016-10-18 09:37:31 161 97 40 20 731 25 731 1 19 60</string>
    <string>2016-10-18 09:37:32 162 121 40 31 735 25 735 1 20 60</string>
    <string>2016-10-18 09:37:32 163 102 40 22 740 25 740 1 20 60</string>
    <string>2016-10-18 09:37:33 164 91 40 17 744 25 744 1 21 60</string>
    <string>2016-10-18 09:37:33 165 72 40 8 749 25 749 1 21 60</string>
    <string>2016-10-18 09:37:34 166 109 40 25 753 25 753 1 22 60</string>
    <string>2016-10-18 09:37:34 167 90 40 17 758 25 758 1 22 60</string>
    <string>2016-10-18 09:37:35 168 72 40 8 763 25 763 1 23 60</string>
    <string>2016-10-18 09:37:35 169 96 40 19 767 25 767 1 23 60</string>
    <string>2016-10-18 09:37:36 170 77 40 11 772 25 772 1 24 60</string>
    <string>2016-10-18 09:37:36 171 63 40 4 776 25 776 1 24 60</string>
    <string>2016-10-18 09:37:37 172 124 40 32 781 25 781 1 25 60</string>
    <string>2016-10-18 09:37:37 173 68 40 6 785 25 785 1 25 60</string>
    <string>2016-10-18 09:37:38 174 129 40 35 790 25 790 1 26 60</string>
    <string>2016-10-18 09:37:38 175 111 40 26 795 25 795 1 26 60</string>
    <string>2016-10-18 09:37:39 176 135 40 37 799 25 799 1 27 60</string>
    <string>2016-10-18 09:37:39 177 116 40 29 804 25 804 1 27 60</string>
    <string>2016-10-18 09:37:40 178 102 40 22 808 25 808 1 28 60</string>
    <string>2016-10-18 09:37:40 179 83 40 13 813 25 813 1 28 60</string>
    <string>2016-10-18 09:37:41 180 107 40 25 817 25 817 1 29 60</string>
    <string>2016-10-18 09:37:41 181 89 40 16 822 25 822 1 29 60</string>
    <string>2016-10-18 09:37:42 182 113 40 27 826 25 826 1 30 60</string>
    <string>2016-10-18 09:37:42 183 94 40 18 831 25 831 1 30 60</string>
    <string>2016-10-18 09:37:43 184 75 40 10 836 25 836 1 31 60</string>
    <string>2016-10-18 09:37:43 185 61 40 3 840 25 840 1 31 60</string>
    <string>2016-10-18 09:37:44 186 122 40 32 845 25 845 1 32 60</string>
    <string>2016-10-18 09:37:44 187 66 40 6 849 25 849 1 32 60</string>
    <string>2016-10-18 09:37:45 188 128 40 34 854 25 854 1 33 60</string>
    <string>2016-10-18 09:37:45 189 109 40 25 859 25 859 1 33 60</string>
    <string>2016-10-18 09:37:46 190 133 40 36 863 25 863 1 34 60</string>
    <string>2016-10-18 09:37:46 191 114 40 28 868 25 868 1 34 60</string>
    <string>2016-10-18 09:37:47 192 100 40 21 872 25 872 1 35 60</string>
    <string>2016-10-18 09:37:47 193 81 40 13 877 25 877 1 35 60</string>
    <string>2016-10-18 09:37:48 194 105 40 24 881 25 881 1 36 60</string>
    <string>2016-10-18 09:37:48 195 87 40 15 886 25 886 1 36 60</string>
    <string>2016-10-18 09:37:49 196 68 40 6 891 25 891 1 37 60</string>
    <string>2016-10-18 09:37:49 197 92 40 18 895 25 895 1 37 60</string>
    <string>2016-10-18 09:37:50 198 73 40 9 900 25 900 1 37 60</string>
    <string>2016-10-18 09:37:50 199 139 40 39 904 25 904 1 38 60</string>
    <string>2016-10-18 09:37:51 200 120 40 31 909 25 909 1 38 60</string>
    <string>2016-10-18 09:37:51 201 64 40 5 913 25 913 1 39 60</string>
    <string>2016-10-18 09:37:52 202 126 40 33 918 25 918 1 39 60</string>
    <string>2016-10-18 09:37:52 203 107 40 25 923 25 923 1 40 60</string>
    <string>2016-10-18 09:37:53 204 131 40 36 927 25 927 1 40 60</string>
    <string>2016-10-18 09:37:53 205 112 40 27 932 25 932 1 41 60</string>
    <string>2016-10-18 09:37:54 206 98 40 20 936 25 936 1 41 60</string>
    <string>2016-10-18 09:37:54 207 80 40 12 941 25 941 1 42 60</string>
    <string>2016-10-18 09:37:55 208 99 40 21 946 25 946 1 42 60</string>
    <string>2016-10-18 09:37:55 209 85 40 14 950 25 950 1 43 60</string>
    <string>2016-10-18 09:37:56 210 66 40 6 955 25 955 1 43 60</string>
    <string>2016-10-18 09:37:56 211 90 40 17 959 25 959 1 44 60</string>
    <string>2016-10-18 09:37:57 212 72 40 8 964 25 964 1 44 60</string>
    <string>2016-10-18 09:37:57 213 137 40 38 968 25 968 1 45 60</string>
    <string>2016-10-18 09:37:58 214 119 40 30 973 25 973 1 45 60</string>
    <string>2016-10-18 09:37:58 215 138 40 39 978 25 978 1 46 60</string>
    <string>2016-10-18 09:37:59 216 124 40 32 982 25 982 1 46 60</string>
    <string>2016-10-18 09:37:59 217 105 40 24 987 25 987 1 47 60</string>
    <string>2016-10-18 09:38:00 218 129 40 35 991 25 991 1 47 60</string>
    <string>2016-10-18 09:38:00 219 111 40 26 996 25 996 1 48 60</string>
    <string>2016-10-18 09:38:01 220 92 40 18 1001 25 1001 1 48 60</string>
    <string>2016-10-18 09:38:01 221 78 40 11 1005 25 1005 1 49 60</string>
    <string>2016-10-18 09:38:02 222 97 40 20 1010 25 1010 1 49 60</string>
    <string>2016-10-18 09:38:02 223 83 40 13 1014 25 1014 1 50 60</string>
    <string>2016-10-18 09:38:03 224 64 40 5 1019 25 1019 1 50 60</string>
    <string>2016-10-18 09:38:03 225 88 40 16 1023 25 1023 1 51 60</string>
    <string>2016-10-18 09:38:04 226 70 40 7 1028 25 1028 1 51 60</string>
    <string>2016-10-18 09:38:04 227 131 40 36 1033 25 1033 1 52 60</string>
    <string>2016-10-18 09:38:05 228 117 40 29 1037 25 1037 1 52 60</string>
    <string>2016-10-18 09:38:05 229 136 40 38 1042 25 1042 1 53 60</string>
    <string>2016-10-18 09:38:06 230 122 40 31 1046 25 1046 1 53 60</string>
    <string>2016-10-18 09:38:06 231 103 40 23 1051 25 1051 1 54 60</string>
    <string>2016-10-18 09:38:07 232 127 40 34 1055 25 1055 1 54 60</string>
    <string>2016-10-18 09:38:07 233 109 40 25 1060 25 1060 1 55 60</string>
    <string>2016-10-18 09:38:08 234 90 40 17 1065 25 1065 1 55 60</string>
    <string>2016-10-18 09:38:08 235 76 40 10 1069 25 1069 1 56 60</string>
    <string>2016-10-18 09:38:09 236 95 40 19 1074 25 1074 1 56 60</string>
    <string>2016-10-18 09:38:09 237 81 40 13 1078 25 1078 1 57 60</string>
    <string>2016-10-18 09:38:10 238 63 40 4 1083 25 1083 1 57 60</string>
    <string>2016-10-18 09:38:10 239 87 40 15 1087 25 1087 1 58 60</string>
    <string>2016-10-18 09:38:11 240 68 40 6 1092 25 1092 1 58 60</string>
    <string>2016-10-18 09:38:11 241 129 40 35 1097 25 1097 1 59 60</string>
    <string>2016-10-18 09:38:12 242 115 40 28 1101 25 1101 1 59 60</string>
    <string>2016-10-18 09:38:12 243 135 40 37 1106 25 1106 2 0 60</string>
    <string>2016-10-18 09:38:13 244 120 40 31 1110 25 1110 2 0 60</string>
    <string>2016-10-18 09:38:13 245 102 40 22 1115 25 1115 2 1 60</string>
    <string>2016-10-18 09:38:14 246 126 40 33 1119 25 1119 2 1 60</string>
    <string>2016-10-18 09:38:14 247 107 40 24 1124 25 1124 2 2 60</string>
    <string>2016-10-18 09:38:15 248 88 40 16 1129 25 1129 2 2 60</string>
    <string>2016-10-18 09:38:15 249 74 40 9 1133 25 1133 2 3 60</string>
    <string>2016-10-18 09:38:16 250 94 40 18 1138 25 1138 2 3 60</string>
    <string>2016-10-18 09:38:16 251 79 40 12 1142 25 1142 2 4 60</string>
    <string>2016-10-18 09:38:17 252 61 40 3 1147 25 1147 2 4 60</string>
    <string>2016-10-18 09:38:17 253 85 40 14 1151 25 1151 2 5 60</string>
    <string>2016-10-18 09:38:18 254 66 40 6 1156 25 1156 2 5 60</string>
    <string>2016-10-18 09:38:18 255 127 40 34 1161 25 1161 2 6 60</string>
    <string>2016-10-18 09:38:19 256 113 40 27 1165 25 1165 2 6 60</string>
    <string>2016-10-18 09:38:19 257 133 40 36 1170 25 1170 2 7 60</string>
    <string>2016-10-18 09:38:20 258 119 40 30 1174 25 1174 2 7 60</string>
    <string>2016-10-18 09:38:20 259 100 40 21 1179 25 1179 2 8 60</string>
    <string>2016-10-18 09:38:21 260 124 40 32 1183 25 1183 2 8 60</string>
    <string>2016-10-18 09:38:21 261 105 40 24 1188 25 1188 2 9 60</string>
    <string>2016-10-18 09:38:22 262 86 40 15 1193 25 1193 2 9 60</string>
    <string>2016-10-18 09:38:22 263 72 40 8 1197 25 1197 2 10 60</string>
    <string>2016-10-18 09:38:23 264 92 40 17 1202 25 1202 2 10 60</string>
    <string>2016-10-18 09:38:23 265 78 40 11 1206 25 1206 2 11 60</string>
    <string>2016-10-18 09:38:24 266 139 40 39 1211 25 1211 2 11 60</string>
    <string>2016-10-18 09:38:24 267 120 40 31 1216 25 1216 2 12 60</string>
    <string>2016-10-18 09:38:25 268 64 40 5 1220 25 1220 2 12 60</string>
    <string>2016-10-18 09:38:25 269 126 40 33 1225 25 1225 2 13 60</string>
    <string>2016-10-18 09:38:26 270 111 40 26 1229 25 1229 2 13 60</string>
    <string>2016-10-18 09:38:26 271 131 40 36 1234 25 1234 2 14 60</string>
    <string>2016-10-18 09:38:27 272 117 40 29 1238 25 1238 2 14 60</string>
    <string>2016-10-18 09:38:27 273 98 40 20 1243 25 1243 2 15 60</string>
    <string>2016-10-18 09:38:28 274 79 40 12 1248 25 1248 2 15 60</string>
    <string>2016-10-18 09:38:28 275 103 40 23 1252 25 1252 2 16 60</string>
    <string>2016-10-18 09:38:29 276 85 40 14 1257 25 1257 2 16 60</string>
    <string>2016-10-18 09:38:29 277 70 40 8 1261 25 1261 2 17 60</string>
    <string>2016-10-18 09:38:30 278 90 40 17 1266 25 1266 2 17 60</string>
  </Results>
</ServerData>