<?xml version="1.0"?>
<ServerData xmlns:xsi="http://www.w3.org/2001/XMLSchema-instance" xmlns:xsd="http://www.w3.org/2001/XMLSchema">
  <Name>weafewafawfe</Name>
  <Password>ewfa</Password>
  <Doctor>false</Doctor>
  <Messages />
  <Results>
    <string>2016-10-18 12:38:15 1 10 40 2 0 25 0 0 0 60</string>
    <string>2016-10-18 12:38:15 2 67 40 6 4 25 4 0 0 60</string>
    <string>2016-10-18 12:38:16 3 68 40 6 8 25 8 0 1 60</string>
    <string>2016-10-18 12:38:16 4 129 40 35 13 25 13 0 1 60</string>
    <string>2016-10-18 12:38:17 5 111 40 26 18 25 18 0 1 60</string>
    <string>2016-10-18 12:38:17 6 135 40 37 22 25 22 0 2 60</string>
    <string>2016-10-18 12:38:18 7 116 40 29 27 25 27 0 2 60</string>
    <string>2016-10-18 12:38:18 8 60 40 3 31 25 31 0 3 60</string>
    <string>2016-10-18 12:38:19 9 121 40 31 36 25 36 0 3 60</string>
    <string>2016-10-18 12:38:19 10 107 40 24 40 25 40 0 4 60</string>
    <string>2016-10-18 12:38:20 11 88 40 16 45 25 45 0 4 60</string>
    <string>2016-10-18 12:38:20 12 70 40 7 50 25 50 0 5 60</string>
    <string>2016-10-18 12:38:21 13 94 40 18 54 25 54 0 5 60</string>
    <string>2016-10-18 12:38:21 14 75 40 10 59 25 59 0 6 60</string>
    <string>2016-10-18 12:38:22 15 99 40 21 63 25 63 0 6 60</string>
    <string>2016-10-18 12:38:22 16 80 40 12 68 25 68 0 7 60</string>
    <string>2016-10-18 12:38:23 17 66 40 6 72 25 72 0 7 60</string>
    <string>2016-10-18 12:38:23 18 127 40 34 77 25 77 0 8 60</string>
    <string>2016-10-18 12:38:24 19 109 40 25 82 25 82 0 8 60</string>
    <string>2016-10-18 12:38:24 20 133 40 36 86 25 86 0 9 60</string>
    <string>2016-10-18 12:38:25 21 114 40 28 91 25 91 0 9 60</string>
    <string>2016-10-18 12:38:25 22 138 40 39 95 25 95 0 10 60</string>
    <string>2016-10-18 12:38:26 23 119 40 30 100 25 100 0 10 60</string>
    <string>2016-10-18 12:38:26 24 105 40 24 104 25 104 0 11 60</string>
    <string>2016-10-18 12:38:27 25 87 40 15 109 25 109 0 11 60</string>
    <string>2016-10-18 12:38:27 27 92 40 17 118 25 118 0 12 60</string>
    <string>2016-10-18 12:38:28 27 92 40 17 118 25 118 0 12 60</string>
    <string>2016-10-18 12:38:28 28 73 40 9 123 25 123 0 13 60</string>
    <string>2016-10-18 12:38:29 29 97 40 20 127 25 127 0 13 60</string>
  </Results>
</ServerData>