<?xml version="1.0"?>
<ServerData xmlns:xsi="http://www.w3.org/2001/XMLSchema-instance" xmlns:xsd="http://www.w3.org/2001/XMLSchema">
  <Name>wefawefa</Name>
  <Password>awef</Password>
  <Doctor>false</Doctor>
  <Messages>
    <string>wefawefa_2016-10-12 10:59:32  Dokter : hallo</string>
    <string>wefawefa_2016-10-12 10:59:32  Dokter : </string>
  </Messages>
  <Results>
    <string>2016-10-12 10:59:01 1 0 0 0 0 30 0 0 0 0</string>
    <string>2016-10-12 10:59:02 2 0 0 0 0 30 0 0 0 0</string>
    <string>2016-10-12 10:59:02 3 0 0 0 0 30 0 0 0 0</string>
    <string>2016-10-12 10:59:03 4 0 0 0 0 30 0 0 0 0</string>
    <string>2016-10-12 10:59:03 5 0 0 0 0 30 0 0 0 0</string>
    <string>2016-10-12 10:59:04 6 0 0 0 0 30 0 0 0 0</string>
    <string>2016-10-12 10:59:04 7 0 0 0 0 30 0 0 0 0</string>
    <string>2016-10-12 10:59:05 8 0 0 0 0 30 0 0 0 0</string>
    <string>2016-10-12 10:59:05 9 0 0 0 0 30 0 0 0 0</string>
    <string>2016-10-12 10:59:06 10 0 0 0 0 30 0 0 0 0</string>
    <string>2016-10-12 10:59:06 11 0 0 0 0 30 0 0 0 0</string>
    <string>2016-10-12 10:59:07 12 0 0 0 0 30 0 0 0 0</string>
    <string>2016-10-12 10:59:07 13 0 0 0 0 30 0 0 0 0</string>
    <string>2016-10-12 10:59:08 14 0 0 0 0 30 0 0 0 0</string>
    <string>2016-10-12 10:59:08 15 0 0 0 0 30 0 0 0 0</string>
    <string>2016-10-12 10:59:09 16 0 0 0 0 30 0 0 0 0</string>
    <string>2016-10-12 10:59:09 17 0 0 0 0 30 0 0 0 0</string>
    <string>2016-10-12 10:59:10 18 0 0 0 0 30 0 0 0 0</string>
    <string>2016-10-12 10:59:10 19 0 0 0 0 30 0 0 0 0</string>
    <string>2016-10-12 10:59:11 20 0 0 0 0 30 0 0 0 0</string>
    <string>2016-10-12 10:59:11 21 0 0 0 0 30 0 0 0 0</string>
    <string>2016-10-12 10:59:12 22 0 0 0 0 30 0 0 0 0</string>
    <string>2016-10-12 10:59:12 23 0 0 0 0 30 0 0 0 0</string>
    <string>2016-10-12 10:59:13 24 0 0 0 0 30 0 0 0 0</string>
    <string>2016-10-12 10:59:13 25 0 0 0 0 30 0 0 0 0</string>
    <string>2016-10-12 10:59:14 26 0 0 0 0 30 0 0 0 0</string>
    <string>2016-10-12 10:59:14 27 0 0 0 0 30 0 0 0 0</string>
    <string>2016-10-12 10:59:15 28 0 0 0 0 30 0 0 0 0</string>
    <string>2016-10-12 10:59:15 29 0 0 0 0 30 0 0 0 0</string>
    <string>2016-10-12 10:59:16 30 0 0 0 0 30 0 0 0 0</string>
    <string>2016-10-12 10:59:16 31 0 0 0 0 30 0 0 0 0</string>
    <string>2016-10-12 10:59:17 32 0 0 0 0 30 0 0 0 0</string>
    <string>2016-10-12 10:59:17 33 0 0 0 0 30 0 0 0 0</string>
    <string>2016-10-12 10:59:18 34 0 0 0 0 30 0 0 0 0</string>
    <string>2016-10-12 10:59:18 35 0 0 0 0 30 0 0 0 0</string>
    <string>2016-10-12 10:59:19 36 0 0 0 0 30 0 0 0 0</string>
    <string>2016-10-12 10:59:19 37 0 0 0 0 30 0 0 0 0</string>
    <string>2016-10-12 10:59:20 38 0 0 0 0 30 0 0 0 0</string>
    <string>2016-10-12 10:59:20 39 0 0 0 0 30 0 0 0 0</string>
    <string>2016-10-12 10:59:21 40 0 0 0 0 30 0 0 0 0</string>
    <string>2016-10-12 10:59:21 41 0 0 0 0 30 0 0 0 0</string>
    <string>2016-10-12 10:59:22 42 0 0 0 0 30 0 0 0 0</string>
    <string>2016-10-12 10:59:22 43 0 0 0 0 30 0 0 0 0</string>
    <string>2016-10-12 10:59:23 44 0 0 0 0 30 0 0 0 0</string>
    <string>2016-10-12 10:59:23 45 0 0 0 0 30 0 0 0 0</string>
    <string>2016-10-12 10:59:24 46 0 0 0 0 30 0 0 0 0</string>
    <string>2016-10-12 10:59:24 47 0 0 0 0 30 0 0 0 0</string>
    <string>2016-10-12 10:59:25 48 0 0 0 0 30 0 0 0 0</string>
    <string>2016-10-12 10:59:25 49 0 0 0 0 30 0 0 0 0</string>
    <string>2016-10-12 10:59:26 50 0 0 0 0 30 0 0 0 0</string>
    <string>2016-10-12 10:59:26 51 0 0 0 0 30 0 0 0 0</string>
    <string>2016-10-12 10:59:27 52 0 0 0 0 30 0 0 0 0</string>
    <string>2016-10-12 10:59:27 53 0 0 0 0 30 0 0 0 0</string>
    <string>2016-10-12 10:59:28 54 0 0 0 0 30 0 0 0 0</string>
    <string>2016-10-12 10:59:28 55 0 0 0 0 30 0 0 0 0</string>
    <string>2016-10-12 10:59:29 56 0 0 0 0 30 0 0 0 0</string>
    <string>2016-10-12 10:59:29 57 0 0 0 0 30 0 0 0 0</string>
    <string>2016-10-12 10:59:30 58 0 0 0 0 30 0 0 0 0</string>
    <string>2016-10-12 10:59:30 59 0 0 0 0 30 0 0 0 0</string>
    <string>2016-10-12 10:59:31 60 0 0 0 0 30 0 0 0 0</string>
    <string>2016-10-12 10:59:31 61 0 0 0 0 30 0 0 0 0</string>
    <string>2016-10-12 10:59:32 62 0 0 0 0 30 0 0 0 0</string>
    <string>2016-10-12 10:59:32 63 0 0 0 0 30 0 0 0 0</string>
    <string>2016-10-12 10:59:33 64 0 0 0 0 30 0 0 0 0</string>
    <string>2016-10-12 10:59:33 65 0 0 0 0 30 0 0 0 0</string>
    <string>2016-10-12 10:59:34 66 0 0 0 0 30 0 0 0 0</string>
    <string>2016-10-12 10:59:34 67 0 0 0 0 30 0 0 0 0</string>
    <string>2016-10-12 10:59:35 68 0 0 0 0 30 0 0 0 0</string>
    <string>2016-10-12 10:59:35 69 0 0 0 0 30 0 0 0 0</string>
    <string>2016-10-12 10:59:36 70 0 0 0 0 30 0 0 0 0</string>
    <string>2016-10-12 10:59:36 71 0 0 0 0 30 0 0 0 0</string>
    <string>2016-10-12 10:59:37 72 0 0 0 0 30 0 0 0 0</string>
    <string>2016-10-12 10:59:37 73 0 0 0 0 30 0 0 0 0</string>
    <string>2016-10-12 10:59:38 74 0 0 0 0 30 0 0 0 0</string>
    <string>2016-10-12 10:59:38 75 0 0 0 0 30 0 0 0 0</string>
    <string>2016-10-12 10:59:39 76 0 0 0 0 30 0 0 0 0</string>
    <string>2016-10-12 10:59:39 77 0 0 0 0 30 0 0 0 0</string>
    <string>2016-10-12 10:59:40 78 0 0 0 0 30 0 0 0 0</string>
    <string>2016-10-12 10:59:40 79 0 0 0 0 30 0 0 0 0</string>
    <string>2016-10-12 10:59:41 80 0 0 0 0 30 0 0 0 0</string>
    <string>2016-10-12 10:59:41 81 0 0 0 0 30 0 0 0 0</string>
    <string>2016-10-12 10:59:42 82 0 0 0 0 30 0 0 0 0</string>
    <string>2016-10-12 10:59:42 83 0 0 0 0 30 0 0 0 0</string>
    <string>2016-10-12 10:59:43 84 0 0 0 0 30 0 0 0 0</string>
    <string>2016-10-12 10:59:43 85 0 0 0 0 30 0 0 0 0</string>
    <string>2016-10-12 10:59:44 86 0 0 0 0 30 0 0 0 0</string>
    <string>2016-10-12 10:59:44 87 0 0 0 0 30 0 0 0 0</string>
    <string>2016-10-12 10:59:45 88 0 0 0 0 30 0 0 0 0</string>
    <string>2016-10-12 10:59:45 89 0 0 0 0 30 0 0 0 0</string>
    <string>2016-10-12 10:59:46 90 0 0 0 0 30 0 0 0 0</string>
    <string>2016-10-12 10:59:46 91 0 0 0 0 30 0 0 0 0</string>
    <string>2016-10-12 10:59:47 92 0 0 0 0 30 0 0 0 0</string>
    <string>2016-10-12 10:59:47 93 0 0 0 0 30 0 0 0 0</string>
    <string>2016-10-12 10:59:48 94 0 0 0 0 30 0 0 0 0</string>
    <string>2016-10-12 10:59:48 95 0 0 0 0 30 0 0 0 0</string>
  </Results>
</ServerData>