<?xml version="1.0"?>
<ServerData xmlns:xsi="http://www.w3.org/2001/XMLSchema-instance" xmlns:xsd="http://www.w3.org/2001/XMLSchema">
  <Name>wefewijifo</Name>
  <Password>fjeiw</Password>
  <Doctor>false</Doctor>
  <Messages />
  <Results>
    <string>2016-10-12 02:53:15 1 10 40 2 0 25 0 0 0 60</string>
    <string>2016-10-12 02:53:15 2 102 40 22 4 25 4 0 0 60</string>
    <string>2016-10-12 02:53:16 3 84 40 14 9 25 9 0 0 60</string>
    <string>2016-10-12 02:53:16 4 121 40 31 13 25 13 0 1 60</string>
    <string>2016-10-12 02:53:17 5 60 40 3 18 25 18 0 1 60</string>
    <string>2016-10-12 02:53:17 6 70 40 7 23 25 23 0 2 60</string>
    <string>2016-10-12 02:53:18 7 94 40 19 27 25 27 0 2 60</string>
    <string>2016-10-12 02:53:18 8 76 40 10 32 25 32 0 3 60</string>
    <string>2016-10-12 02:53:19 9 61 40 3 36 25 36 0 3 60</string>
    <string>2016-10-12 02:53:19 10 123 40 32 41 25 41 0 4 60</string>
    <string>2016-10-12 02:53:20 11 67 40 6 45 25 45 0 4 60</string>
    <string>2016-10-12 02:53:23 15 79 40 11 52 25 52 0 6 60</string>
    <string>2016-10-12 02:53:24 15 79 40 11 52 25 52 0 6 60</string>
    <string>2016-10-12 02:53:24 16 68 40 7 57 25 57 0 7 60</string>
    <string>2016-10-12 02:53:25 17 130 40 35 62 25 62 0 7 60</string>
    <string>2016-10-12 02:53:25 18 74 40 9 66 25 66 0 8 60</string>
    <string>2016-10-12 02:53:26 19 135 40 37 71 25 71 0 8 60</string>
    <string>2016-10-12 02:53:26 20 121 40 31 75 25 75 0 9 60</string>
    <string>2016-10-12 02:53:27 21 102 40 22 80 25 80 0 9 60</string>
    <string>2016-10-12 02:53:27 22 122 40 31 85 25 85 0 10 60</string>
    <string>2016-10-12 02:53:28 23 108 40 25 89 25 89 0 10 60</string>
    <string>2016-10-12 02:53:28 24 89 40 16 94 25 94 0 11 60</string>
    <string>2016-10-12 02:53:29 25 113 40 27 98 25 98 0 11 60</string>
    <string>2016-10-12 02:53:29 26 94 40 19 103 25 103 0 12 60</string>
    <string>2016-10-12 02:53:30 27 80 40 12 107 25 107 0 12 60</string>
    <string>2016-10-12 02:53:30 28 61 40 3 112 25 112 0 13 60</string>
    <string>2016-10-12 02:53:31 29 81 40 12 117 25 117 0 13 60</string>
    <string>2016-10-12 02:53:31 30 67 40 6 121 25 121 0 14 60</string>
  </Results>
</ServerData>