<?xml version="1.0"?>
<ServerData xmlns:xsi="http://www.w3.org/2001/XMLSchema-instance" xmlns:xsd="http://www.w3.org/2001/XMLSchema">
  <Name>wefoiewj</Name>
  <Password>jfiew</Password>
  <Doctor>false</Doctor>
  <Messages>
    <string>message_Dokter_Dokter lol has been disconnected</string>
  </Messages>
  <Results>
    <string>2016-10-19 03:18:15 1 10 40 2 0 25 0 0 0 60</string>
    <string>2016-10-19 03:18:15 2 95 40 221 4 25 4 0 0 60</string>
    <string>2016-10-19 03:18:16 3 96 40 230 8 25 8 0 0 60</string>
    <string>2016-10-19 03:18:16 4 129 40 434 12 25 12 0 1 60</string>
    <string>2016-10-19 03:18:17 5 117 40 361 16 25 16 0 1 60</string>
    <string>2016-10-19 03:18:17 6 119 40 369 20 25 20 0 2 60</string>
    <string>2016-10-19 03:18:18 7 100 40 253 25 25 25 0 2 60</string>
    <string>2016-10-19 03:18:18 8 124 40 402 29 25 29 0 3 60</string>
    <string>2016-10-19 03:18:19 9 70 40 63 34 25 34 0 3 60</string>
    <string>2016-10-19 03:18:19 10 107 40 295 38 25 38 0 4 60</string>
    <string>2016-10-19 03:18:20 11 117 40 357 43 25 43 0 4 60</string>
    <string>2016-10-19 03:18:20 12 61 40 8 47 25 47 0 5 60</string>
    <string>2016-10-19 03:18:21 13 129 40 434 51 25 51 0 5 60</string>
    <string>2016-10-19 03:18:21 14 75 40 95 56 25 56 0 6 60</string>
    <string>2016-10-19 03:18:22 15 127 40 424 60 25 60 0 6 60</string>
    <string>2016-10-19 03:18:22 16 109 40 307 65 25 65 0 7 60</string>
    <string>2016-10-19 03:18:23 17 94 40 219 69 25 69 0 7 60</string>
    <string>2016-10-19 03:18:23 18 63 40 21 74 25 74 0 8 60</string>
    <string>2016-10-19 03:18:24 19 128 40 431 78 25 78 0 8 60</string>
    <string>2016-10-19 03:18:24 20 110 40 314 83 25 83 0 9 60</string>
    <string>2016-10-19 03:18:25 21 98 40 241 87 25 87 0 9 60</string>
    <string>2016-10-19 03:18:25 22 100 40 250 91 25 91 0 10 60</string>
    <string>2016-10-19 03:18:26 23 68 40 52 96 25 96 0 10 60</string>
    <string>2016-10-19 03:18:26 24 120 40 381 100 25 100 0 11 60</string>
    <string>2016-10-19 03:18:27 25 71 40 70 104 25 104 0 11 60</string>
    <string>2016-10-19 03:18:27 26 119 40 370 109 25 109 0 12 60</string>
    <string>2016-10-19 03:18:28 27 100 40 254 114 25 114 0 12 60</string>
    <string>2016-10-19 03:18:28 28 73 40 84 118 25 118 0 13 60</string>
    <string>2016-10-19 03:18:29 29 134 40 466 123 25 123 0 13 60</string>
    <string>2016-10-19 03:18:29 30 107 40 296 127 25 127 0 14 60</string>
    <string>2016-10-19 03:18:30 31 88 40 179 132 25 132 0 14 60</string>
    <string>2016-10-19 03:18:30 32 74 40 91 136 25 136 0 15 60</string>
    <string>2016-10-19 03:18:31 33 94 40 213 141 25 141 0 15 60</string>
    <string>2016-10-19 03:18:31 34 79 40 124 145 25 145 0 16 60</string>
    <string>2016-10-19 03:18:32 35 61 40 8 150 25 150 0 16 60</string>
    <string>2016-10-19 03:18:32 36 65 40 32 154 25 154 0 17 60</string>
    <string>2016-10-19 03:18:33 37 66 40 41 158 25 158 0 17 60</string>
    <string>2016-10-19 03:18:33 38 127 40 423 163 25 163 0 18 60</string>
    <string>2016-10-19 03:18:34 39 100 40 253 167 25 167 0 18 60</string>
    <string>2016-10-19 03:18:34 40 81 40 137 172 25 172 0 19 60</string>
    <string>2016-10-19 03:18:35 41 134 40 465 176 25 176 0 19 60</string>
    <string>2016-10-19 03:18:35 42 115 40 349 181 25 181 0 20 60</string>
    <string>2016-10-19 03:18:36 43 101 40 260 185 25 185 0 20 60</string>
    <string>2016-10-19 03:18:36 44 121 40 382 190 25 190 0 21 60</string>
    <string>2016-10-19 03:18:37 45 102 40 265 195 25 195 0 21 60</string>
    <string>2016-10-19 03:18:37 46 88 40 177 199 25 199 0 22 60</string>
    <string>2016-10-19 03:18:38 47 60 40 6 203 25 203 0 22 60</string>
    <string>2016-10-19 03:18:38 48 130 40 443 207 25 207 0 23 60</string>
    <string>2016-10-19 03:18:39 49 83 40 147 211 25 211 0 23 60</string>
    <string>2016-10-19 03:18:39 50 84 40 156 215 25 215 0 24 60</string>
    <string>2016-10-19 03:18:40 51 73 40 83 219 25 219 0 24 60</string>
    <string>2016-10-19 03:18:40 52 134 40 466 224 25 224 0 25 60</string>
    <string>2016-10-19 03:18:41 53 78 40 116 228 25 228 0 25 60</string>
    <string>2016-10-19 03:18:41 54 88 40 179 233 25 233 0 26 60</string>
    <string>2016-10-19 03:18:42 55 105 40 285 237 25 237 0 26 60</string>
    <string>2016-10-19 03:18:42 56 73 40 87 242 25 242 0 27 60</string>
    <string>2016-10-19 03:18:43 57 139 40 497 246 25 246 0 27 60</string>
    <string>2016-10-19 03:18:43 58 127 40 424 250 25 250 0 28 60</string>
    <string>2016-10-19 03:18:44 59 73 40 85 255 25 255 0 28 60</string>
    <string>2016-10-19 03:18:44 60 81 40 138 258 25 258 0 29 60</string>
    <string>2016-10-19 03:18:45 61 107 40 298 263 25 263 0 29 60</string>
    <string>2016-10-19 03:18:45 62 131 40 447 267 25 267 0 30 60</string>
    <string>2016-10-19 03:18:46 63 61 40 11 272 25 272 0 30 60</string>
    <string>2016-10-19 03:18:46 64 85 40 161 276 25 276 0 31 60</string>
    <string>2016-10-19 03:18:47 65 131 40 446 280 25 280 0 31 60</string>
    <string>2016-10-19 03:18:47 66 132 40 454 284 25 284 0 32 60</string>
    <string>2016-10-19 03:18:48 67 114 40 338 289 25 289 0 32 60</string>
    <string>2016-10-19 03:18:48 68 86 40 168 293 25 293 0 33 60</string>
    <string>2016-10-19 03:18:49 69 68 40 51 298 25 298 0 33 60</string>
    <string>2016-10-19 03:18:49 70 129 40 434 303 25 303 0 34 60</string>
    <string>2016-10-19 03:18:50 71 102 40 263 307 25 307 0 34 60</string>
    <string>2016-10-19 03:18:50 72 70 40 65 312 25 312 0 35 60</string>
    <string>2016-10-19 03:18:51 73 136 40 476 316 25 316 0 35 60</string>
    <string>2016-10-19 03:18:51 74 117 40 359 321 25 321 0 36 60</string>
    <string>2016-10-19 03:18:52 75 90 40 189 325 25 325 0 36 60</string>
    <string>2016-10-19 03:18:52 76 71 40 72 330 25 330 0 37 60</string>
    <string>2016-10-19 03:18:53 77 119 40 373 335 25 335 0 37 60</string>
    <string>2016-10-19 03:18:53 78 105 40 285 339 25 339 0 38 60</string>
    <string>2016-10-19 03:18:54 79 125 40 407 344 25 344 0 38 60</string>
    <string>2016-10-19 03:18:54 80 110 40 318 348 25 348 0 39 60</string>
    <string>2016-10-19 03:18:55 81 79 40 120 353 25 353 0 39 60</string>
    <string>2016-10-19 03:18:55 82 60 40 3 358 25 358 0 40 60</string>
    <string>2016-10-19 03:18:56 83 113 40 332 362 25 362 0 40 60</string>
    <string>2016-10-19 03:18:56 84 114 40 341 366 25 366 0 41 60</string>
    <string>2016-10-19 03:18:57 85 124 40 403 371 25 371 0 41 60</string>
    <string>2016-10-19 03:18:57 86 68 40 54 375 25 375 0 42 60</string>
    <string>2016-10-19 03:18:58 87 129 40 437 380 25 380 0 42 60</string>
    <string>2016-10-19 03:18:58 88 115 40 348 384 25 384 0 43 60</string>
    <string>2016-10-19 03:18:59 89 135 40 470 389 25 389 0 43 60</string>
    <string>2016-10-19 03:18:59 90 116 40 353 394 25 394 0 44 60</string>
    <string>2016-10-19 03:19:00 91 89 40 183 398 25 398 0 44 60</string>
    <string>2016-10-19 03:19:00 92 70 40 67 403 25 403 0 45 60</string>
    <string>2016-10-19 03:19:01 93 136 40 477 407 25 407 0 45 60</string>
    <string>2016-10-19 03:19:01 94 124 40 404 411 25 411 0 46 60</string>
    <string>2016-10-19 03:19:02 95 70 40 65 416 25 416 0 46 60</string>
    <string>2016-10-19 03:19:02 96 94 40 215 420 25 420 0 47 60</string>
    <string>2016-10-19 03:19:03 97 75 40 98 425 25 425 0 47 60</string>
    <string>2016-10-19 03:19:03 98 136 40 481 430 25 430 0 48 60</string>
    <string>2016-10-19 03:19:04 99 109 40 310 434 25 434 0 48 60</string>
    <string>2016-10-19 03:19:04 100 119 40 373 439 25 439 0 49 60</string>
    <string>2016-10-19 03:19:05 101 92 40 203 443 25 443 0 49 60</string>
    <string>2016-10-19 03:19:05 102 73 40 86 448 25 448 0 50 60</string>
    <string>2016-10-19 03:19:06 103 126 40 415 452 25 452 0 50 60</string>
    <string>2016-10-19 03:19:06 104 107 40 298 457 25 457 0 51 60</string>
    <string>2016-10-19 03:19:07 105 131 40 448 461 25 461 0 51 60</string>
    <string>2016-10-19 03:19:07 106 68 40 55 465 25 465 0 52 60</string>
    <string>2016-10-19 03:19:08 107 94 40 215 470 25 470 0 52 60</string>
    <string>2016-10-19 03:19:08 108 131 40 446 474 25 474 0 53 60</string>
    <string>2016-10-19 03:19:09 109 128 40 427 479 25 479 0 53 60</string>
    <string>2016-10-19 03:19:09 110 114 40 339 483 25 483 0 54 60</string>
    <string>2016-10-19 03:19:10 111 133 40 461 488 25 488 0 54 60</string>
    <string>2016-10-19 03:19:10 112 119 40 372 492 25 492 0 55 60</string>
    <string>2016-10-19 03:19:11 113 100 40 255 497 25 497 0 55 60</string>
    <string>2016-10-19 03:19:11 114 73 40 85 501 25 501 0 56 60</string>
    <string>2016-10-19 03:19:12 115 134 40 468 506 25 506 0 56 60</string>
    <string>2016-10-19 03:19:12 116 107 40 297 510 25 510 0 57 60</string>
    <string>2016-10-19 03:19:13 117 80 40 127 514 25 514 0 57 60</string>
    <string>2016-10-19 03:19:13 118 121 40 384 519 25 519 0 58 60</string>
    <string>2016-10-19 03:19:14 119 109 40 311 523 25 523 0 58 60</string>
    <string>2016-10-19 03:19:14 120 95 40 223 527 25 527 0 59 60</string>
    <string>2016-10-19 03:19:15 121 76 40 106 532 25 532 0 59 60</string>
    <string>2016-10-19 03:19:15 122 138 40 489 537 25 537 1 0 60</string>
    <string>2016-10-19 03:19:16 123 82 40 140 541 25 541 1 0 60</string>
    <string>2016-10-19 03:19:16 124 92 40 202 546 25 546 1 1 60</string>
    <string>2016-10-19 03:19:17 125 65 40 32 550 25 550 1 1 60</string>
    <string>2016-10-19 03:19:17 126 126 40 414 555 25 555 1 2 60</string>
    <string>2016-10-19 03:19:18 127 99 40 244 559 25 559 1 2 60</string>
    <string>2016-10-19 03:19:18 128 67 40 46 564 25 564 1 3 60</string>
    <string>2016-10-19 03:19:19 128 67 40 46 564 25 564 1 3 60</string>
    <string>2016-10-19 03:19:19 129 133 40 456 568 25 568 1 3 60</string>
    <string>2016-10-19 03:19:20 130 136 40 481 572 25 572 1 4 60</string>
    <string>2016-10-19 03:19:20 131 82 40 142 577 25 577 1 4 60</string>
    <string>2016-10-19 03:19:21 132 68 40 53 581 25 581 1 5 60</string>
    <string>2016-10-19 03:19:21 133 116 40 354 586 25 586 1 5 60</string>
    <string>2016-10-19 03:19:22 134 89 40 184 590 25 590 1 6 60</string>
    <string>2016-10-19 03:19:22 135 70 40 67 595 25 595 1 6 60</string>
    <string>2016-10-19 03:19:23 136 136 40 478 599 25 599 1 7 60</string>
    <string>2016-10-19 03:19:23 137 117 40 361 604 25 604 1 7 60</string>
    <string>2016-10-19 03:19:24 138 61 40 12 608 25 608 1 8 60</string>
    <string>2016-10-19 03:19:24 139 123 40 394 613 25 613 1 8 60</string>
    <string>2016-10-19 03:19:25 140 104 40 278 618 25 618 1 9 60</string>
    <string>2016-10-19 03:19:25 141 128 40 427 622 25 622 1 9 60</string>
    <string>2016-10-19 03:19:26 142 125 40 408 627 25 627 1 10 60</string>
    <string>2016-10-19 03:19:26 143 75 40 97 631 25 631 1 10 60</string>
    <string>2016-10-19 03:19:27 144 99 40 247 635 25 635 1 11 60</string>
    <string>2016-10-19 03:19:27 145 80 40 130 640 25 640 1 11 60</string>
    <string>2016-10-19 03:19:28 146 66 40 42 644 25 644 1 12 60</string>
    <string>2016-10-19 03:19:28 147 127 40 424 649 25 649 1 12 60</string>
    <string>2016-10-19 03:19:29 148 96 40 226 654 25 654 1 13 60</string>
    <string>2016-10-19 03:19:29 149 68 40 56 658 25 658 1 13 60</string>
    <string>2016-10-19 03:19:30 150 130 40 438 663 25 663 1 14 60</string>
    <string>2016-10-19 03:19:30 151 102 40 268 667 25 667 1 14 60</string>
    <string>2016-10-19 03:19:31 152 84 40 152 672 25 672 1 15 60</string>
    <string>2016-10-19 03:19:31 153 70 40 63 676 25 676 1 15 60</string>
    <string>2016-10-19 03:19:32 154 73 40 87 680 25 680 1 16 60</string>
    <string>2016-10-19 03:19:32 155 70 40 68 685 25 685 1 16 60</string>
    <string>2016-10-19 03:19:33 156 72 40 77 689 25 689 1 17 60</string>
    <string>2016-10-19 03:19:33 157 73 40 86 693 25 693 1 17 60</string>
    <string>2016-10-19 03:19:34 158 106 40 289 698 25 698 1 18 60</string>
    <string>2016-10-19 03:19:34 159 87 40 173 703 25 703 1 18 60</string>
    <string>2016-10-19 03:19:35 160 111 40 323 707 25 707 1 19 60</string>
    <string>2016-10-19 03:19:35 161 70 40 65 712 25 712 1 19 60</string>
    <string>2016-10-19 03:19:36 162 94 40 215 716 25 716 1 20 60</string>
    <string>2016-10-19 03:19:36 163 104 40 277 721 25 721 1 20 60</string>
    <string>2016-10-19 03:19:37 164 128 40 427 725 25 725 1 21 60</string>
    <string>2016-10-19 03:19:37 165 138 40 490 730 25 730 1 21 60</string>
    <string>2016-10-19 03:19:38 166 75 40 97 734 25 734 1 22 60</string>
    <string>2016-10-19 03:19:38 167 63 40 24 738 25 738 1 22 60</string>
    <string>2016-10-19 03:19:39 168 96 40 227 742 25 742 1 23 60</string>
    <string>2016-10-19 03:19:39 169 82 40 139 746 25 746 1 23 60</string>
    <string>2016-10-19 03:19:40 170 114 40 342 751 25 751 1 24 60</string>
    <string>2016-10-19 03:19:40 171 96 40 226 756 25 756 1 24 60</string>
    <string>2016-10-19 03:19:41 172 120 40 375 760 25 760 1 25 60</string>
    <string>2016-10-19 03:19:41 173 101 40 259 765 25 765 1 25 60</string>
    <string>2016-10-19 03:19:42 174 134 40 462 770 25 770 1 26 60</string>
    <string>2016-10-19 03:19:42 175 68 40 54 774 25 774 1 26 60</string>
    <string>2016-10-19 03:19:43 176 92 40 203 778 25 778 1 27 60</string>
    <string>2016-10-19 03:19:43 177 89 40 184 783 25 783 1 27 60</string>
    <string>2016-10-19 03:19:44 178 62 40 14 787 25 787 1 28 60</string>
    <string>2016-10-19 03:19:44 179 87 40 174 792 25 792 1 28 60</string>
    <string>2016-10-19 03:19:45 180 76 40 101 796 25 796 1 29 60</string>
    <string>2016-10-19 03:19:45 181 90 40 191 800 25 800 1 29 60</string>
    <string>2016-10-19 03:19:46 182 138 40 492 805 25 805 1 30 60</string>
    <string>2016-10-19 03:19:46 183 124 40 404 809 25 809 1 30 60</string>
    <string>2016-10-19 03:19:47 184 64 40 27 814 25 814 1 31 60</string>
    <string>2016-10-19 03:19:47 185 129 40 437 818 25 818 1 31 60</string>
    <string>2016-10-19 03:19:48 186 98 40 239 823 25 823 1 32 60</string>
    <string>2016-10-19 03:19:48 187 112 40 329 827 25 827 1 32 60</string>
    <string>2016-10-19 03:19:49 188 132 40 451 832 25 832 1 33 60</string>
    <string>2016-10-19 03:19:49 189 113 40 335 837 25 837 1 33 60</string>
    <string>2016-10-19 03:19:50 190 99 40 246 841 25 841 1 34 60</string>
    <string>2016-10-19 03:19:50 191 103 40 270 845 25 845 1 34 60</string>
    <string>2016-10-19 03:19:51 192 62 40 13 850 25 850 1 35 60</string>
    <string>2016-10-19 03:19:51 193 114 40 342 854 25 854 1 35 60</string>
    <string>2016-10-19 03:19:52 194 96 40 225 859 25 859 1 36 60</string>
    <string>2016-10-19 03:19:52 195 120 40 375 863 25 863 1 36 60</string>
    <string>2016-10-19 03:19:53 196 101 40 258 868 25 868 1 37 60</string>
    <string>2016-10-19 03:19:53 197 89 40 186 872 25 872 1 37 60</string>
    <string>2016-10-19 03:19:54 198 70 40 69 877 25 877 1 38 60</string>
    <string>2016-10-19 03:19:54 199 132 40 452 882 25 882 1 38 60</string>
    <string>2016-10-19 03:19:55 200 118 40 363 886 25 886 1 39 60</string>
    <string>2016-10-19 03:19:55 201 137 40 485 891 25 891 1 39 60</string>
    <string>2016-10-19 03:19:56 202 118 40 368 896 25 896 1 40 60</string>
    <string>2016-10-19 03:19:56 203 69 40 57 900 25 900 1 40 60</string>
    <string>2016-10-19 03:19:57 204 137 40 483 904 25 904 1 41 60</string>
    <string>2016-10-19 03:19:57 205 74 40 90 908 25 908 1 41 60</string>
    <string>2016-10-19 03:19:58 206 127 40 419 912 25 912 1 42 60</string>
    <string>2016-10-19 03:19:58 207 108 40 303 917 25 917 1 42 60</string>
    <string>2016-10-19 03:19:59 208 89 40 186 922 25 922 1 43 60</string>
    <string>2016-10-19 03:19:59 209 113 40 336 926 25 926 1 43 60</string>
    <string>2016-10-19 03:20:00 210 130 40 442 930 25 930 1 44 60</string>
    <string>2016-10-19 03:20:00 211 112 40 325 935 25 935 1 44 60</string>
    <string>2016-10-19 03:20:01 212 97 40 237 939 25 939 1 45 60</string>
    <string>2016-10-19 03:20:01 213 123 40 397 944 25 944 1 45 60</string>
    <string>2016-10-19 03:20:02 214 111 40 324 948 25 948 1 46 60</string>
    <string>2016-10-19 03:20:02 215 64 40 28 952 25 952 1 46 60</string>
    <string>2016-10-19 03:20:03 216 65 40 37 956 25 956 1 47 60</string>
    <string>2016-10-19 03:20:03 217 89 40 187 960 25 960 1 47 60</string>
    <string>2016-10-19 03:20:04 218 71 40 70 965 25 965 1 48 60</string>
    <string>2016-10-19 03:20:04 219 132 40 453 970 25 970 1 48 60</string>
    <string>2016-10-19 03:20:05 220 118 40 364 974 25 974 1 49 60</string>
    <string>2016-10-19 03:20:05 221 99 40 248 979 25 979 1 49 60</string>
    <string>2016-10-19 03:20:06 222 103 40 272 983 25 983 1 50 60</string>
    <string>2016-10-19 03:20:06 223 76 40 102 987 25 987 1 50 60</string>
    <string>2016-10-19 03:20:07 224 86 40 164 992 25 992 1 51 60</string>
    <string>2016-10-19 03:20:07 225 138 40 493 996 25 996 1 51 60</string>
    <string>2016-10-19 03:20:08 226 60 40 3 1000 25 1000 1 52 60</string>
    <string>2016-10-19 03:20:08 227 137 40 483 1005 25 1005 1 52 60</string>
    <string>2016-10-19 03:20:09 228 138 40 491 1009 25 1009 1 53 60</string>
    <string>2016-10-19 03:20:09 229 78 40 114 1014 25 1014 1 53 60</string>
    <string>2016-10-19 03:20:10 230 92 40 205 1018 25 1018 1 54 60</string>
    <string>2016-10-19 03:20:10 231 132 40 452 1022 25 1022 1 54 60</string>
    <string>2016-10-19 03:20:11 232 62 40 15 1027 25 1027 1 55 60</string>
    <string>2016-10-19 03:20:11 233 123 40 398 1032 25 1032 1 55 60</string>
    <string>2016-10-19 03:20:12 234 67 40 49 1036 25 1036 1 56 60</string>
    <string>2016-10-19 03:20:12 235 129 40 431 1041 25 1041 1 56 60</string>
    <string>2016-10-19 03:20:13 236 114 40 342 1045 25 1045 1 57 60</string>
    <string>2016-10-19 03:20:13 237 134 40 464 1050 25 1050 1 57 60</string>
    <string>2016-10-19 03:20:14 238 100 40 250 1054 25 1054 1 58 60</string>
    <string>2016-10-19 03:20:14 239 88 40 177 1058 25 1058 1 58 60</string>
    <string>2016-10-19 03:20:15 240 69 40 61 1063 25 1063 1 59 60</string>
    <string>2016-10-19 03:20:15 241 135 40 471 1067 25 1067 1 59 60</string>
    <string>2016-10-19 03:20:16 242 116 40 355 1072 25 1072 2 0 60</string>
    <string>2016-10-19 03:20:16 243 60 40 6 1076 25 1076 2 0 60</string>
    <string>2016-10-19 03:20:17 244 122 40 388 1081 25 1081 2 1 60</string>
    <string>2016-10-19 03:20:17 245 107 40 299 1085 25 1085 2 1 60</string>
    <string>2016-10-19 03:20:18 246 76 40 101 1090 25 1090 2 2 60</string>
    <string>2016-10-19 03:20:18 246 76 40 101 1090 25 1090 2 2 60</string>
    <string>2016-10-19 03:20:19 247 128 40 430 1094 25 1094 2 2 60</string>
    <string>2016-10-19 03:20:19 248 125 40 411 1099 25 1099 2 3 60</string>
    <string>2016-10-19 03:20:20 249 107 40 295 1104 25 1104 2 3 60</string>
    <string>2016-10-19 03:20:20 250 72 40 81 1108 25 1108 2 4 60</string>
    <string>2016-10-19 03:20:21 251 96 40 230 1112 25 1112 2 4 60</string>
    <string>2016-10-19 03:20:21 252 78 40 114 1117 25 1117 2 5 60</string>
    <string>2016-10-19 03:20:22 253 139 40 496 1122 25 1122 2 5 60</string>
    <string>2016-10-19 03:20:22 254 125 40 408 1126 25 1126 2 6 60</string>
    <string>2016-10-19 03:20:23 255 93 40 210 1131 25 1131 2 6 60</string>
    <string>2016-10-19 03:20:23 256 79 40 121 1135 25 1135 2 7 60</string>
    <string>2016-10-19 03:20:24 257 76 40 102 1140 25 1140 2 7 60</string>
    <string>2016-10-19 03:20:24 258 100 40 252 1144 25 1144 2 8 60</string>
    <string>2016-10-19 03:20:25 259 81 40 135 1149 25 1149 2 8 60</string>
    <string>2016-10-19 03:20:25 260 67 40 46 1153 25 1153 2 9 60</string>
    <string>2016-10-19 03:20:26 261 135 40 473 1157 25 1157 2 9 60</string>
    <string>2016-10-19 03:20:26 262 132 40 453 1162 25 1162 2 10 60</string>
    <string>2016-10-19 03:20:27 263 105 40 283 1166 25 1166 2 10 60</string>
    <string>2016-10-19 03:20:27 264 86 40 167 1171 25 1171 2 11 60</string>
    <string>2016-10-19 03:20:28 265 72 40 78 1175 25 1175 2 11 60</string>
    <string>2016-10-19 03:20:28 266 91 40 200 1180 25 1180 2 12 60</string>
    <string>2016-10-19 03:20:29 267 117 40 360 1185 25 1185 2 12 60</string>
    <string>2016-10-19 03:20:29 268 103 40 271 1189 25 1189 2 13 60</string>
    <string>2016-10-19 03:20:30 269 84 40 155 1194 25 1194 2 13 60</string>
    <string>2016-10-19 03:20:30 270 137 40 483 1198 25 1198 2 14 60</string>
    <string>2016-10-19 03:20:31 271 105 40 285 1203 25 1203 2 14 60</string>
    <string>2016-10-19 03:20:31 272 107 40 294 1207 25 1207 2 15 60</string>
    <string>2016-10-19 03:20:32 273 108 40 303 1211 25 1211 2 15 60</string>
    <string>2016-10-19 03:20:32 274 121 40 381 1216 25 1216 2 16 60</string>
    <string>2016-10-19 03:20:33 275 93 40 211 1220 25 1220 2 16 60</string>
    <string>2016-10-19 03:20:33 276 103 40 273 1225 25 1225 2 17 60</string>
    <string>2016-10-19 03:20:34 277 76 40 103 1229 25 1229 2 17 60</string>
    <string>2016-10-19 03:20:34 278 124 40 404 1234 25 1234 2 18 60</string>
    <string>2016-10-19 03:20:35 279 110 40 315 1238 25 1238 2 18 60</string>
    <string>2016-10-19 03:20:35 280 91 40 199 1243 25 1243 2 19 60</string>
    <string>2016-10-19 03:20:36 281 115 40 349 1247 25 1247 2 19 60</string>
    <string>2016-10-19 03:20:36 282 97 40 232 1252 25 1252 2 20 60</string>
    <string>2016-10-19 03:20:37 283 82 40 143 1256 25 1256 2 20 60</string>
    <string>2016-10-19 03:20:37 284 95 40 222 1261 25 1261 2 21 60</string>
    <string>2016-10-19 03:20:38 285 83 40 149 1265 25 1265 2 21 60</string>
    <string>2016-10-19 03:20:38 286 113 40 337 1269 25 1269 2 22 60</string>
    <string>2016-10-19 03:20:39 287 86 40 166 1273 25 1273 2 22 60</string>
    <string>2016-10-19 03:20:39 288 67 40 50 1278 25 1278 2 23 60</string>
    <string>2016-10-19 03:20:40 289 129 40 432 1283 25 1283 2 23 60</string>
    <string>2016-10-19 03:20:40 290 73 40 83 1287 25 1287 2 24 60</string>
    <string>2016-10-19 03:20:41 291 134 40 466 1292 25 1292 2 24 60</string>
    <string>2016-10-19 03:20:41 292 78 40 116 1296 25 1296 2 25 60</string>
    <string>2016-10-19 03:20:42 293 88 40 179 1301 25 1301 2 25 60</string>
    <string>2016-10-19 03:20:42 294 69 40 62 1306 25 1306 2 26 60</string>
    <string>2016-10-19 03:20:43 295 122 40 391 1310 25 1310 2 26 60</string>
    <string>2016-10-19 03:20:43 296 68 40 52 1315 25 1315 2 27 60</string>
    <string>2016-10-19 03:20:44 297 107 40 299 1319 25 1319 2 27 60</string>
    <string>2016-10-19 03:20:44 298 109 40 308 1323 25 1323 2 28 60</string>
    <string>2016-10-19 03:20:45 299 119 40 370 1328 25 1328 2 28 60</string>
    <string>2016-10-19 03:20:45 300 63 40 21 1332 25 1332 2 29 60</string>
    <string>2016-10-19 03:20:46 301 124 40 404 1337 25 1337 2 29 60</string>
    <string>2016-10-19 03:20:46 302 105 40 287 1342 25 1342 2 30 60</string>
    <string>2016-10-19 03:20:47 303 129 40 437 1346 25 1346 2 30 60</string>
    <string>2016-10-19 03:20:47 304 111 40 320 1351 25 1351 2 31 60</string>
    <string>2016-10-19 03:20:48 305 97 40 232 1355 25 1355 2 31 60</string>
    <string>2016-10-19 03:20:48 306 65 40 34 1360 25 1360 2 32 60</string>
    <string>2016-10-19 03:20:49 307 126 40 416 1365 25 1365 2 32 60</string>
    <string>2016-10-19 03:20:49 308 112 40 327 1369 25 1369 2 33 60</string>
    <string>2016-10-19 03:20:50 309 65 40 32 1373 25 1373 2 33 60</string>
    <string>2016-10-19 03:20:50 310 66 40 41 1377 25 1377 2 34 60</string>
    <string>2016-10-19 03:20:51 311 114 40 342 1382 25 1382 2 34 60</string>
    <string>2016-10-19 03:20:51 312 87 40 171 1386 25 1386 2 35 60</string>
    <string>2016-10-19 03:20:52 313 97 40 234 1391 25 1391 2 35 60</string>
    <string>2016-10-19 03:20:52 314 121 40 383 1395 25 1395 2 36 60</string>
    <string>2016-10-19 03:20:53 315 102 40 267 1400 25 1400 2 36 60</string>
    <string>2016-10-19 03:20:53 316 88 40 178 1404 25 1404 2 37 60</string>
    <string>2016-10-19 03:20:54 317 136 40 479 1409 25 1409 2 37 60</string>
    <string>2016-10-19 03:20:54 318 109 40 309 1413 25 1413 2 38 60</string>
    <string>2016-10-19 03:20:55 319 90 40 192 1418 25 1418 2 38 60</string>
    <string>2016-10-19 03:20:55 320 76 40 104 1422 25 1422 2 39 60</string>
    <string>2016-10-19 03:20:56 321 73 40 85 1427 25 1427 2 39 60</string>
    <string>2016-10-19 03:20:56 322 61 40 12 1431 25 1431 2 40 60</string>
    <string>2016-10-19 03:20:57 323 63 40 21 1435 25 1435 2 40 60</string>
    <string>2016-10-19 03:20:57 324 124 40 403 1440 25 1440 2 41 60</string>
    <string>2016-10-19 03:20:58 325 105 40 287 1445 25 1445 2 41 60</string>
    <string>2016-10-19 03:20:58 326 129 40 436 1449 25 1449 2 42 60</string>
    <string>2016-10-19 03:20:59 327 139 40 499 1454 25 1454 2 42 60</string>
    <string>2016-10-19 03:20:59 328 112 40 329 1458 25 1458 2 43 60</string>
    <string>2016-10-19 03:21:00 329 80 40 130 1463 25 1463 2 43 60</string>
    <string>2016-10-19 03:21:00 330 66 40 42 1467 25 1467 2 44 60</string>
    <string>2016-10-19 03:21:01 331 127 40 424 1472 25 1472 2 44 60</string>
    <string>2016-10-19 03:21:01 332 71 40 75 1476 25 1476 2 45 60</string>
    <string>2016-10-19 03:21:02 332 71 40 75 1476 25 1476 2 45 60</string>
    <string>2016-10-19 03:21:02 333 81 40 138 1481 25 1481 2 45 60</string>
    <string>2016-10-19 03:21:03 334 121 40 385 1485 25 1485 2 46 60</string>
    <string>2016-10-19 03:21:03 335 67 40 46 1490 25 1490 2 46 60</string>
    <string>2016-10-19 03:21:04 336 133 40 456 1494 25 1494 2 47 60</string>
    <string>2016-10-19 03:21:04 337 114 40 339 1499 25 1499 2 47 60</string>
    <string>2016-10-19 03:21:05 338 138 40 489 1503 25 1503 2 48 60</string>
    <string>2016-10-19 03:21:05 339 119 40 373 1508 25 1508 2 48 60</string>
    <string>2016-10-19 03:21:06 340 101 40 256 1513 25 1513 2 49 60</string>
    <string>2016-10-19 03:21:06 341 124 40 406 1517 25 1517 2 49 60</string>
    <string>2016-10-19 03:21:07 342 106 40 289 1522 25 1522 2 50 60</string>
    <string>2016-10-19 03:21:07 343 92 40 201 1526 25 1526 2 50 60</string>
    <string>2016-10-19 03:21:08 344 89 40 182 1531 25 1531 2 51 60</string>
    <string>2016-10-19 03:21:08 345 113 40 331 1535 25 1535 2 51 60</string>
    <string>2016-10-19 03:21:09 346 130 40 437 1539 25 1539 2 52 60</string>
    <string>2016-10-19 03:21:09 347 104 40 277 1544 25 1544 2 52 60</string>
    <string>2016-10-19 03:21:10 348 128 40 427 1548 25 1548 2 53 60</string>
    <string>2016-10-19 03:21:10 349 138 40 490 1553 25 1553 2 53 60</string>
    <string>2016-10-19 03:21:11 350 82 40 140 1557 25 1557 2 54 60</string>
    <string>2016-10-19 03:21:11 351 63 40 24 1562 25 1562 2 54 60</string>
    <string>2016-10-19 03:21:12 352 129 40 434 1566 25 1566 2 55 60</string>
    <string>2016-10-19 03:21:12 353 69 40 57 1571 25 1571 2 55 60</string>
    <string>2016-10-19 03:21:13 354 130 40 440 1576 25 1576 2 56 60</string>
    <string>2016-10-19 03:21:13 355 116 40 351 1580 25 1580 2 56 60</string>
    <string>2016-10-19 03:21:14 356 97 40 235 1585 25 1585 2 57 60</string>
    <string>2016-10-19 03:21:14 357 121 40 384 1589 25 1589 2 57 60</string>
    <string>2016-10-19 03:21:15 358 71 40 73 1593 25 1593 2 58 60</string>
    <string>2016-10-19 03:21:15 359 104 40 276 1597 25 1597 2 58 60</string>
    <string>2016-10-19 03:21:16 360 72 40 78 1602 25 1602 2 59 60</string>
    <string>2016-10-19 03:21:16 361 138 40 489 1606 25 1606 2 59 60</string>
    <string>2016-10-19 03:21:17 362 119 40 372 1611 25 1611 3 0 60</string>
    <string>2016-10-19 03:21:17 363 92 40 202 1615 25 1615 3 0 60</string>
    <string>2016-10-19 03:21:18 364 73 40 85 1620 25 1620 3 1 60</string>
    <string>2016-10-19 03:21:18 365 134 40 468 1625 25 1625 3 1 60</string>
    <string>2016-10-19 03:21:19 366 78 40 119 1629 25 1629 3 2 60</string>
    <string>2016-10-19 03:21:19 367 60 40 2 1634 25 1634 3 2 60</string>
    <string>2016-10-19 03:21:20 368 84 40 152 1638 25 1638 3 3 60</string>
    <string>2016-10-19 03:21:20 369 65 40 35 1643 25 1643 3 3 60</string>
    <string>2016-10-19 03:21:21 370 82 40 142 1647 25 1647 3 4 60</string>
    <string>2016-10-19 03:21:21 371 99 40 248 1651 25 1651 3 4 60</string>
    <string>2016-10-19 03:21:22 372 101 40 256 1655 25 1655 3 5 60</string>
    <string>2016-10-19 03:21:22 373 82 40 140 1660 25 1660 3 5 60</string>
    <string>2016-10-19 03:21:23 374 63 40 23 1665 25 1665 3 6 60</string>
    <string>2016-10-19 03:21:23 375 87 40 173 1669 25 1669 3 6 60</string>
    <string>2016-10-19 03:21:24 376 69 40 57 1674 25 1674 3 7 60</string>
    <string>2016-10-19 03:21:24 377 134 40 467 1678 25 1678 3 7 60</string>
    <string>2016-10-19 03:21:25 378 103 40 269 1683 25 1683 3 8 60</string>
    <string>2016-10-19 03:21:25 379 88 40 180 1687 25 1687 3 8 60</string>
    <string>2016-10-19 03:21:26 380 70 40 64 1692 25 1692 3 9 60</string>
    <string>2016-10-19 03:21:26 381 94 40 213 1696 25 1696 3 9 60</string>
    <string>2016-10-19 03:21:27 382 75 40 97 1701 25 1701 3 10 60</string>
    <string>2016-10-19 03:21:27 383 136 40 480 1705 25 1705 3 10 60</string>
    <string>2016-10-19 03:21:28 384 125 40 407 1709 25 1709 3 11 60</string>
    <string>2016-10-19 03:21:28 385 97 40 236 1713 25 1713 3 11 60</string>
    <string>2016-10-19 03:21:29 386 79 40 120 1718 25 1718 3 12 60</string>
    <string>2016-10-19 03:21:29 387 89 40 182 1723 25 1723 3 12 60</string>
    <string>2016-10-19 03:21:30 388 128 40 429 1727 25 1727 3 13 60</string>
    <string>2016-10-19 03:21:30 389 63 40 21 1731 25 1731 3 13 60</string>
    <string>2016-10-19 03:21:31 390 60 40 2 1736 25 1736 3 14 60</string>
    <string>2016-10-19 03:21:31 391 84 40 151 1740 25 1740 3 14 60</string>
    <string>2016-10-19 03:21:32 392 116 40 355 1745 25 1745 3 15 60</string>
    <string>2016-10-19 03:21:32 393 131 40 445 1749 25 1749 3 15 60</string>
    <string>2016-10-19 03:21:33 394 128 40 426 1754 25 1754 3 16 60</string>
    <string>2016-10-19 03:21:33 395 132 40 451 1758 25 1758 3 16 60</string>
    <string>2016-10-19 03:21:34 396 133 40 459 1762 25 1762 3 17 60</string>
    <string>2016-10-19 03:21:35 397 70 40 67 1766 25 1766 3 17 60</string>
    <string>2016-10-19 03:21:35 398 91 40 199 1769 25 1769 3 18 60</string>
    <string>2016-10-19 03:21:35 399 121 40 387 1773 25 1773 3 18 60</string>
    <string>2016-10-19 03:21:36 400 118 40 367 1777 25 1777 3 19 60</string>
    <string>2016-10-19 03:21:36 401 127 40 420 1780 25 1780 3 19 60</string>
    <string>2016-10-19 03:21:37 402 92 40 206 1784 25 1784 3 20 60</string>
    <string>2016-10-19 03:21:37 402 92 40 206 1784 25 1784 3 20 60</string>
    <string>2016-10-19 03:21:38 403 109 40 312 1788 25 1788 3 20 60</string>
    <string>2016-10-19 03:21:38 404 86 40 168 1793 25 1793 3 21 60</string>
    <string>2016-10-19 03:21:39 405 110 40 317 1797 25 1797 3 21 60</string>
    <string>2016-10-19 03:21:39 406 127 40 424 1801 25 1801 3 22 60</string>
    <string>2016-10-19 03:21:40 407 77 40 112 1805 25 1805 3 22 60</string>
    <string>2016-10-19 03:21:40 408 74 40 93 1810 25 1810 3 23 60</string>
    <string>2016-10-19 03:21:41 409 98 40 243 1814 25 1814 3 23 60</string>
    <string>2016-10-19 03:21:41 410 93 40 208 1819 25 1819 3 24 60</string>
    <string>2016-10-19 03:21:42 411 90 40 189 1824 25 1824 3 24 60</string>
    <string>2016-10-19 03:21:42 412 127 40 420 1828 25 1828 3 25 60</string>
    <string>2016-10-19 03:21:43 413 64 40 27 1832 25 1832 3 25 60</string>
    <string>2016-10-19 03:21:43 414 81 40 134 1836 25 1836 3 26 60</string>
    <string>2016-10-19 03:21:44 415 100 40 255 1841 25 1841 3 26 60</string>
    <string>2016-10-19 03:21:44 416 139 40 497 1846 25 1846 3 27 60</string>
    <string>2016-10-19 03:21:45 417 83 40 148 1850 25 1850 3 27 60</string>
    <string>2016-10-19 03:21:45 418 93 40 210 1854 25 1854 3 28 60</string>
    <string>2016-10-19 03:21:46 419 117 40 360 1858 25 1858 3 28 60</string>
    <string>2016-10-19 03:21:46 420 105 40 287 1862 25 1862 3 29 60</string>
    <string>2016-10-19 03:21:47 421 107 40 296 1866 25 1866 3 29 60</string>
    <string>2016-10-19 03:21:47 422 97 40 233 1871 25 1871 3 30 60</string>
    <string>2016-10-19 03:21:48 423 85 40 160 1875 25 1875 3 30 60</string>
    <string>2016-10-19 03:21:48 424 66 40 44 1879 25 1879 3 31 60</string>
    <string>2016-10-19 03:21:49 425 83 40 150 1883 25 1883 3 31 60</string>
    <string>2016-10-19 03:21:49 426 85 40 159 1887 25 1887 3 32 60</string>
    <string>2016-10-19 03:21:50 427 86 40 167 1891 25 1891 3 32 60</string>
    <string>2016-10-19 03:21:50 428 119 40 371 1895 25 1895 3 33 60</string>
    <string>2016-10-19 03:21:51 429 131 40 449 1900 25 1900 3 33 60</string>
    <string>2016-10-19 03:21:51 430 124 40 404 1903 25 1903 3 34 60</string>
    <string>2016-10-19 03:21:52 431 99 40 244 1908 25 1908 3 34 60</string>
    <string>2016-10-19 03:21:52 432 123 40 394 1912 25 1912 3 35 60</string>
    <string>2016-10-19 03:21:53 433 104 40 277 1917 25 1917 3 35 60</string>
    <string>2016-10-19 03:21:53 434 136 40 481 1922 25 1922 3 36 60</string>
    <string>2016-10-19 03:21:54 435 138 40 489 1926 25 1926 3 36 60</string>
    <string>2016-10-19 03:21:54 436 106 40 291 1931 25 1931 3 37 60</string>
    <string>2016-10-19 03:21:55 437 92 40 203 1935 25 1935 3 37 60</string>
    <string>2016-10-19 03:21:55 438 60 40 5 1940 25 1940 3 38 60</string>
    <string>2016-10-19 03:21:56 439 126 40 415 1944 25 1944 3 38 60</string>
    <string>2016-10-19 03:21:56 440 107 40 299 1949 25 1949 3 39 60</string>
    <string>2016-10-19 03:21:57 441 89 40 182 1954 25 1954 3 39 60</string>
    <string>2016-10-19 03:21:57 442 128 40 429 1958 25 1958 3 40 60</string>
    <string>2016-10-19 03:21:58 443 114 40 340 1962 25 1962 3 40 60</string>
    <string>2016-10-19 03:21:58 444 111 40 321 1967 25 1967 3 41 60</string>
    <string>2016-10-19 03:21:59 445 92 40 205 1972 25 1972 3 41 60</string>
    <string>2016-10-19 03:21:59 446 116 40 355 1976 25 1976 3 42 60</string>
    <string>2016-10-19 03:22:00 447 98 40 238 1981 25 1981 3 42 60</string>
    <string>2016-10-19 03:22:00 448 95 40 219 1986 25 1986 3 43 60</string>
    <string>2016-10-19 03:22:01 449 80 40 130 1990 25 1990 3 43 60</string>
    <string>2016-10-19 03:22:01 450 62 40 14 1995 25 1995 3 44 60</string>
    <string>2016-10-19 03:22:02 451 86 40 164 1999 25 1999 3 44 60</string>
    <string>2016-10-19 03:22:02 452 67 40 47 2004 25 2004 3 45 60</string>
    <string>2016-10-19 03:22:03 453 128 40 430 2009 25 2009 3 45 60</string>
    <string>2016-10-19 03:22:03 454 101 40 259 2013 25 2013 3 46 60</string>
    <string>2016-10-19 03:22:04 455 102 40 268 2017 25 2017 3 46 60</string>
    <string>2016-10-19 03:22:04 456 84 40 152 2022 25 2022 3 47 60</string>
    <string>2016-10-19 03:22:05 457 65 40 35 2027 25 2027 3 47 60</string>
    <string>2016-10-19 03:22:05 458 89 40 185 2031 25 2031 3 48 60</string>
    <string>2016-10-19 03:22:06 459 99 40 247 2036 25 2036 3 48 60</string>
    <string>2016-10-19 03:22:06 460 123 40 397 2040 25 2040 3 49 60</string>
    <string>2016-10-19 03:22:07 461 104 40 281 2045 25 2045 3 49 60</string>
    <string>2016-10-19 03:22:07 462 90 40 192 2049 25 2049 3 50 60</string>
    <string>2016-10-19 03:22:08 463 110 40 314 2054 25 2054 3 50 60</string>
    <string>2016-10-19 03:22:08 464 91 40 197 2059 25 2059 3 51 60</string>
    <string>2016-10-19 03:22:09 464 91 40 197 2059 25 2059 3 51 60</string>
    <string>2016-10-19 03:22:09 465 64 40 27 2063 25 2063 3 51 60</string>
    <string>2016-10-19 03:22:10 466 138 40 491 2067 25 2067 3 52 60</string>
    <string>2016-10-19 03:22:10 467 126 40 418 2071 25 2071 3 52 60</string>
    <string>2016-10-19 03:22:11 468 137 40 481 2076 25 2076 3 53 60</string>
    <string>2016-10-19 03:22:11 469 76 40 104 2081 25 2081 3 53 60</string>
    <string>2016-10-19 03:22:12 470 62 40 15 2085 25 2085 3 54 60</string>
    <string>2016-10-19 03:22:12 471 123 40 398 2090 25 2090 3 54 60</string>
    <string>2016-10-19 03:22:13 472 67 40 48 2094 25 2094 3 55 60</string>
    <string>2016-10-19 03:22:13 473 128 40 431 2099 25 2099 3 55 60</string>
    <string>2016-10-19 03:22:14 474 110 40 314 2104 25 2104 3 56 60</string>
    <string>2016-10-19 03:22:14 475 83 40 144 2108 25 2108 3 56 60</string>
    <string>2016-10-19 03:22:15 476 64 40 28 2113 25 2113 3 57 60</string>
    <string>2016-10-19 03:22:15 477 130 40 438 2117 25 2117 3 57 60</string>
    <string>2016-10-19 03:22:16 478 118 40 365 2121 25 2121 3 58 60</string>
    <string>2016-10-19 03:22:16 479 131 40 443 2126 25 2126 3 58 60</string>
    <string>2016-10-19 03:22:17 480 103 40 273 2130 25 2130 3 59 60</string>
    <string>2016-10-19 03:22:17 481 85 40 157 2135 25 2135 3 59 60</string>
    <string>2016-10-19 03:22:18 482 70 40 68 2139 25 2139 4 0 60</string>
    <string>2016-10-19 03:22:18 483 132 40 450 2144 25 2144 4 0 60</string>
    <string>2016-10-19 03:22:19 484 76 40 101 2148 25 2148 4 1 60</string>
    <string>2016-10-19 03:22:19 485 137 40 484 2153 25 2153 4 1 60</string>
    <string>2016-10-19 03:22:20 486 123 40 395 2157 25 2157 4 2 60</string>
    <string>2016-10-19 03:22:20 487 62 40 18 2162 25 2162 4 2 60</string>
    <string>2016-10-19 03:22:21 488 124 40 400 2167 25 2167 4 3 60</string>
    <string>2016-10-19 03:22:21 489 109 40 312 2171 25 2171 4 3 60</string>
    <string>2016-10-19 03:22:22 490 98 40 239 2175 25 2175 4 4 60</string>
    <string>2016-10-19 03:22:22 491 128 40 427 2179 25 2179 4 4 60</string>
    <string>2016-10-19 03:22:23 492 89 40 185 2184 25 2184 4 5 60</string>
    <string>2016-10-19 03:22:23 493 113 40 335 2188 25 2188 4 5 60</string>
    <string>2016-10-19 03:22:24 494 66 40 39 2193 25 2193 4 6 60</string>
    <string>2016-10-19 03:22:24 495 127 40 422 2198 25 2198 4 6 60</string>
    <string>2016-10-19 03:22:25 496 100 40 251 2202 25 2202 4 7 60</string>
    <string>2016-10-19 03:22:25 497 81 40 135 2207 25 2207 4 7 60</string>
    <string>2016-10-19 03:22:26 498 82 40 144 2211 25 2211 4 8 60</string>
    <string>2016-10-19 03:22:26 499 64 40 27 2216 25 2216 4 8 60</string>
    <string>2016-10-19 03:22:27 500 88 40 177 2220 25 2220 4 9 60</string>
    <string>2016-10-19 03:22:27 501 69 40 60 2225 25 2225 4 9 60</string>
    <string>2016-10-19 03:22:28 502 86 40 166 2229 25 2229 4 10 60</string>
    <string>2016-10-19 03:22:28 503 119 40 370 2233 25 2233 4 10 60</string>
    <string>2016-10-19 03:22:29 504 69 40 59 2237 25 2237 4 11 60</string>
    <string>2016-10-19 03:22:29 505 122 40 387 2241 25 2241 4 11 60</string>
    <string>2016-10-19 03:22:30 506 103 40 271 2246 25 2246 4 12 60</string>
    <string>2016-10-19 03:22:30 507 84 40 155 2251 25 2251 4 12 60</string>
    <string>2016-10-19 03:22:31 508 108 40 304 2255 25 2255 4 13 60</string>
    <string>2016-10-19 03:22:31 509 90 40 188 2260 25 2260 4 13 60</string>
    <string>2016-10-19 03:22:32 510 75 40 99 2264 25 2264 4 14 60</string>
    <string>2016-10-19 03:22:32 511 95 40 221 2269 25 2269 4 14 60</string>
    <string>2016-10-19 03:22:33 512 109 40 311 2273 25 2273 4 15 60</string>
    <string>2016-10-19 03:22:33 513 129 40 433 2278 25 2278 4 15 60</string>
    <string>2016-10-19 03:22:34 514 115 40 344 2282 25 2282 4 16 60</string>
    <string>2016-10-19 03:22:34 515 60 40 5 2287 25 2287 4 16 60</string>
    <string>2016-10-19 03:22:35 516 100 40 253 2291 25 2291 4 17 60</string>
    <string>2016-10-19 03:22:35 517 110 40 315 2296 25 2296 4 17 60</string>
    <string>2016-10-19 03:22:36 518 67 40 47 2300 25 2300 4 18 60</string>
    <string>2016-10-19 03:22:36 519 128 40 430 2305 25 2305 4 18 60</string>
    <string>2016-10-19 03:22:37 520 72 40 81 2309 25 2309 4 19 60</string>
    <string>2016-10-19 03:22:37 521 134 40 463 2314 25 2314 4 19 60</string>
    <string>2016-10-19 03:22:38 522 122 40 390 2318 25 2318 4 20 60</string>
    <string>2016-10-19 03:22:38 523 88 40 176 2322 25 2322 4 20 60</string>
    <string>2016-10-19 03:22:39 524 113 40 336 2327 25 2327 4 21 60</string>
    <string>2016-10-19 03:22:39 525 115 40 345 2331 25 2331 4 21 60</string>
    <string>2016-10-19 03:22:40 526 134 40 467 2336 25 2336 4 22 60</string>
    <string>2016-10-19 03:22:40 527 71 40 74 2340 25 2340 4 22 60</string>
    <string>2016-10-19 03:22:41 528 117 40 359 2344 25 2344 4 23 60</string>
    <string>2016-10-19 03:22:41 529 90 40 189 2348 25 2348 4 23 60</string>
    <string>2016-10-19 03:22:42 530 71 40 72 2353 25 2353 4 24 60</string>
    <string>2016-10-19 03:22:42 531 137 40 483 2357 25 2357 4 24 60</string>
    <string>2016-10-19 03:22:43 532 76 40 106 2362 25 2362 4 25 60</string>
    <string>2016-10-19 03:22:43 533 138 40 488 2367 25 2367 4 25 60</string>
    <string>2016-10-19 03:22:44 534 123 40 400 2371 25 2371 4 26 60</string>
    <string>2016-10-19 03:22:44 535 92 40 201 2376 25 2376 4 26 60</string>
    <string>2016-10-19 03:22:45 536 64 40 31 2380 25 2380 4 27 60</string>
    <string>2016-10-19 03:22:45 537 126 40 414 2385 25 2385 4 27 60</string>
    <string>2016-10-19 03:22:46 538 98 40 243 2389 25 2389 4 28 60</string>
    <string>2016-10-19 03:22:46 539 100 40 252 2393 25 2393 4 28 60</string>
    <string>2016-10-19 03:22:47 540 117 40 358 2397 25 2397 4 29 60</string>
    <string>2016-10-19 03:22:47 541 114 40 339 2402 25 2402 4 29 60</string>
    <string>2016-10-19 03:22:48 542 100 40 250 2406 25 2406 4 30 60</string>
    <string>2016-10-19 03:22:48 543 97 40 231 2411 25 2411 4 30 60</string>
    <string>2016-10-19 03:22:49 544 121 40 381 2415 25 2415 4 31 60</string>
    <string>2016-10-19 03:22:49 545 102 40 265 2420 25 2420 4 31 60</string>
    <string>2016-10-19 03:22:50 546 96 40 230 2425 25 2425 4 32 60</string>
    <string>2016-10-19 03:22:50 547 120 40 379 2429 25 2429 4 32 60</string>
    <string>2016-10-19 03:22:51 548 102 40 263 2434 25 2434 4 33 60</string>
    <string>2016-10-19 03:22:51 549 126 40 413 2438 25 2438 4 33 60</string>
    <string>2016-10-19 03:22:52 550 107 40 296 2443 25 2443 4 34 60</string>
    <string>2016-10-19 03:22:52 551 108 40 305 2447 25 2447 4 34 60</string>
    <string>2016-10-19 03:22:53 552 61 40 9 2451 25 2451 4 35 60</string>
    <string>2016-10-19 03:22:53 553 91 40 197 2455 25 2455 4 35 60</string>
    <string>2016-10-19 03:22:54 554 88 40 178 2460 25 2460 4 36 60</string>
    <string>2016-10-19 03:22:54 555 112 40 328 2464 25 2464 4 36 60</string>
    <string>2016-10-19 03:22:55 556 93 40 211 2469 25 2469 4 37 60</string>
    <string>2016-10-19 03:22:55 557 75 40 95 2474 25 2474 4 37 60</string>
    <string>2016-10-19 03:22:56 558 60 40 6 2478 25 2478 4 38 60</string>
    <string>2016-10-19 03:22:56 559 80 40 128 2483 25 2483 4 38 60</string>
    <string>2016-10-19 03:22:57 560 66 40 39 2487 25 2487 4 39 60</string>
    <string>2016-10-19 03:22:57 561 114 40 340 2492 25 2492 4 39 60</string>
    <string>2016-10-19 03:22:58 562 100 40 252 2496 25 2496 4 40 60</string>
    <string>2016-10-19 03:22:58 563 81 40 135 2501 25 2501 4 40 60</string>
    <string>2016-10-19 03:22:59 564 98 40 241 2505 25 2505 4 41 60</string>
    <string>2016-10-19 03:22:59 565 86 40 168 2509 25 2509 4 41 60</string>
    <string>2016-10-19 03:23:00 566 117 40 356 2513 25 2513 4 42 60</string>
    <string>2016-10-19 03:23:00 567 113 40 337 2518 25 2518 4 42 60</string>
    <string>2016-10-19 03:23:01 568 137 40 487 2522 25 2522 4 43 60</string>
    <string>2016-10-19 03:23:01 569 119 40 370 2527 25 2527 4 43 60</string>
    <string>2016-10-19 03:23:02 570 105 40 282 2531 25 2531 4 44 60</string>
    <string>2016-10-19 03:23:02 571 124 40 403 2536 25 2536 4 44 60</string>
    <string>2016-10-19 03:23:03 572 105 40 287 2541 25 2541 4 45 60</string>
    <string>2016-10-19 03:23:03 573 91 40 198 2545 25 2545 4 45 60</string>
    <string>2016-10-19 03:23:04 574 73 40 82 2550 25 2550 4 46 60</string>
    <string>2016-10-19 03:23:04 575 97 40 231 2554 25 2554 4 46 60</string>
    <string>2016-10-19 03:23:05 575 97 40 231 2554 25 2554 4 46 60</string>
    <string>2016-10-19 03:23:05 576 71 40 72 2559 25 2559 4 47 60</string>
    <string>2016-10-19 03:23:06 577 75 40 96 2563 25 2563 4 47 60</string>
    <string>2016-10-19 03:23:06 578 76 40 105 2567 25 2567 4 48 60</string>
    <string>2016-10-19 03:23:07 579 100 40 254 2571 25 2571 4 48 60</string>
    <string>2016-10-19 03:23:07 580 82 40 138 2576 25 2576 4 49 60</string>
    <string>2016-10-19 03:23:08 581 63 40 21 2581 25 2581 4 49 60</string>
    <string>2016-10-19 03:23:08 582 129 40 432 2585 25 2585 4 50 60</string>
    <string>2016-10-19 03:23:09 583 97 40 234 2590 25 2590 4 50 60</string>
    <string>2016-10-19 03:23:09 584 98 40 242 2594 25 2594 4 51 60</string>
    <string>2016-10-19 03:23:10 585 80 40 126 2599 25 2599 4 51 60</string>
    <string>2016-10-19 03:23:10 586 104 40 276 2603 25 2603 4 52 60</string>
    <string>2016-10-19 03:23:11 587 114 40 338 2608 25 2608 4 52 60</string>
    <string>2016-10-19 03:23:11 588 115 40 347 2612 25 2612 4 53 60</string>
    <string>2016-10-19 03:23:12 589 119 40 371 2616 25 2616 4 53 60</string>
    <string>2016-10-19 03:23:12 590 136 40 478 2620 25 2620 4 54 60</string>
    <string>2016-10-19 03:23:13 591 117 40 361 2625 25 2625 4 54 60</string>
    <string>2016-10-19 03:23:13 592 90 40 191 2629 25 2629 4 55 60</string>
    <string>2016-10-19 03:23:14 593 71 40 74 2634 25 2634 4 55 60</string>
    <string>2016-10-19 03:23:14 594 137 40 485 2638 25 2638 4 56 60</string>
    <string>2016-10-19 03:23:15 595 105 40 287 2643 25 2643 4 56 60</string>
    <string>2016-10-19 03:23:15 596 138 40 490 2648 25 2648 4 57 60</string>
    <string>2016-10-19 03:23:16 597 139 40 499 2652 25 2652 4 57 60</string>
    <string>2016-10-19 03:23:16 598 112 40 328 2656 25 2656 4 58 60</string>
    <string>2016-10-19 03:23:17 599 109 40 309 2661 25 2661 4 58 60</string>
    <string>2016-10-19 03:23:17 600 82 40 139 2665 25 2665 4 59 60</string>
    <string>2016-10-19 03:23:18 601 136 40 478 2670 25 2670 4 59 60</string>
    <string>2016-10-19 03:23:18 602 73 40 85 2674 25 2674 5 0 60</string>
    <string>2016-10-19 03:23:19 603 97 40 235 2678 25 2678 5 0 60</string>
    <string>2016-10-19 03:23:19 604 78 40 118 2683 25 2683 5 1 60</string>
    <string>2016-10-19 03:23:20 605 64 40 30 2687 25 2687 5 1 60</string>
    <string>2016-10-19 03:23:20 606 112 40 331 2692 25 2692 5 2 60</string>
    <string>2016-10-19 03:23:21 607 98 40 242 2696 25 2696 5 2 60</string>
    <string>2016-10-19 03:23:21 608 80 40 126 2701 25 2701 5 3 60</string>
    <string>2016-10-19 03:23:22 609 99 40 247 2706 25 2706 5 3 60</string>
    <string>2016-10-19 03:23:22 610 100 40 256 2710 25 2710 5 4 60</string>
    <string>2016-10-19 03:23:23 611 73 40 86 2714 25 2714 5 4 60</string>
    <string>2016-10-19 03:23:23 612 114 40 343 2719 25 2719 5 5 60</string>
    <string>2016-10-19 03:23:24 613 87 40 173 2723 25 2723 5 5 60</string>
    <string>2016-10-19 03:23:24 614 117 40 361 2727 25 2727 5 6 60</string>
    <string>2016-10-19 03:23:25 615 99 40 244 2732 25 2732 5 6 60</string>
    <string>2016-10-19 03:23:25 616 123 40 394 2736 25 2736 5 7 60</string>
    <string>2016-10-19 03:23:26 617 104 40 277 2741 25 2741 5 7 60</string>
    <string>2016-10-19 03:23:26 618 77 40 107 2745 25 2745 5 8 60</string>
    <string>2016-10-19 03:23:27 619 138 40 490 2750 25 2750 5 8 60</string>
    <string>2016-10-19 03:23:27 620 124 40 401 2754 25 2754 5 9 60</string>
    <string>2016-10-19 03:23:28 621 92 40 203 2759 25 2759 5 9 60</string>
    <string>2016-10-19 03:23:28 622 80 40 130 2763 25 2763 5 10 60</string>
    <string>2016-10-19 03:23:29 623 62 40 13 2768 25 2768 5 10 60</string>
    <string>2016-10-19 03:23:29 624 114 40 342 2772 25 2772 5 10 60</string>
    <string>2016-10-19 03:23:30 625 116 40 351 2776 25 2776 5 11 60</string>
    <string>2016-10-19 03:23:30 626 113 40 332 2781 25 2781 5 11 60</string>
    <string>2016-10-19 03:23:31 627 107 40 297 2786 25 2786 5 12 60</string>
    <string>2016-10-19 03:23:31 628 131 40 447 2790 25 2790 5 12 60</string>
    <string>2016-10-19 03:23:32 629 112 40 330 2795 25 2795 5 13 60</string>
    <string>2016-10-19 03:23:32 630 136 40 480 2799 25 2799 5 13 60</string>
    <string>2016-10-19 03:23:33 631 95 40 222 2804 25 2804 5 14 60</string>
    <string>2016-10-19 03:23:33 632 92 40 203 2809 25 2809 5 15 60</string>
    <string>2016-10-19 03:23:34 633 116 40 353 2813 25 2813 5 15 60</string>
    <string>2016-10-19 03:23:34 634 113 40 334 2818 25 2818 5 16 60</string>
    <string>2016-10-19 03:23:35 635 86 40 164 2822 25 2822 5 16 60</string>
    <string>2016-10-19 03:23:35 636 100 40 254 2826 25 2826 5 16 60</string>
    <string>2016-10-19 03:23:36 637 84 40 153 2831 25 2831 5 17 60</string>
    <string>2016-10-19 03:23:36 638 137 40 482 2835 25 2835 5 18 60</string>
    <string>2016-10-19 03:23:37 639 67 40 46 2840 25 2840 5 18 60</string>
    <string>2016-10-19 03:23:37 640 91 40 195 2844 25 2844 5 18 60</string>
    <string>2016-10-19 03:23:38 641 85 40 160 2849 25 2849 5 19 60</string>
    <string>2016-10-19 03:23:38 642 66 40 44 2854 25 2854 5 19 60</string>
    <string>2016-10-19 03:23:39 643 90 40 194 2858 25 2858 5 20 60</string>
    <string>2016-10-19 03:23:39 644 116 40 354 2863 25 2863 5 21 60</string>
    <string>2016-10-19 03:23:40 645 89 40 183 2867 25 2867 5 21 60</string>
    <string>2016-10-19 03:23:40 646 70 40 67 2872 25 2872 5 22 60</string>
    <string>2016-10-19 03:23:41 647 94 40 217 2876 25 2876 5 22 60</string>
    <string>2016-10-19 03:23:41 648 124 40 404 2880 25 2880 5 22 60</string>
    <string>2016-10-19 03:23:42 649 121 40 385 2885 25 2885 5 23 60</string>
    <string>2016-10-19 03:23:42 650 94 40 215 2889 25 2889 5 23 60</string>
    <string>2016-10-19 03:23:43 651 75 40 98 2894 25 2894 5 24 60</string>
    <string>2016-10-19 03:23:43 652 128 40 427 2898 25 2898 5 24 60</string>
    <string>2016-10-19 03:23:44 653 109 40 311 2903 25 2903 5 25 60</string>
    <string>2016-10-19 03:23:44 654 133 40 460 2907 25 2907 5 25 60</string>
    <string>2016-10-19 03:23:45 655 130 40 441 2912 25 2912 5 26 60</string>
    <string>2016-10-19 03:23:45 656 116 40 353 2916 25 2916 5 27 60</string>
    <string>2016-10-19 03:23:46 657 97 40 236 2921 25 2921 5 27 60</string>
    <string>2016-10-19 03:23:46 658 66 40 38 2926 25 2926 5 28 60</string>
    <string>2016-10-19 03:23:47 659 131 40 448 2930 25 2930 5 28 60</string>
    <string>2016-10-19 03:23:47 660 133 40 457 2934 25 2934 5 29 60</string>
    <string>2016-10-19 03:23:48 661 101 40 259 2939 25 2939 5 29 60</string>
    <string>2016-10-19 03:23:48 662 74 40 89 2943 25 2943 5 30 60</string>
    <string>2016-10-19 03:23:49 663 135 40 471 2948 25 2948 5 30 60</string>
    <string>2016-10-19 03:23:49 664 116 40 355 2953 25 2953 5 31 60</string>
    <string>2016-10-19 03:23:50 664 116 40 355 2953 25 2953 5 31 60</string>
    <string>2016-10-19 03:23:50 665 60 40 5 2957 25 2957 5 31 60</string>
    <string>2016-10-19 03:23:51 666 70 40 68 2962 25 2962 5 32 60</string>
    <string>2016-10-19 03:23:51 667 123 40 397 2966 25 2966 5 32 60</string>
    <string>2016-10-19 03:23:52 668 104 40 280 2971 25 2971 5 33 60</string>
    <string>2016-10-19 03:23:52 669 128 40 430 2975 25 2975 5 33 60</string>
    <string>2016-10-19 03:23:53 670 110 40 313 2980 25 2980 5 34 60</string>
    <string>2016-10-19 03:23:53 671 135 40 473 2984 25 2984 5 34 60</string>
    <string>2016-10-19 03:23:54 672 137 40 482 2987 25 2987 5 35 60</string>
    <string>2016-10-19 03:23:54 673 105 40 284 2991 25 2991 5 35 60</string>
    <string>2016-10-19 03:23:55 674 99 40 249 2995 25 2995 5 36 60</string>
    <string>2016-10-19 03:23:55 675 95 40 220 2998 25 2998 5 36 60</string>
    <string>2016-10-19 03:23:56 676 112 40 326 3002 25 3002 5 37 60</string>
    <string>2016-10-19 03:23:56 677 77 40 112 3006 25 3006 5 37 60</string>
    <string>2016-10-19 03:23:57 678 139 40 495 3010 25 3010 5 38 60</string>
    <string>2016-10-19 03:23:57 679 91 40 199 3014 25 3014 5 38 60</string>
    <string>2016-10-19 03:23:58 680 137 40 484 3018 25 3018 5 39 60</string>
    <string>2016-10-19 03:23:58 681 125 40 411 3022 25 3022 5 39 60</string>
    <string>2016-10-19 03:23:59 682 75 40 100 3026 25 3026 5 40 60</string>
    <string>2016-10-19 03:23:59 683 108 40 304 3030 25 3030 5 40 60</string>
    <string>2016-10-19 03:24:00 684 112 40 328 3034 25 3034 5 41 60</string>
    <string>2016-10-19 03:24:00 685 78 40 114 3038 25 3038 5 41 60</string>
    <string>2016-10-19 03:24:01 686 123 40 400 3042 25 3042 5 42 60</string>
    <string>2016-10-19 03:24:01 687 105 40 283 3046 25 3046 5 42 60</string>
    <string>2016-10-19 03:24:02 688 109 40 308 3050 25 3050 5 43 60</string>
    <string>2016-10-19 03:24:02 689 90 40 191 3055 25 3055 5 43 60</string>
    <string>2016-10-19 03:24:03 690 76 40 102 3059 25 3059 5 44 60</string>
    <string>2016-10-19 03:24:03 691 124 40 403 3064 25 3064 5 44 60</string>
    <string>2016-10-19 03:24:04 692 105 40 287 3069 25 3069 5 45 60</string>
    <string>2016-10-19 03:24:04 693 129 40 437 3073 25 3073 5 45 60</string>
    <string>2016-10-19 03:24:05 694 111 40 320 3078 25 3078 5 46 60</string>
    <string>2016-10-19 03:24:05 695 92 40 204 3083 25 3083 5 46 60</string>
    <string>2016-10-19 03:24:06 696 65 40 33 3087 25 3087 5 47 60</string>
    <string>2016-10-19 03:24:06 697 126 40 416 3092 25 3092 5 47 60</string>
    <string>2016-10-19 03:24:07 698 112 40 327 3096 25 3096 5 48 60</string>
    <string>2016-10-19 03:24:07 699 96 40 226 3101 25 3101 5 48 60</string>
    <string>2016-10-19 03:24:08 700 126 40 414 3105 25 3105 5 49 60</string>
    <string>2016-10-19 03:24:08 701 70 40 65 3109 25 3109 5 49 60</string>
    <string>2016-10-19 03:24:09 702 67 40 46 3114 25 3114 5 50 60</string>
    <string>2016-10-19 03:24:09 703 68 40 55 3118 25 3118 5 50 60</string>
    <string>2016-10-19 03:24:10 704 129 40 437 3123 25 3123 5 51 60</string>
    <string>2016-10-19 03:24:10 705 115 40 348 3127 25 3127 5 51 60</string>
    <string>2016-10-19 03:24:11 706 135 40 470 3132 25 3132 5 52 60</string>
    <string>2016-10-19 03:24:11 707 121 40 382 3136 25 3136 5 52 60</string>
    <string>2016-10-19 03:24:12 708 102 40 265 3141 25 3141 5 53 60</string>
    <string>2016-10-19 03:24:12 709 83 40 149 3146 25 3146 5 53 60</string>
    <string>2016-10-19 03:24:13 710 136 40 477 3150 25 3150 5 54 60</string>
    <string>2016-10-19 03:24:13 711 60 40 3 3154 25 3154 5 54 60</string>
    <string>2016-10-19 03:24:14 712 61 40 12 3158 25 3158 5 55 60</string>
    <string>2016-10-19 03:24:14 713 138 40 492 3163 25 3163 5 55 60</string>
    <string>2016-10-19 03:24:15 713 138 40 492 3163 25 3163 5 55 60</string>
    <string>2016-10-19 03:24:15 714 60 40 1 3167 25 3167 5 56 60</string>
    <string>2016-10-19 03:24:16 715 121 40 384 3172 25 3172 5 56 60</string>
    <string>2016-10-19 03:24:16 716 65 40 34 3176 25 3176 5 57 60</string>
    <string>2016-10-19 03:24:17 717 126 40 417 3181 25 3181 5 57 60</string>
    <string>2016-10-19 03:24:17 718 108 40 301 3186 25 3186 5 58 60</string>
    <string>2016-10-19 03:24:18 719 93 40 212 3190 25 3190 5 58 60</string>
    <string>2016-10-19 03:24:18 720 75 40 95 3195 25 3195 5 59 60</string>
    <string>2016-10-19 03:24:19 721 127 40 424 3199 25 3199 5 59 60</string>
    <string>2016-10-19 03:24:19 722 96 40 226 3204 25 3204 6 0 60</string>
    <string>2016-10-19 03:24:20 723 61 40 12 3208 25 3208 6 0 60</string>
    <string>2016-10-19 03:24:20 724 130 40 438 3212 25 3212 6 1 60</string>
    <string>2016-10-19 03:24:21 725 115 40 350 3216 25 3216 6 1 60</string>
    <string>2016-10-19 03:24:21 726 112 40 331 3221 25 3221 6 2 60</string>
    <string>2016-10-19 03:24:22 727 101 40 258 3225 25 3225 6 2 60</string>
    <string>2016-10-19 03:24:22 728 82 40 141 3230 25 3230 6 3 60</string>
    <string>2016-10-19 03:24:23 729 68 40 53 3234 25 3234 6 3 60</string>
    <string>2016-10-19 03:24:23 730 87 40 174 3239 25 3239 6 4 60</string>
    <string>2016-10-19 03:24:24 731 73 40 86 3243 25 3243 6 4 60</string>
    <string>2016-10-19 03:24:24 732 121 40 387 3248 25 3248 6 5 60</string>
    <string>2016-10-19 03:24:25 733 131 40 449 3253 25 3253 6 5 60</string>
    <string>2016-10-19 03:24:25 734 120 40 376 3257 25 3257 6 6 60</string>
    <string>2016-10-19 03:24:26 735 70 40 65 3261 25 3261 6 6 60</string>
    <string>2016-10-19 03:24:26 736 87 40 171 3265 25 3265 6 7 60</string>
    <string>2016-10-19 03:24:27 737 60 40 1 3269 25 3269 6 7 60</string>
    <string>2016-10-19 03:24:27 738 121 40 383 3274 25 3274 6 8 60</string>
    <string>2016-10-19 03:24:28 739 65 40 34 3278 25 3278 6 8 60</string>
    <string>2016-10-19 03:24:28 740 91 40 194 3283 25 3283 6 9 60</string>
    <string>2016-10-19 03:24:29 741 115 40 344 3286 25 3286 6 9 60</string>
    <string>2016-10-19 03:24:29 742 73 40 86 3291 25 3291 6 10 60</string>
    <string>2016-10-19 03:24:30 743 97 40 236 3295 25 3295 6 10 60</string>
    <string>2016-10-19 03:24:30 744 79 40 119 3300 25 3300 6 11 60</string>
    <string>2016-10-19 03:24:32 747 110 40 313 3313 25 3313 6 12 60</string>
    <string>2016-10-19 03:24:32 748 74 40 88 3316 25 3316 6 13 60</string>
    <string>2016-10-19 03:24:33 749 104 40 276 3319 25 3319 6 13 60</string>
    <string>2016-10-19 03:24:33 750 109 40 311 3323 25 3323 6 14 60</string>
    <string>2016-10-19 03:24:34 751 113 40 336 3327 25 3327 6 14 60</string>
    <string>2016-10-19 03:24:34 752 123 40 398 3332 25 3332 6 15 60</string>
    <string>2016-10-19 03:24:35 753 67 40 49 3336 25 3336 6 15 60</string>
    <string>2016-10-19 03:24:35 754 77 40 111 3341 25 3341 6 16 60</string>
    <string>2016-10-19 03:24:36 755 139 40 494 3346 25 3346 6 16 60</string>
    <string>2016-10-19 03:24:36 756 111 40 324 3350 25 3350 6 17 60</string>
    <string>2016-10-19 03:24:37 757 93 40 207 3355 25 3355 6 17 60</string>
    <string>2016-10-19 03:24:37 758 117 40 357 3359 25 3359 6 18 60</string>
    <string>2016-10-19 03:24:38 759 127 40 419 3364 25 3364 6 18 60</string>
    <string>2016-10-19 03:24:38 760 64 40 26 3368 25 3368 6 19 60</string>
    <string>2016-10-19 03:24:39 761 132 40 453 3372 25 3372 6 19 60</string>
    <string>2016-10-19 03:24:39 762 98 40 239 3376 25 3376 6 20 60</string>
    <string>2016-10-19 03:24:40 763 79 40 122 3381 25 3381 6 20 60</string>
    <string>2016-10-19 03:24:40 764 103 40 272 3385 25 3385 6 21 60</string>
    <string>2016-10-19 03:24:41 765 113 40 335 3390 25 3390 6 21 60</string>
    <string>2016-10-19 03:24:41 766 137 40 484 3394 25 3394 6 22 60</string>
    <string>2016-10-19 03:24:42 767 67 40 48 3399 25 3399 6 22 60</string>
    <string>2016-10-19 03:24:42 768 91 40 197 3403 25 3403 6 23 60</string>
    <string>2016-10-19 03:24:43 769 72 40 81 3408 25 3408 6 23 60</string>
    <string>2016-10-19 03:24:43 770 134 40 463 3413 25 3413 6 24 60</string>
    <string>2016-10-19 03:24:44 771 78 40 114 3417 25 3417 6 24 60</string>
    <string>2016-10-19 03:24:44 772 95 40 220 3421 25 3421 6 25 60</string>
    <string>2016-10-19 03:24:45 773 112 40 326 3425 25 3425 6 25 60</string>
    <string>2016-10-19 03:24:45 774 137 40 486 3430 25 3430 6 26 60</string>
    <string>2016-10-19 03:24:46 775 123 40 398 3434 25 3434 6 26 60</string>
    <string>2016-10-19 03:24:46 776 76 40 102 3439 25 3439 6 27 60</string>
    <string>2016-10-19 03:24:47 777 100 40 252 3443 25 3443 6 27 60</string>
    <string>2016-10-19 03:24:47 778 81 40 135 3448 25 3448 6 28 60</string>
    <string>2016-10-19 03:24:48 779 62 40 19 3453 25 3453 6 28 60</string>
    <string>2016-10-19 03:24:48 780 128 40 429 3457 25 3457 6 29 60</string>
    <string>2016-10-19 03:24:49 781 68 40 52 3462 25 3462 6 29 60</string>
    <string>2016-10-19 03:24:49 782 134 40 462 3466 25 3466 6 30 60</string>
    <string>2016-10-19 03:24:50 783 115 40 346 3471 25 3471 6 30 60</string>
    <string>2016-10-19 03:24:50 784 139 40 496 3475 25 3475 6 31 60</string>
    <string>2016-10-19 03:24:51 785 136 40 477 3480 25 3480 6 31 60</string>
    <string>2016-10-19 03:24:51 786 137 40 485 3484 25 3484 6 32 60</string>
    <string>2016-10-19 03:24:52 787 119 40 369 3489 25 3489 6 32 60</string>
    <string>2016-10-19 03:24:52 788 104 40 280 3493 25 3493 6 33 60</string>
    <string>2016-10-19 03:24:53 789 124 40 402 3498 25 3498 6 33 60</string>
    <string>2016-10-19 03:24:53 790 110 40 313 3502 25 3502 6 34 60</string>
  </Results>
</ServerData>