<?xml version="1.0"?>
<ServerData xmlns:xsi="http://www.w3.org/2001/XMLSchema-instance" xmlns:xsd="http://www.w3.org/2001/XMLSchema">
  <Name>wefwe</Name>
  <Password>jfoiew</Password>
  <Doctor>false</Doctor>
  <Messages />
  <Results>
    <string>2016-10-19 10:11:04 1 10 40 2 0 25 0 0 0 60</string>
    <string>2016-10-19 10:11:04 2 122 40 390 4 25 4 0 0 60</string>
    <string>2016-10-19 10:11:05 3 95 40 219 8 25 8 0 1 60</string>
    <string>2016-10-19 10:11:05 4 96 40 228 12 25 12 0 1 60</string>
    <string>2016-10-19 10:11:06 5 77 40 112 17 25 17 0 2 60</string>
    <string>2016-10-19 10:11:06 6 117 40 359 21 25 21 0 2 60</string>
    <string>2016-10-19 10:11:07 7 98 40 242 26 25 26 0 3 60</string>
    <string>2016-10-19 10:11:07 8 84 40 153 30 25 30 0 3 60</string>
    <string>2016-10-19 10:11:08 9 132 40 454 35 25 35 0 3 60</string>
    <string>2016-10-19 10:11:08 10 105 40 284 39 25 39 0 4 60</string>
    <string>2016-10-19 10:11:09 11 115 40 347 44 25 44 0 4 60</string>
    <string>2016-10-19 10:11:09 12 116 40 355 48 25 48 0 5 60</string>
    <string>2016-10-19 10:11:10 13 133 40 461 52 25 52 0 5 60</string>
    <string>2016-10-19 10:11:10 14 137 40 486 56 25 56 0 6 60</string>
    <string>2016-10-19 10:11:11 15 67 40 50 61 25 61 0 6 60</string>
    <string>2016-10-19 10:11:11 16 91 40 199 65 25 65 0 7 60</string>
    <string>2016-10-19 10:11:12 17 73 40 83 70 25 70 0 7 60</string>
    <string>2016-10-19 10:11:12 18 138 40 493 74 25 74 0 8 60</string>
    <string>2016-10-19 10:11:13 19 120 40 377 79 25 79 0 8 60</string>
    <string>2016-10-19 10:11:13 20 72 40 81 84 25 84 0 9 60</string>
    <string>2016-10-19 10:11:14 21 96 40 231 88 25 88 0 9 60</string>
    <string>2016-10-19 10:11:14 22 78 40 114 93 25 93 0 10 60</string>
    <string>2016-10-19 10:11:15 23 139 40 497 98 25 98 0 10 60</string>
    <string>2016-10-19 10:11:15 24 125 40 408 102 25 102 0 11 60</string>
    <string>2016-10-19 10:11:16 25 84 40 156 106 25 106 0 11 60</string>
    <string>2016-10-19 10:11:16 26 101 40 262 110 25 110 0 12 60</string>
    <string>2016-10-19 10:11:17 27 83 40 146 115 25 115 0 12 60</string>
    <string>2016-10-19 10:11:17 28 64 40 29 120 25 120 0 13 60</string>
    <string>2016-10-19 10:11:18 29 130 40 440 124 25 124 0 13 60</string>
    <string>2016-10-19 10:11:18 30 69 40 63 129 25 129 0 14 60</string>
    <string>2016-10-19 10:11:19 31 135 40 473 133 25 133 0 14 60</string>
    <string>2016-10-19 10:11:19 32 117 40 357 138 25 138 0 15 60</string>
    <string>2016-10-19 10:11:20 33 98 40 240 143 25 143 0 15 60</string>
    <string>2016-10-19 10:11:20 34 122 40 390 147 25 147 0 16 60</string>
    <string>2016-10-19 10:11:21 35 103 40 273 152 25 152 0 16 60</string>
    <string>2016-10-19 10:11:21 36 89 40 185 156 25 156 0 17 60</string>
    <string>2016-10-19 10:11:22 37 77 40 112 160 25 160 0 17 60</string>
    <string>2016-10-19 10:11:22 38 103 40 272 165 25 165 0 18 60</string>
    <string>2016-10-19 10:11:23 39 127 40 421 169 25 169 0 18 60</string>
    <string>2016-10-19 10:11:23 40 108 40 305 174 25 174 0 19 60</string>
    <string>2016-10-19 10:11:24 41 90 40 188 179 25 179 0 19 60</string>
    <string>2016-10-19 10:11:24 42 114 40 338 183 25 183 0 20 60</string>
    <string>2016-10-19 10:11:25 43 95 40 222 188 25 188 0 20 60</string>
    <string>2016-10-19 10:11:25 44 81 40 133 192 25 192 0 21 60</string>
    <string>2016-10-19 10:11:26 45 62 40 16 197 25 197 0 21 60</string>
    <string>2016-10-19 10:11:26 46 123 40 399 202 25 202 0 22 60</string>
    <string>2016-10-19 10:11:27 47 67 40 50 206 25 206 0 22 60</string>
    <string>2016-10-19 10:11:27 48 77 40 112 211 25 211 0 23 60</string>
    <string>2016-10-19 10:11:28 49 66 40 39 215 25 215 0 23 60</string>
    <string>2016-10-19 10:11:28 50 67 40 48 219 25 219 0 24 60</string>
    <string>2016-10-19 10:11:29 51 128 40 431 224 25 224 0 24 60</string>
    <string>2016-10-19 10:11:29 52 68 40 53 229 25 229 0 25 60</string>
    <string>2016-10-19 10:11:30 53 134 40 464 233 25 233 0 25 60</string>
    <string>2016-10-19 10:11:30 54 115 40 347 238 25 238 0 26 60</string>
    <string>2016-10-19 10:11:31 55 139 40 497 242 25 242 0 26 60</string>
    <string>2016-10-19 10:11:31 56 120 40 381 247 25 247 0 27 60</string>
    <string>2016-10-19 10:11:32 57 102 40 264 252 25 252 0 27 60</string>
    <string>2016-10-19 10:11:32 58 88 40 175 256 25 256 0 28 60</string>
    <string>2016-10-19 10:11:33 59 107 40 297 261 25 261 0 28 60</string>
    <string>2016-10-19 10:11:33 60 93 40 209 265 25 265 0 29 60</string>
    <string>2016-10-19 10:11:34 61 139 40 494 269 25 269 0 29 60</string>
    <string>2016-10-19 10:11:34 62 98 40 242 273 25 273 0 30 60</string>
    <string>2016-10-19 10:11:35 63 95 40 223 278 25 278 0 30 60</string>
    <string>2016-10-19 10:11:35 64 76 40 106 283 25 283 0 31 60</string>
    <string>2016-10-19 10:11:36 65 62 40 18 287 25 287 0 31 60</string>
    <string>2016-10-19 10:11:36 66 110 40 319 292 25 292 0 32 60</string>
    <string>2016-10-19 10:11:37 67 83 40 148 296 25 296 0 32 60</string>
    <string>2016-10-19 10:11:37 68 65 40 32 301 25 301 0 33 60</string>
    <string>2016-10-19 10:11:38 69 117 40 360 305 25 305 0 33 60</string>
    <string>2016-10-19 10:11:38 70 99 40 244 310 25 310 0 34 60</string>
    <string>2016-10-19 10:11:39 71 71 40 74 314 25 314 0 34 60</string>
    <string>2016-10-19 10:11:39 72 133 40 456 319 25 319 0 35 60</string>
    <string>2016-10-19 10:11:40 73 103 40 270 322 25 322 0 35 60</string>
    <string>2016-10-19 10:11:40 74 115 40 349 327 25 327 0 36 60</string>
    <string>2016-10-19 10:11:41 75 88 40 178 331 25 331 0 36 60</string>
    <string>2016-10-19 10:11:41 76 69 40 62 336 25 336 0 37 60</string>
    <string>2016-10-19 10:11:42 77 93 40 211 340 25 340 0 37 60</string>
    <string>2016-10-19 10:11:42 78 75 40 95 345 25 345 0 38 60</string>
    <string>2016-10-19 10:11:43 79 60 40 6 349 25 349 0 38 60</string>
    <string>2016-10-19 10:11:43 80 122 40 389 354 25 354 0 39 60</string>
  </Results>
</ServerData>