<?xml version="1.0"?>
<ServerData xmlns:xsi="http://www.w3.org/2001/XMLSchema-instance" xmlns:xsd="http://www.w3.org/2001/XMLSchema">
  <Name>wfeafewafewa</Name>
  <Password>fewafaew</Password>
  <Doctor>false</Doctor>
  <Messages />
  <Results>
    <string>2016-10-12 01:48:46 2 99 40 21 4 25 4 0 0 60</string>
    <string>2016-10-12 01:48:46 2 99 40 21 4 25 4 0 0 60</string>
    <string>2016-10-12 01:48:47 3 109 40 25 9 25 9 0 1 60</string>
    <string>2016-10-12 01:48:47 4 117 40 29 12 25 12 0 1 60</string>
    <string>2016-10-12 01:48:48 5 114 40 28 17 25 17 0 2 60</string>
    <string>2016-10-12 01:48:48 6 111 40 26 22 25 22 0 2 60</string>
    <string>2016-10-12 01:48:49 7 77 40 11 26 25 26 0 3 60</string>
    <string>2016-10-12 01:48:49 8 117 40 29 30 25 30 0 3 60</string>
    <string>2016-10-12 01:48:50 9 118 40 30 34 25 34 0 4 60</string>
    <string>2016-10-12 01:48:50 10 92 40 18 39 25 39 0 4 60</string>
    <string>2016-10-12 01:48:51 11 132 40 36 43 25 43 0 5 60</string>
    <string>2016-10-12 01:48:51 12 113 40 27 48 25 48 0 5 60</string>
    <string>2016-10-12 01:48:52 13 115 40 28 52 25 52 0 6 60</string>
    <string>2016-10-12 01:48:52 14 116 40 29 56 25 56 0 6 60</string>
    <string>2016-10-12 01:48:53 15 100 40 21 61 25 61 0 7 60</string>
    <string>2016-10-12 01:48:53 16 101 40 22 65 25 65 0 7 60</string>
    <string>2016-10-12 01:48:54 17 83 40 13 70 25 70 0 8 60</string>
    <string>2016-10-12 01:48:54 18 68 40 7 74 25 74 0 8 60</string>
    <string>2016-10-12 01:48:55 19 88 40 16 79 25 79 0 9 60</string>
    <string>2016-10-12 01:48:55 20 74 40 9 83 25 83 0 9 60</string>
    <string>2016-10-12 01:48:56 21 135 40 37 88 25 88 0 10 60</string>
    <string>2016-10-12 01:48:56 22 79 40 12 92 25 92 0 10 60</string>
    <string>2016-10-12 01:48:57 23 60 40 3 97 25 97 0 11 60</string>
    <string>2016-10-12 01:48:57 24 122 40 31 102 25 102 0 11 60</string>
    <string>2016-10-12 01:48:58 25 107 40 25 106 25 106 0 12 60</string>
    <string>2016-10-12 01:48:58 26 96 40 19 110 25 110 0 12 60</string>
    <string>2016-10-12 01:48:59 27 84 40 14 114 25 114 0 12 60</string>
    <string>2016-10-12 01:48:59 28 65 40 5 118 25 118 0 13 60</string>
    <string>2016-10-12 01:49:00 29 111 40 26 122 25 122 0 13 60</string>
    <string>2016-10-12 01:49:00 30 108 40 25 127 25 127 0 14 60</string>
    <string>2016-10-12 01:49:01 31 132 40 36 131 25 131 0 14 60</string>
    <string>2016-10-12 01:49:01 32 113 40 27 136 25 136 0 15 60</string>
    <string>2016-10-12 01:49:02 33 99 40 21 140 25 140 0 15 60</string>
    <string>2016-10-12 01:49:02 34 81 40 12 145 25 145 0 16 60</string>
    <string>2016-10-12 01:49:03 35 62 40 4 150 25 150 0 16 60</string>
    <string>2016-10-12 01:49:03 36 86 40 15 154 25 154 0 17 60</string>
    <string>2016-10-12 01:49:04 37 67 40 6 159 25 159 0 17 60</string>
    <string>2016-10-12 01:49:04 38 91 40 17 163 25 163 0 18 60</string>
    <string>2016-10-12 01:49:05 39 72 40 9 168 25 168 0 18 60</string>
    <string>2016-10-12 01:49:05 40 125 40 33 172 25 172 0 19 60</string>
    <string>2016-10-12 01:49:06 41 107 40 24 177 25 177 0 19 60</string>
    <string>2016-10-12 01:49:06 42 88 40 16 182 25 182 0 20 60</string>
    <string>2016-10-12 01:49:07 43 74 40 9 186 25 186 0 20 60</string>
    <string>2016-10-12 01:49:07 44 135 40 37 191 25 191 0 21 60</string>
    <string>2016-10-12 01:49:08 45 79 40 11 195 25 195 0 21 60</string>
    <string>2016-10-12 01:49:08 46 60 40 3 200 25 200 0 22 60</string>
    <string>2016-10-12 01:49:09 47 122 40 31 205 25 205 0 22 60</string>
    <string>2016-10-12 01:49:09 48 66 40 5 209 25 209 0 23 60</string>
    <string>2016-10-12 01:49:10 49 127 40 34 214 25 214 0 23 60</string>
    <string>2016-10-12 01:49:10 50 64 40 5 218 25 218 0 24 60</string>
    <string>2016-10-12 01:49:11 51 117 40 29 222 25 222 0 24 60</string>
    <string>2016-10-12 01:49:11 52 98 40 20 227 25 227 0 25 60</string>
    <string>2016-10-12 01:49:12 53 84 40 14 231 25 231 0 25 60</string>
    <string>2016-10-12 01:49:12 54 65 40 5 236 25 236 0 26 60</string>
    <string>2016-10-12 01:49:13 55 85 40 14 241 25 241 0 26 60</string>
    <string>2016-10-12 01:49:13 56 70 40 8 245 25 245 0 27 60</string>
    <string>2016-10-12 01:49:14 57 132 40 36 250 25 250 0 27 60</string>
    <string>2016-10-12 01:49:14 58 76 40 10 254 25 254 0 28 60</string>
    <string>2016-10-12 01:49:15 59 137 40 38 259 25 259 0 28 60</string>
    <string>2016-10-12 01:49:15 60 118 40 30 264 25 264 0 29 60</string>
    <string>2016-10-12 01:49:16 61 104 40 23 268 25 268 0 29 60</string>
    <string>2016-10-12 01:49:16 62 64 40 4 272 25 272 0 30 60</string>
    <string>2016-10-12 01:49:17 63 138 40 39 276 25 276 0 30 60</string>
    <string>2016-10-12 01:49:17 64 78 40 11 281 25 281 0 31 60</string>
    <string>2016-10-12 01:49:18 65 64 40 4 285 25 285 0 31 60</string>
    <string>2016-10-12 01:49:18 66 125 40 33 290 25 290 0 32 60</string>
    <string>2016-10-12 01:49:19 67 69 40 7 294 25 294 0 32 60</string>
    <string>2016-10-12 01:49:19 68 130 40 35 299 25 299 0 33 60</string>
    <string>2016-10-12 01:49:20 69 111 40 27 304 25 304 0 33 60</string>
    <string>2016-10-12 01:49:20 70 97 40 20 308 25 308 0 34 60</string>
    <string>2016-10-12 01:49:21 71 117 40 29 313 25 313 0 34 60</string>
    <string>2016-10-12 01:49:21 72 103 40 22 317 25 317 0 35 60</string>
    <string>2016-10-12 01:49:22 73 84 40 14 322 25 322 0 35 60</string>
    <string>2016-10-12 01:49:22 74 108 40 25 326 25 326 0 36 60</string>
    <string>2016-10-12 01:49:23 75 89 40 16 331 25 331 0 36 60</string>
    <string>2016-10-12 01:49:23 76 71 40 8 336 25 336 0 37 60</string>
    <string>2016-10-12 01:49:24 77 136 40 38 340 25 340 0 37 60</string>
    <string>2016-10-12 01:49:24 78 76 40 10 345 25 345 0 38 60</string>
    <string>2016-10-12 01:49:25 79 62 40 4 349 25 349 0 38 60</string>
    <string>2016-10-12 01:49:25 80 123 40 32 354 25 354 0 39 60</string>
    <string>2016-10-12 01:49:26 81 67 40 6 358 25 358 0 39 60</string>
    <string>2016-10-12 01:49:26 82 128 40 34 363 25 363 0 40 60</string>
    <string>2016-10-12 01:49:27 83 110 40 26 368 25 368 0 40 60</string>
    <string>2016-10-12 01:49:27 84 95 40 19 372 25 372 0 41 60</string>
    <string>2016-10-12 01:49:28 85 115 40 28 377 25 377 0 41 60</string>
    <string>2016-10-12 01:49:28 86 101 40 22 381 25 381 0 42 60</string>
    <string>2016-10-12 01:49:29 87 82 40 13 386 25 386 0 42 60</string>
    <string>2016-10-12 01:49:29 88 106 40 24 390 25 390 0 43 60</string>
    <string>2016-10-12 01:49:30 89 87 40 15 395 25 395 0 43 60</string>
    <string>2016-10-12 01:49:30 90 69 40 7 400 25 400 0 44 60</string>
    <string>2016-10-12 01:49:31 91 135 40 37 404 25 404 0 44 60</string>
    <string>2016-10-12 01:50:31 94 73 40 9 408 25 408 0 47 60</string>
    <string>2016-10-12 01:50:31 94 73 40 9 408 25 408 0 47 60</string>
    <string>2016-10-12 01:50:32 95 62 40 3 414 25 414 0 48 60</string>
    <string>2016-10-12 01:50:32 96 123 40 32 419 25 419 0 48 60</string>
    <string>2016-10-12 01:50:33 97 67 40 6 423 25 423 0 49 60</string>
    <string>2016-10-12 01:50:33 98 128 40 34 428 25 428 0 49 60</string>
    <string>2016-10-12 01:50:34 99 72 40 8 432 25 432 0 50 60</string>
    <string>2016-10-12 01:50:34 100 133 40 37 437 25 437 0 50 60</string>
    <string>2016-10-12 01:50:35 101 115 40 28 442 25 442 0 51 60</string>
    <string>2016-10-12 01:50:35 102 101 40 22 446 25 446 0 51 60</string>
    <string>2016-10-12 01:50:36 103 82 40 13 451 25 451 0 52 60</string>
    <string>2016-10-12 01:50:36 104 106 40 24 455 25 455 0 52 60</string>
    <string>2016-10-12 01:50:37 105 87 40 15 460 25 460 0 53 60</string>
    <string>2016-10-12 01:50:37 106 111 40 26 464 25 464 0 53 60</string>
    <string>2016-10-12 01:50:38 107 93 40 18 469 25 469 0 54 60</string>
    <string>2016-10-12 01:50:38 108 74 40 9 474 25 474 0 54 60</string>
    <string>2016-10-12 01:50:39 109 60 40 3 478 25 478 0 55 60</string>
    <string>2016-10-12 01:50:39 110 121 40 31 483 25 483 0 55 60</string>
    <string>2016-10-12 01:50:40 111 65 40 5 487 25 487 0 56 60</string>
    <string>2016-10-12 01:50:40 112 126 40 33 492 25 492 0 56 60</string>
    <string>2016-10-12 01:50:41 113 70 40 8 496 25 496 0 57 60</string>
    <string>2016-10-12 01:50:41 114 132 40 36 501 25 501 0 57 60</string>
  </Results>
</ServerData>