<?xml version="1.0"?>
<ServerData xmlns:xsi="http://www.w3.org/2001/XMLSchema-instance" xmlns:xsd="http://www.w3.org/2001/XMLSchema">
  <Name>wfejiwofeja</Name>
  <Password>fjeiwo</Password>
  <Doctor>false</Doctor>
  <Messages />
  <Results>
    <string>2016-10-18 09:25:30 1 10 40 2 0 25 0 0 0 60</string>
    <string>2016-10-18 09:25:30 2 85 40 14 4 25 4 0 0 60</string>
    <string>2016-10-18 09:25:31 3 109 40 25 8 25 8 0 0 60</string>
    <string>2016-10-18 09:25:31 4 90 40 17 13 25 13 0 1 60</string>
    <string>2016-10-18 09:25:32 6 137 40 38 22 25 22 0 2 60</string>
    <string>2016-10-18 09:25:32 6 137 40 38 22 25 22 0 2 60</string>
    <string>2016-10-18 09:25:33 7 77 40 10 27 25 27 0 2 60</string>
    <string>2016-10-18 09:25:33 8 63 40 4 31 25 31 0 3 60</string>
    <string>2016-10-18 09:25:34 9 124 40 32 36 25 36 0 3 60</string>
    <string>2016-10-18 09:25:34 10 105 40 24 41 25 41 0 4 60</string>
    <string>2016-10-18 09:25:35 11 129 40 35 45 25 45 0 4 60</string>
    <string>2016-10-18 09:25:35 12 110 40 26 50 25 50 0 5 60</string>
    <string>2016-10-18 09:25:36 13 96 40 20 54 25 54 0 5 60</string>
    <string>2016-10-18 09:25:36 14 116 40 29 59 25 59 0 6 60</string>
    <string>2016-10-18 09:25:37 15 102 40 22 63 25 63 0 6 60</string>
    <string>2016-10-18 09:25:37 16 83 40 13 68 25 68 0 7 60</string>
    <string>2016-10-18 09:25:38 17 64 40 5 73 25 73 0 7 60</string>
    <string>2016-10-18 09:25:38 18 88 40 16 77 25 77 0 8 60</string>
    <string>2016-10-18 09:25:39 19 70 40 7 82 25 82 0 8 60</string>
    <string>2016-10-18 09:25:39 20 135 40 38 86 25 86 0 9 60</string>
    <string>2016-10-18 09:25:40 21 75 40 10 91 25 91 0 9 60</string>
    <string>2016-10-18 09:25:40 22 61 40 3 95 25 95 0 10 60</string>
    <string>2016-10-18 09:25:41 23 122 40 31 100 25 100 0 10 60</string>
    <string>2016-10-18 09:25:41 24 103 40 23 105 25 105 0 11 60</string>
    <string>2016-10-18 09:25:42 25 76 40 10 109 25 109 0 11 60</string>
    <string>2016-10-18 09:25:42 26 137 40 39 114 25 114 0 12 60</string>
    <string>2016-10-18 09:25:43 27 81 40 13 118 25 118 0 12 60</string>
    <string>2016-10-18 09:25:43 28 63 40 4 123 25 123 0 13 60</string>
    <string>2016-10-18 09:25:44 29 128 40 34 127 25 127 0 13 60</string>
    <string>2016-10-18 09:25:44 30 68 40 6 132 25 132 0 14 60</string>
    <string>2016-10-18 09:25:45 31 134 40 37 136 25 136 0 14 60</string>
    <string>2016-10-18 09:25:45 32 115 40 28 141 25 141 0 15 60</string>
    <string>2016-10-18 09:25:46 33 96 40 20 146 25 146 0 15 60</string>
    <string>2016-10-18 09:25:46 34 120 40 31 150 25 150 0 16 60</string>
    <string>2016-10-18 09:25:47 35 102 40 22 155 25 155 0 16 60</string>
    <string>2016-10-18 09:25:47 36 88 40 15 159 25 159 0 17 60</string>
    <string>2016-10-18 09:25:48 37 107 40 25 164 25 164 0 17 60</string>
    <string>2016-10-18 09:25:48 38 88 40 16 169 25 169 0 18 60</string>
    <string>2016-10-18 09:25:49 39 74 40 9 173 25 173 0 18 60</string>
    <string>2016-10-18 09:25:49 40 107 40 24 178 25 178 0 19 60</string>
    <string>2016-10-18 09:25:50 41 93 40 18 182 25 182 0 19 60</string>
    <string>2016-10-18 09:25:50 42 125 40 33 187 25 187 0 20 60</string>
    <string>2016-10-18 09:25:51 43 107 40 24 192 25 192 0 20 60</string>
    <string>2016-10-18 09:25:51 44 131 40 35 196 25 196 0 21 60</string>
    <string>2016-10-18 09:25:52 45 112 40 27 201 25 201 0 21 60</string>
    <string>2016-10-18 09:25:52 46 98 40 20 205 25 205 0 22 60</string>
    <string>2016-10-18 09:25:53 47 117 40 29 210 25 210 0 22 60</string>
    <string>2016-10-18 09:25:53 48 99 40 21 215 25 215 0 23 60</string>
    <string>2016-10-18 09:25:54 49 84 40 14 219 25 219 0 23 60</string>
    <string>2016-10-18 09:25:54 50 66 40 5 224 25 224 0 24 60</string>
    <string>2016-10-18 09:25:55 51 90 40 16 228 25 228 0 24 60</string>
    <string>2016-10-18 09:25:55 52 71 40 8 233 25 233 0 25 60</string>
    <string>2016-10-18 09:25:56 53 137 40 38 237 25 237 0 25 60</string>
    <string>2016-10-18 09:25:56 54 76 40 10 242 25 242 0 26 60</string>
    <string>2016-10-18 09:25:57 55 138 40 39 247 25 247 0 26 60</string>
    <string>2016-10-18 09:25:57 56 123 40 32 251 25 251 0 27 60</string>
    <string>2016-10-18 09:25:58 57 105 40 23 256 25 256 0 27 60</string>
    <string>2016-10-18 09:25:58 58 129 40 35 260 25 260 0 28 60</string>
    <string>2016-10-18 09:25:59 59 110 40 26 265 25 265 0 28 60</string>
    <string>2016-10-18 09:25:59 60 63 40 4 270 25 270 0 29 60</string>
    <string>2016-10-18 09:26:00 61 128 40 34 274 25 274 0 29 60</string>
    <string>2016-10-18 09:26:00 62 81 40 12 279 25 279 0 30 60</string>
    <string>2016-10-18 09:26:01 63 67 40 6 283 25 283 0 30 60</string>
    <string>2016-10-18 09:26:01 64 86 40 15 288 25 288 0 31 60</string>
    <string>2016-10-18 09:26:02 65 68 40 6 293 25 293 0 31 60</string>
    <string>2016-10-18 09:26:02 66 134 40 37 297 25 297 0 32 60</string>
    <string>2016-10-18 09:26:03 67 115 40 28 302 25 302 0 32 60</string>
    <string>2016-10-18 09:26:03 68 139 40 39 306 25 306 0 33 60</string>
    <string>2016-10-18 09:26:04 69 120 40 31 311 25 311 0 33 60</string>
    <string>2016-10-18 09:26:04 70 106 40 24 315 25 315 0 34 60</string>
    <string>2016-10-18 09:26:05 71 126 40 33 320 25 320 0 34 60</string>
    <string>2016-10-18 09:26:05 72 107 40 24 325 25 325 0 35 60</string>
    <string>2016-10-18 09:26:06 73 93 40 18 329 25 329 0 35 60</string>
    <string>2016-10-18 09:26:06 74 74 40 9 334 25 334 0 36 60</string>
    <string>2016-10-18 09:26:07 75 98 40 20 338 25 338 0 36 60</string>
    <string>2016-10-18 09:26:07 76 79 40 12 343 25 343 0 37 60</string>
    <string>2016-10-18 09:26:08 77 61 40 3 348 25 348 0 37 60</string>
    <string>2016-10-18 09:26:08 78 85 40 14 352 25 352 0 38 60</string>
    <string>2016-10-18 09:26:09 79 66 40 5 357 25 357 0 38 60</string>
    <string>2016-10-18 09:26:09 80 132 40 36 361 25 361 0 39 60</string>
    <string>2016-10-18 09:26:10 81 113 40 27 366 25 366 0 39 60</string>
    <string>2016-10-18 09:26:10 82 137 40 38 370 25 370 0 40 60</string>
    <string>2016-10-18 09:26:11 83 118 40 30 375 25 375 0 40 60</string>
    <string>2016-10-18 09:26:11 84 100 40 21 380 25 380 0 41 60</string>
    <string>2016-10-18 09:26:12 85 124 40 32 384 25 384 0 41 60</string>
    <string>2016-10-18 09:26:12 86 105 40 24 389 25 389 0 42 60</string>
    <string>2016-10-18 09:26:13 87 91 40 17 393 25 393 0 42 60</string>
    <string>2016-10-18 09:26:13 88 72 40 8 398 25 398 0 43 60</string>
    <string>2016-10-18 09:26:14 89 96 40 19 402 25 402 0 43 60</string>
    <string>2016-10-18 09:26:14 90 77 40 11 407 25 407 0 44 60</string>
    <string>2016-10-18 09:26:15 91 139 40 39 412 25 412 0 44 60</string>
    <string>2016-10-18 09:26:15 92 83 40 13 416 25 416 0 45 60</string>
    <string>2016-10-18 09:26:16 93 64 40 5 421 25 421 0 45 60</string>
    <string>2016-10-18 09:26:16 94 130 40 35 425 25 425 0 46 60</string>
    <string>2016-10-18 09:26:17 95 111 40 26 430 25 430 0 46 60</string>
    <string>2016-10-18 09:26:17 96 135 40 38 434 25 434 0 47 60</string>
    <string>2016-10-18 09:26:18 97 117 40 29 439 25 439 0 47 60</string>
    <string>2016-10-18 09:26:18 98 98 40 20 444 25 444 0 48 60</string>
    <string>2016-10-18 09:26:19 99 122 40 31 448 25 448 0 48 60</string>
    <string>2016-10-18 09:26:19 100 103 40 23 453 25 453 0 49 60</string>
    <string>2016-10-18 09:26:20 101 89 40 16 457 25 457 0 49 60</string>
    <string>2016-10-18 09:26:20 102 137 40 38 462 25 462 0 50 60</string>
    <string>2016-10-18 09:26:21 103 123 40 32 466 25 466 0 50 60</string>
    <string>2016-10-18 09:26:21 104 104 40 23 471 25 471 0 51 60</string>
    <string>2016-10-18 09:26:22 105 128 40 34 475 25 475 0 51 60</string>
    <string>2016-10-18 09:26:22 106 110 40 26 480 25 480 0 52 60</string>
    <string>2016-10-18 09:26:23 107 91 40 17 485 25 485 0 52 60</string>
    <string>2016-10-18 09:26:23 108 115 40 28 489 25 489 0 53 60</string>
    <string>2016-10-18 09:26:24 109 96 40 20 494 25 494 0 53 60</string>
    <string>2016-10-18 09:26:24 110 82 40 13 498 25 498 0 54 60</string>
    <string>2016-10-18 09:26:25 111 63 40 4 503 25 503 0 54 60</string>
    <string>2016-10-18 09:26:25 112 87 40 15 507 25 507 0 55 60</string>
    <string>2016-10-18 09:26:26 113 69 40 7 512 25 512 0 55 60</string>
    <string>2016-10-18 09:26:26 114 130 40 35 517 25 517 0 56 60</string>
    <string>2016-10-18 09:26:27 115 74 40 9 521 25 521 0 56 60</string>
    <string>2016-10-18 09:26:27 116 135 40 38 526 25 526 0 57 60</string>
    <string>2016-10-18 09:26:28 117 121 40 31 530 25 530 0 57 60</string>
    <string>2016-10-18 09:26:28 118 103 40 22 535 25 535 0 58 60</string>
    <string>2016-10-18 09:26:29 119 84 40 14 540 25 540 0 58 60</string>
    <string>2016-10-18 09:26:29 120 108 40 25 544 25 544 0 59 60</string>
    <string>2016-10-18 09:26:30 121 89 40 16 549 25 549 0 59 60</string>
    <string>2016-10-18 09:26:30 122 113 40 27 553 25 553 1 0 60</string>
    <string>2016-10-18 09:26:31 123 94 40 19 558 25 558 1 0 60</string>
    <string>2016-10-18 09:26:31 124 80 40 12 562 25 562 1 1 60</string>
    <string>2016-10-18 09:26:32 125 62 40 3 567 25 567 1 1 60</string>
    <string>2016-10-18 09:26:32 126 86 40 15 571 25 571 1 2 60</string>
    <string>2016-10-18 09:26:33 127 67 40 6 576 25 576 1 2 60</string>
    <string>2016-10-18 09:26:33 128 128 40 34 581 25 581 1 3 60</string>
    <string>2016-10-18 09:26:34 129 72 40 8 585 25 585 1 3 60</string>
    <string>2016-10-18 09:26:34 130 134 40 37 590 25 590 1 4 60</string>
    <string>2016-10-18 09:26:35 131 119 40 30 594 25 594 1 4 60</string>
    <string>2016-10-18 09:26:35 132 101 40 22 599 25 599 1 5 60</string>
    <string>2016-10-18 09:26:36 133 82 40 13 604 25 604 1 5 60</string>
    <string>2016-10-18 09:26:36 134 106 40 24 608 25 608 1 6 60</string>
    <string>2016-10-18 09:26:37 135 87 40 15 613 25 613 1 6 60</string>
    <string>2016-10-18 09:26:37 136 111 40 26 617 25 617 1 7 60</string>
    <string>2016-10-18 09:26:38 137 93 40 18 622 25 622 1 7 60</string>
    <string>2016-10-18 09:26:38 138 78 40 11 626 25 626 1 8 60</string>
    <string>2016-10-18 09:26:39 139 60 40 3 631 25 631 1 8 60</string>
    <string>2016-10-18 09:26:39 140 121 40 31 636 25 636 1 9 60</string>
    <string>2016-10-18 09:26:40 141 65 40 5 640 25 640 1 9 60</string>
    <string>2016-10-18 09:26:40 142 126 40 33 645 25 645 1 10 60</string>
    <string>2016-10-18 09:26:41 143 70 40 8 649 25 649 1 10 60</string>
    <string>2016-10-18 09:26:41 144 132 40 36 654 25 654 1 11 60</string>
    <string>2016-10-18 09:26:42 145 118 40 29 658 25 658 1 11 60</string>
    <string>2016-10-18 09:26:42 146 99 40 21 663 25 663 1 12 60</string>
    <string>2016-10-18 09:26:43 147 80 40 12 668 25 668 1 12 60</string>
    <string>2016-10-18 09:26:43 148 104 40 23 672 25 672 1 13 60</string>
    <string>2016-10-18 09:26:44 149 86 40 15 677 25 677 1 13 60</string>
    <string>2016-10-18 09:26:44 150 110 40 26 681 25 681 1 14 60</string>
    <string>2016-10-18 09:26:45 151 91 40 17 686 25 686 1 14 60</string>
    <string>2016-10-18 09:26:45 152 77 40 10 690 25 690 1 15 60</string>
    <string>2016-10-18 09:26:46 153 138 40 39 695 25 695 1 15 60</string>
    <string>2016-10-18 09:26:46 154 119 40 30 700 25 700 1 16 60</string>
    <string>2016-10-18 09:26:47 155 63 40 4 704 25 704 1 16 60</string>
    <string>2016-10-18 09:26:47 156 125 40 33 709 25 709 1 17 60</string>
    <string>2016-10-18 09:26:48 157 69 40 7 713 25 713 1 17 60</string>
    <string>2016-10-18 09:26:48 158 130 40 35 718 25 718 1 18 60</string>
    <string>2016-10-18 09:26:49 159 116 40 29 722 25 722 1 18 60</string>
    <string>2016-10-18 09:26:49 160 97 40 20 727 25 727 1 19 60</string>
    <string>2016-10-18 09:26:50 161 78 40 11 732 25 732 1 19 60</string>
    <string>2016-10-18 09:26:50 162 102 40 22 736 25 736 1 20 60</string>
    <string>2016-10-18 09:26:51 163 84 40 14 741 25 741 1 20 60</string>
    <string>2016-10-18 09:26:51 164 108 40 25 745 25 745 1 21 60</string>
    <string>2016-10-18 09:26:52 165 89 40 16 750 25 750 1 21 60</string>
    <string>2016-10-18 09:26:52 166 70 40 8 755 25 755 1 22 60</string>
    <string>2016-10-18 09:26:53 167 136 40 38 759 25 759 1 22 60</string>
    <string>2016-10-18 09:26:53 168 117 40 29 764 25 764 1 23 60</string>
    <string>2016-10-18 09:26:54 169 61 40 3 768 25 768 1 23 60</string>
    <string>2016-10-18 09:26:54 170 123 40 32 773 25 773 1 24 60</string>
    <string>2016-10-18 09:26:55 171 67 40 6 777 25 777 1 24 60</string>
    <string>2016-10-18 09:26:55 172 128 40 34 782 25 782 1 25 60</string>
    <string>2016-10-18 09:26:56 173 109 40 26 787 25 787 1 25 60</string>
    <string>2016-10-18 09:26:56 174 95 40 19 791 25 791 1 26 60</string>
    <string>2016-10-18 09:26:57 175 77 40 10 796 25 796 1 26 60</string>
    <string>2016-10-18 09:26:57 176 101 40 21 800 25 800 1 27 60</string>
    <string>2016-10-18 09:26:58 177 82 40 13 805 25 805 1 27 60</string>
    <string>2016-10-18 09:26:58 178 106 40 24 809 25 809 1 28 60</string>
    <string>2016-10-18 09:26:59 179 87 40 15 814 25 814 1 28 60</string>
    <string>2016-10-18 09:26:59 180 69 40 7 819 25 819 1 29 60</string>
    <string>2016-10-18 09:27:00 181 134 40 37 823 25 823 1 29 60</string>
    <string>2016-10-18 09:27:00 182 116 40 28 828 25 828 1 30 60</string>
    <string>2016-10-18 09:27:01 183 60 40 3 832 25 832 1 30 60</string>
    <string>2016-10-18 09:27:01 184 121 40 31 837 25 837 1 31 60</string>
    <string>2016-10-18 09:27:02 185 65 40 5 841 25 841 1 31 60</string>
    <string>2016-10-18 09:27:02 186 126 40 33 846 25 846 1 32 60</string>
    <string>2016-10-18 09:27:03 187 108 40 25 851 25 851 1 32 60</string>
    <string>2016-10-18 09:27:03 188 93 40 18 855 25 855 1 32 60</string>
    <string>2016-10-18 09:27:04 189 126 40 33 860 25 860 1 33 60</string>
    <string>2016-10-18 09:27:04 190 70 40 7 864 25 864 1 33 60</string>
    <string>2016-10-18 09:27:05 191 64 40 5 869 25 869 1 34 60</string>
    <string>2016-10-18 09:27:05 192 126 40 33 874 25 874 1 34 60</string>
    <string>2016-10-18 09:27:06 193 70 40 7 878 25 878 1 35 60</string>
    <string>2016-10-18 09:27:06 194 131 40 36 883 25 883 1 35 60</string>
    <string>2016-10-18 09:27:07 195 75 40 10 887 25 887 1 36 60</string>
    <string>2016-10-18 09:27:07 196 136 40 38 892 25 892 1 36 60</string>
    <string>2016-10-18 09:27:08 197 118 40 29 897 25 897 1 37 60</string>
    <string>2016-10-18 09:27:08 198 104 40 23 901 25 901 1 37 60</string>
    <string>2016-10-18 09:27:09 199 85 40 14 906 25 906 1 38 60</string>
    <string>2016-10-18 09:27:09 200 109 40 25 910 25 910 1 38 60</string>
    <string>2016-10-18 09:27:10 201 90 40 17 915 25 915 1 39 60</string>
    <string>2016-10-18 09:27:10 202 114 40 28 919 25 919 1 39 60</string>
    <string>2016-10-18 09:27:11 203 96 40 19 924 25 924 1 40 60</string>
    <string>2016-10-18 09:27:11 204 77 40 11 929 25 929 1 40 60</string>
    <string>2016-10-18 09:27:12 205 63 40 4 933 25 933 1 41 60</string>
    <string>2016-10-18 09:27:12 206 124 40 32 938 25 938 1 41 60</string>
    <string>2016-10-18 09:27:13 207 97 40 20 942 25 942 1 42 60</string>
    <string>2016-10-18 09:27:13 208 78 40 11 947 25 947 1 42 60</string>
    <string>2016-10-18 09:27:14 209 102 40 22 951 25 951 1 43 60</string>
    <string>2016-10-18 09:27:14 210 83 40 14 956 25 956 1 43 60</string>
    <string>2016-10-18 09:27:15 211 136 40 38 960 25 960 1 44 60</string>
    <string>2016-10-18 09:27:15 212 117 40 29 965 25 965 1 44 60</string>
    <string>2016-10-18 09:27:16 213 99 40 21 970 25 970 1 45 60</string>
    <string>2016-10-18 09:27:16 214 123 40 32 974 25 974 1 45 60</string>
    <string>2016-10-18 09:27:17 215 104 40 23 979 25 979 1 46 60</string>
    <string>2016-10-18 09:27:17 216 90 40 16 983 25 983 1 46 60</string>
    <string>2016-10-18 09:27:18 217 71 40 8 988 25 988 1 47 60</string>
    <string>2016-10-18 09:27:18 218 95 40 19 992 25 992 1 47 60</string>
    <string>2016-10-18 09:27:19 219 76 40 10 997 25 997 1 48 60</string>
    <string>2016-10-18 09:27:19 220 138 40 39 1002 25 1002 1 48 60</string>
    <string>2016-10-18 09:27:20 221 82 40 13 1006 25 1006 1 49 60</string>
    <string>2016-10-18 09:27:20 222 63 40 4 1011 25 1011 1 49 60</string>
    <string>2016-10-18 09:27:21 223 129 40 35 1015 25 1015 1 50 60</string>
    <string>2016-10-18 09:27:21 224 110 40 26 1020 25 1020 1 50 60</string>
    <string>2016-10-18 09:27:22 225 130 40 35 1025 25 1025 1 51 60</string>
    <string>2016-10-18 09:27:22 226 115 40 28 1029 25 1029 1 51 60</string>
    <string>2016-10-18 09:27:23 227 97 40 20 1034 25 1034 1 52 60</string>
    <string>2016-10-18 09:27:23 228 121 40 31 1038 25 1038 1 52 60</string>
    <string>2016-10-18 09:27:24 229 102 40 22 1043 25 1043 1 53 60</string>
    <string>2016-10-18 09:27:24 230 88 40 16 1047 25 1047 1 53 60</string>
    <string>2016-10-18 09:27:25 231 69 40 7 1052 25 1052 1 54 60</string>
    <string>2016-10-18 09:27:25 232 89 40 16 1057 25 1057 1 54 60</string>
    <string>2016-10-18 09:27:26 233 75 40 9 1061 25 1061 1 55 60</string>
    <string>2016-10-18 09:27:26 234 136 40 38 1066 25 1066 1 55 60</string>
    <string>2016-10-18 09:27:27 235 80 40 12 1070 25 1070 1 56 60</string>
    <string>2016-10-18 09:27:27 236 61 40 3 1075 25 1075 1 56 60</string>
    <string>2016-10-18 09:27:28 237 127 40 34 1079 25 1079 1 57 60</string>
    <string>2016-10-18 09:27:28 238 108 40 25 1084 25 1084 1 57 60</string>
    <string>2016-10-18 09:27:29 239 128 40 34 1089 25 1089 1 58 60</string>
    <string>2016-10-18 09:27:29 240 114 40 28 1093 25 1093 1 58 60</string>
    <string>2016-10-18 09:27:30 241 95 40 19 1098 25 1098 1 59 60</string>
    <string>2016-10-18 09:27:30 242 119 40 30 1102 25 1102 1 59 60</string>
    <string>2016-10-18 09:27:31 243 100 40 21 1107 25 1107 2 0 60</string>
    <string>2016-10-18 09:27:31 244 86 40 15 1111 25 1111 2 0 60</string>
    <string>2016-10-18 09:27:32 245 67 40 6 1116 25 1116 2 1 60</string>
    <string>2016-10-18 09:27:32 246 87 40 15 1121 25 1121 2 1 60</string>
    <string>2016-10-18 09:27:33 247 73 40 9 1125 25 1125 2 2 60</string>
    <string>2016-10-18 09:27:33 248 134 40 37 1130 25 1130 2 2 60</string>
    <string>2016-10-18 09:27:34 249 78 40 11 1134 25 1134 2 3 60</string>
    <string>2016-10-18 09:27:34 250 139 40 39 1139 25 1139 2 3 60</string>
    <string>2016-10-18 09:27:35 251 121 40 31 1144 25 1144 2 4 60</string>
    <string>2016-10-18 09:27:35 252 107 40 24 1148 25 1148 2 4 60</string>
    <string>2016-10-18 09:27:36 253 126 40 33 1153 25 1153 2 5 60</string>
    <string>2016-10-18 09:27:36 254 112 40 27 1157 25 1157 2 5 60</string>
    <string>2016-10-18 09:27:37 255 93 40 18 1162 25 1162 2 6 60</string>
    <string>2016-10-18 09:27:37 256 117 40 29 1166 25 1166 2 6 60</string>
    <string>2016-10-18 09:27:38 257 98 40 21 1171 25 1171 2 7 60</string>
    <string>2016-10-18 09:27:38 258 80 40 12 1176 25 1176 2 7 60</string>
    <string>2016-10-18 09:27:39 259 66 40 5 1180 25 1180 2 8 60</string>
    <string>2016-10-18 09:27:39 260 85 40 14 1185 25 1185 2 8 60</string>
    <string>2016-10-18 09:27:40 261 71 40 8 1189 25 1189 2 9 60</string>
    <string>2016-10-18 09:27:40 262 132 40 36 1194 25 1194 2 9 60</string>
    <string>2016-10-18 09:27:41 263 76 40 10 1198 25 1198 2 10 60</string>
    <string>2016-10-18 09:27:41 264 138 40 39 1203 25 1203 2 10 60</string>
    <string>2016-10-18 09:27:42 265 119 40 30 1208 25 1208 2 11 60</string>
    <string>2016-10-18 09:27:42 266 105 40 23 1212 25 1212 2 11 60</string>
    <string>2016-10-18 09:27:43 267 124 40 32 1217 25 1217 2 12 60</string>
    <string>2016-10-18 09:27:43 268 110 40 26 1221 25 1221 2 12 60</string>
    <string>2016-10-18 09:27:44 269 91 40 17 1226 25 1226 2 13 60</string>
    <string>2016-10-18 09:27:44 270 115 40 28 1230 25 1230 2 13 60</string>
    <string>2016-10-18 09:27:45 271 97 40 20 1235 25 1235 2 14 60</string>
    <string>2016-10-18 09:27:45 272 78 40 11 1240 25 1240 2 14 60</string>
    <string>2016-10-18 09:27:46 273 64 40 4 1244 25 1244 2 15 60</string>
    <string>2016-10-18 09:27:46 274 83 40 14 1249 25 1249 2 15 60</string>
    <string>2016-10-18 09:27:47 275 69 40 7 1253 25 1253 2 16 60</string>
    <string>2016-10-18 09:27:47 276 130 40 35 1258 25 1258 2 16 60</string>
    <string>2016-10-18 09:27:48 277 74 40 9 1262 25 1262 2 17 60</string>
    <string>2016-10-18 09:27:48 278 136 40 38 1267 25 1267 2 17 60</string>
    <string>2016-10-18 09:27:49 279 117 40 29 1272 25 1272 2 18 60</string>
    <string>2016-10-18 09:27:49 280 103 40 23 1276 25 1276 2 18 60</string>
    <string>2016-10-18 09:27:50 281 122 40 32 1281 25 1281 2 19 60</string>
    <string>2016-10-18 09:27:50 282 108 40 25 1285 25 1285 2 19 60</string>
    <string>2016-10-18 09:27:51 283 90 40 16 1290 25 1290 2 20 60</string>
    <string>2016-10-18 09:27:51 284 114 40 27 1294 25 1294 2 20 60</string>
    <string>2016-10-18 09:27:52 285 95 40 19 1299 25 1299 2 21 60</string>
    <string>2016-10-18 09:27:52 286 76 40 10 1304 25 1304 2 21 60</string>
    <string>2016-10-18 09:27:53 287 62 40 4 1308 25 1308 2 22 60</string>
    <string>2016-10-18 09:27:53 288 82 40 13 1313 25 1313 2 22 60</string>
    <string>2016-10-18 09:27:54 289 67 40 6 1317 25 1317 2 23 60</string>
    <string>2016-10-18 09:27:54 290 129 40 34 1322 25 1322 2 23 60</string>
    <string>2016-10-18 09:27:55 291 73 40 9 1326 25 1326 2 24 60</string>
    <string>2016-10-18 09:27:55 292 134 40 37 1331 25 1331 2 24 60</string>
    <string>2016-10-18 09:27:56 293 115 40 28 1336 25 1336 2 25 60</string>
    <string>2016-10-18 09:27:56 294 101 40 22 1340 25 1340 2 25 60</string>
    <string>2016-10-18 09:27:57 295 121 40 31 1345 25 1345 2 26 60</string>
    <string>2016-10-18 09:27:57 296 106 40 24 1349 25 1349 2 26 60</string>
    <string>2016-10-18 09:27:58 297 88 40 16 1354 25 1354 2 27 60</string>
    <string>2016-10-18 09:27:58 298 69 40 7 1359 25 1359 2 27 60</string>
    <string>2016-10-18 09:27:59 299 93 40 18 1363 25 1363 2 28 60</string>
    <string>2016-10-18 09:27:59 300 74 40 9 1368 25 1368 2 28 60</string>
    <string>2016-10-18 09:28:00 301 60 40 3 1372 25 1372 2 29 60</string>
    <string>2016-10-18 09:28:00 302 80 40 12 1377 25 1377 2 29 60</string>
    <string>2016-10-18 09:28:01 303 65 40 5 1381 25 1381 2 30 60</string>
    <string>2016-10-18 09:28:01 304 127 40 34 1386 25 1386 2 30 60</string>
    <string>2016-10-18 09:28:02 305 108 40 25 1391 25 1391 2 31 60</string>
    <string>2016-10-18 09:28:02 306 132 40 36 1395 25 1395 2 31 60</string>
    <string>2016-10-18 09:28:03 307 113 40 27 1400 25 1400 2 32 60</string>
    <string>2016-10-18 09:28:06 313 91 40 17 1427 25 1427 2 35 60</string>
    <string>2016-10-18 09:28:06 313 91 40 17 1427 25 1427 2 35 60</string>
    <string>2016-10-18 09:28:06 314 73 40 9 1432 25 1432 2 35 60</string>
    <string>2016-10-18 09:28:07 315 138 40 39 1436 25 1436 2 36 60</string>
    <string>2016-10-18 09:28:08 318 89 40 16 1450 25 1450 2 37 60</string>
    <string>2016-10-18 09:28:09 320 95 40 19 1459 25 1459 2 38 60</string>
    <string>2016-10-18 09:28:12 325 128 40 34 1482 25 1482 2 41 60</string>
    <string>2016-10-18 09:28:13 327 134 40 37 1491 25 1491 2 42 60</string>
    <string>2016-10-18 09:28:13 328 119 40 30 1495 25 1495 2 42 60</string>
    <string>2016-10-18 09:28:14 329 88 40 16 1500 25 1500 2 43 60</string>
    <string>2016-10-18 09:28:14 330 74 40 9 1504 25 1504 2 43 60</string>
    <string>2016-10-18 09:28:15 331 93 40 18 1509 25 1509 2 44 60</string>
    <string>2016-10-18 09:28:16 334 121 40 31 1523 25 1523 2 45 60</string>
    <string>2016-10-18 09:28:16 334 121 40 31 1523 25 1523 2 45 60</string>
    <string>2016-10-18 09:28:17 335 65 40 5 1527 25 1527 2 46 60</string>
    <string>2016-10-18 09:28:17 336 127 40 34 1532 25 1532 2 46 60</string>
    <string>2016-10-18 09:28:18 337 108 40 25 1537 25 1537 2 47 60</string>
    <string>2016-10-18 09:28:18 338 132 40 36 1541 25 1541 2 47 60</string>
    <string>2016-10-18 09:28:19 339 113 40 27 1546 25 1546 2 48 60</string>
    <string>2016-10-18 09:28:19 340 99 40 21 1550 25 1550 2 48 60</string>
    <string>2016-10-18 09:28:20 341 81 40 12 1555 25 1555 2 49 60</string>
    <string>2016-10-18 09:28:20 342 105 40 23 1559 25 1559 2 49 60</string>
    <string>2016-10-18 09:28:21 343 86 40 15 1564 25 1564 2 50 60</string>
    <string>2016-10-18 09:28:21 344 67 40 6 1569 25 1569 2 50 60</string>
    <string>2016-10-18 09:28:22 345 91 40 17 1573 25 1573 2 51 60</string>
    <string>2016-10-18 09:28:22 346 73 40 9 1578 25 1578 2 51 60</string>
    <string>2016-10-18 09:28:23 347 138 40 39 1582 25 1582 2 52 60</string>
    <string>2016-10-18 09:28:23 348 120 40 30 1587 25 1587 2 52 60</string>
    <string>2016-10-18 09:28:24 349 64 40 4 1591 25 1591 2 53 60</string>
    <string>2016-10-18 09:28:24 350 125 40 33 1596 25 1596 2 53 60</string>
    <string>2016-10-18 09:28:25 351 106 40 24 1601 25 1601 2 54 60</string>
    <string>2016-10-18 09:28:25 352 130 40 35 1605 25 1605 2 54 60</string>
    <string>2016-10-18 09:28:26 353 112 40 27 1610 25 1610 2 55 60</string>
    <string>2016-10-18 09:28:26 354 97 40 20 1614 25 1614 2 55 60</string>
    <string>2016-10-18 09:28:27 355 79 40 11 1619 25 1619 2 56 60</string>
    <string>2016-10-18 09:28:27 356 103 40 22 1623 25 1623 2 56 60</string>
    <string>2016-10-18 09:28:28 357 84 40 14 1628 25 1628 2 57 60</string>
    <string>2016-10-18 09:28:28 358 65 40 5 1633 25 1633 2 57 60</string>
    <string>2016-10-18 09:28:29 359 89 40 16 1637 25 1637 2 58 60</string>
    <string>2016-10-18 09:28:29 360 71 40 8 1642 25 1642 2 58 60</string>
    <string>2016-10-18 09:28:30 361 137 40 38 1646 25 1646 2 59 60</string>
    <string>2016-10-18 09:28:30 362 118 40 29 1651 25 1651 2 59 60</string>
    <string>2016-10-18 09:28:31 363 99 40 21 1656 25 1656 3 0 60</string>
    <string>2016-10-18 09:28:31 364 123 40 32 1660 25 1660 3 0 60</string>
    <string>2016-10-18 09:28:32 365 104 40 23 1665 25 1665 3 1 60</string>
    <string>2016-10-18 09:28:32 366 128 40 34 1669 25 1669 3 1 60</string>
    <string>2016-10-18 09:28:33 367 110 40 26 1674 25 1674 3 2 60</string>
    <string>2016-10-18 09:28:33 368 96 40 19 1678 25 1678 3 2 60</string>
    <string>2016-10-18 09:28:34 369 77 40 11 1683 25 1683 3 3 60</string>
    <string>2016-10-18 09:28:34 370 138 40 39 1688 25 1688 3 3 60</string>
    <string>2016-10-18 09:28:35 371 82 40 13 1692 25 1692 3 4 60</string>
    <string>2016-10-18 09:28:35 372 64 40 4 1697 25 1697 3 4 60</string>
    <string>2016-10-18 09:28:36 373 88 40 15 1701 25 1701 3 5 60</string>
    <string>2016-10-18 09:28:36 374 69 40 7 1706 25 1706 3 5 60</string>
    <string>2016-10-18 09:28:37 375 135 40 37 1710 25 1710 3 6 60</string>
    <string>2016-10-18 09:28:37 376 116 40 29 1715 25 1715 3 6 60</string>
    <string>2016-10-18 09:28:38 377 97 40 20 1720 25 1720 3 7 60</string>
    <string>2016-10-18 09:28:38 378 121 40 31 1724 25 1724 3 7 60</string>
    <string>2016-10-18 09:28:39 379 103 40 22 1729 25 1729 3 8 60</string>
    <string>2016-10-18 09:28:39 380 127 40 34 1733 25 1733 3 8 60</string>
    <string>2016-10-18 09:28:40 381 108 40 25 1738 25 1738 3 9 60</string>
    <string>2016-10-18 09:28:40 382 94 40 18 1742 25 1742 3 9 60</string>
    <string>2016-10-18 09:28:41 383 75 40 10 1747 25 1747 3 10 60</string>
    <string>2016-10-18 09:28:41 384 136 40 38 1752 25 1752 3 10 60</string>
    <string>2016-10-18 09:28:42 385 80 40 12 1756 25 1756 3 11 60</string>
    <string>2016-10-18 09:28:42 386 62 40 4 1761 25 1761 3 11 60</string>
    <string>2016-10-18 09:28:43 387 86 40 15 1765 25 1765 3 12 60</string>
    <string>2016-10-18 09:28:43 388 67 40 6 1770 25 1770 3 12 60</string>
    <string>2016-10-18 09:28:44 389 133 40 36 1774 25 1774 3 13 60</string>
    <string>2016-10-18 09:28:44 390 114 40 28 1779 25 1779 3 13 60</string>
    <string>2016-10-18 09:28:45 391 96 40 19 1784 25 1784 3 14 60</string>
    <string>2016-10-18 09:28:45 392 120 40 30 1788 25 1788 3 14 60</string>
    <string>2016-10-18 09:28:46 393 101 40 22 1793 25 1793 3 15 60</string>
    <string>2016-10-18 09:28:46 394 125 40 33 1797 25 1797 3 15 60</string>
    <string>2016-10-18 09:28:47 395 106 40 24 1802 25 1802 3 16 60</string>
    <string>2016-10-18 09:28:47 396 87 40 15 1807 25 1807 3 16 60</string>
    <string>2016-10-18 09:28:48 397 73 40 9 1811 25 1811 3 17 60</string>
    <string>2016-10-18 09:28:48 398 135 40 37 1816 25 1816 3 17 60</string>
    <string>2016-10-18 09:28:49 399 79 40 11 1820 25 1820 3 18 60</string>
    <string>2016-10-18 09:28:49 400 60 40 3 1825 25 1825 3 18 60</string>
    <string>2016-10-18 09:28:50 401 84 40 14 1829 25 1829 3 19 60</string>
    <string>2016-10-18 09:28:50 402 65 40 5 1834 25 1834 3 19 60</string>
    <string>2016-10-18 09:28:51 403 127 40 34 1839 25 1839 3 20 60</string>
    <string>2016-10-18 09:28:51 404 112 40 27 1843 25 1843 3 20 60</string>
    <string>2016-10-18 09:28:52 405 94 40 18 1848 25 1848 3 21 60</string>
    <string>2016-10-18 09:28:52 406 118 40 29 1852 25 1852 3 21 60</string>
    <string>2016-10-18 09:28:53 407 99 40 21 1857 25 1857 3 22 60</string>
    <string>2016-10-18 09:28:53 408 123 40 32 1861 25 1861 3 22 60</string>
    <string>2016-10-18 09:28:54 409 104 40 23 1866 25 1866 3 22 60</string>
    <string>2016-10-18 09:28:54 410 86 40 15 1871 25 1871 3 23 60</string>
    <string>2016-10-18 09:28:55 411 71 40 8 1875 25 1875 3 23 60</string>
    <string>2016-10-18 09:28:55 412 133 40 36 1880 25 1880 3 24 60</string>
    <string>2016-10-18 09:28:56 413 77 40 10 1884 25 1884 3 24 60</string>
    <string>2016-10-18 09:28:56 414 138 40 39 1889 25 1889 3 25 60</string>
    <string>2016-10-18 09:28:57 415 82 40 13 1893 25 1893 3 25 60</string>
    <string>2016-10-18 09:28:57 416 63 40 4 1898 25 1898 3 26 60</string>
    <string>2016-10-18 09:28:58 417 125 40 33 1903 25 1903 3 26 60</string>
    <string>2016-10-18 09:28:58 418 111 40 26 1907 25 1907 3 27 60</string>
    <string>2016-10-18 09:28:59 419 92 40 17 1912 25 1912 3 27 60</string>
    <string>2016-10-18 09:28:59 420 116 40 29 1916 25 1916 3 28 60</string>
    <string>2016-10-18 09:29:00 421 97 40 20 1921 25 1921 3 28 60</string>
    <string>2016-10-18 09:29:00 422 121 40 31 1925 25 1925 3 29 60</string>
    <string>2016-10-18 09:29:01 423 103 40 22 1930 25 1930 3 29 60</string>
    <string>2016-10-18 09:29:01 424 84 40 14 1935 25 1935 3 30 60</string>
    <string>2016-10-18 09:29:02 425 70 40 7 1939 25 1939 3 30 60</string>
    <string>2016-10-18 09:29:02 426 131 40 36 1944 25 1944 3 31 60</string>
    <string>2016-10-18 09:29:03 427 75 40 10 1948 25 1948 3 31 60</string>
    <string>2016-10-18 09:29:03 428 136 40 38 1953 25 1953 3 32 60</string>
    <string>2016-10-18 09:29:04 429 80 40 12 1957 25 1957 3 32 60</string>
    <string>2016-10-18 09:29:04 430 62 40 3 1962 25 1962 3 33 60</string>
    <string>2016-10-18 09:29:05 431 123 40 32 1967 25 1967 3 33 60</string>
    <string>2016-10-18 09:29:05 432 109 40 25 1971 25 1971 3 34 60</string>
    <string>2016-10-18 09:29:06 433 90 40 17 1976 25 1976 3 34 60</string>
    <string>2016-10-18 09:29:06 434 114 40 28 1980 25 1980 3 35 60</string>
    <string>2016-10-18 09:29:07 435 95 40 19 1985 25 1985 3 35 60</string>
    <string>2016-10-18 09:29:07 436 119 40 30 1989 25 1989 3 36 60</string>
    <string>2016-10-18 09:29:08 437 101 40 22 1994 25 1994 3 36 60</string>
    <string>2016-10-18 09:29:08 438 82 40 13 1999 25 1999 3 37 60</string>
    <string>2016-10-18 09:29:09 439 68 40 6 2003 25 2003 3 37 60</string>
    <string>2016-10-18 09:29:09 440 129 40 35 2008 25 2008 3 38 60</string>
    <string>2016-10-18 09:29:10 441 73 40 9 2012 25 2012 3 38 60</string>
    <string>2016-10-18 09:29:10 442 134 40 37 2017 25 2017 3 39 60</string>
    <string>2016-10-18 09:29:11 443 78 40 11 2021 25 2021 3 39 60</string>
    <string>2016-10-18 09:29:11 444 60 40 3 2026 25 2026 3 40 60</string>
    <string>2016-10-18 09:29:12 445 121 40 31 2031 25 2031 3 40 60</string>
    <string>2016-10-18 09:29:12 446 107 40 24 2035 25 2035 3 41 60</string>
    <string>2016-10-18 09:29:13 447 88 40 16 2040 25 2040 3 41 60</string>
    <string>2016-10-18 09:29:13 448 112 40 27 2044 25 2044 3 42 60</string>
    <string>2016-10-18 09:29:14 449 94 40 18 2049 25 2049 3 42 60</string>
    <string>2016-10-18 09:29:14 450 118 40 29 2053 25 2053 3 43 60</string>
    <string>2016-10-18 09:29:15 451 99 40 21 2058 25 2058 3 43 60</string>
    <string>2016-10-18 09:29:15 452 80 40 12 2063 25 2063 3 44 60</string>
    <string>2016-10-18 09:29:16 453 66 40 5 2067 25 2067 3 44 60</string>
    <string>2016-10-18 09:29:16 454 127 40 34 2072 25 2072 3 45 60</string>
    <string>2016-10-18 09:29:17 455 71 40 8 2076 25 2076 3 45 60</string>
    <string>2016-10-18 09:29:17 456 133 40 36 2081 25 2081 3 46 60</string>
    <string>2016-10-18 09:29:18 457 114 40 28 2086 25 2086 3 46 60</string>
    <string>2016-10-18 09:29:18 458 138 40 39 2090 25 2090 3 47 60</string>
    <string>2016-10-18 09:29:19 459 119 40 30 2095 25 2095 3 47 60</string>
    <string>2016-10-18 09:29:19 460 105 40 24 2099 25 2099 3 48 60</string>
    <string>2016-10-18 09:29:20 461 86 40 15 2104 25 2104 3 48 60</string>
    <string>2016-10-18 09:29:20 462 110 40 26 2108 25 2108 3 49 60</string>
    <string>2016-10-18 09:29:21 463 92 40 17 2113 25 2113 3 49 60</string>
    <string>2016-10-18 09:29:21 464 73 40 9 2118 25 2118 3 50 60</string>
    <string>2016-10-18 09:29:22 465 97 40 20 2122 25 2122 3 50 60</string>
    <string>2016-10-18 09:29:22 466 78 40 11 2127 25 2127 3 51 60</string>
    <string>2016-10-18 09:29:23 467 64 40 5 2131 25 2131 3 51 60</string>
    <string>2016-10-18 09:29:23 468 125 40 33 2136 25 2136 3 52 60</string>
    <string>2016-10-18 09:29:24 469 69 40 7 2140 25 2140 3 52 60</string>
    <string>2016-10-18 09:29:24 470 131 40 35 2145 25 2145 3 53 60</string>
    <string>2016-10-18 09:29:25 471 112 40 27 2150 25 2150 3 53 60</string>
    <string>2016-10-18 09:29:25 472 136 40 38 2154 25 2154 3 54 60</string>
    <string>2016-10-18 09:29:26 473 117 40 29 2159 25 2159 3 54 60</string>
    <string>2016-10-18 09:29:26 474 103 40 23 2163 25 2163 3 55 60</string>
    <string>2016-10-18 09:29:27 475 85 40 14 2168 25 2168 3 55 60</string>
    <string>2016-10-18 09:29:27 476 104 40 23 2173 25 2173 3 56 60</string>
    <string>2016-10-18 09:29:28 477 90 40 17 2177 25 2177 3 56 60</string>
    <string>2016-10-18 09:29:28 478 63 40 4 2181 25 2181 3 57 60</string>
    <string>2016-10-18 09:29:29 479 73 40 9 2186 25 2186 3 57 60</string>
    <string>2016-10-18 09:29:29 480 92 40 18 2191 25 2191 3 58 60</string>
    <string>2016-10-18 09:29:30 481 78 40 11 2195 25 2195 3 58 60</string>
    <string>2016-10-18 09:29:30 482 139 40 39 2200 25 2200 3 59 60</string>
    <string>2016-10-18 09:29:31 483 83 40 13 2204 25 2204 3 59 60</string>
    <string>2016-10-18 09:29:31 484 65 40 5 2209 25 2209 4 0 60</string>
    <string>2016-10-18 09:29:32 485 130 40 35 2213 25 2213 4 0 60</string>
    <string>2016-10-18 09:29:32 486 112 40 27 2218 25 2218 4 1 60</string>
    <string>2016-10-18 09:29:33 487 131 40 36 2223 25 2223 4 1 60</string>
    <string>2016-10-18 09:29:33 488 117 40 29 2227 25 2227 4 2 60</string>
    <string>2016-10-18 09:29:34 489 98 40 20 2232 25 2232 4 2 60</string>
    <string>2016-10-18 09:29:34 490 122 40 32 2236 25 2236 4 3 60</string>
    <string>2016-10-18 09:29:35 491 104 40 23 2241 25 2241 4 3 60</string>
    <string>2016-10-18 09:29:35 492 89 40 16 2245 25 2245 4 4 60</string>
    <string>2016-10-18 09:29:36 493 71 40 8 2250 25 2250 4 4 60</string>
    <string>2016-10-18 09:29:36 494 90 40 17 2255 25 2255 4 5 60</string>
    <string>2016-10-18 09:29:37 495 76 40 10 2259 25 2259 4 5 60</string>
    <string>2016-10-18 09:29:37 496 137 40 39 2264 25 2264 4 6 60</string>
    <string>2016-10-18 09:29:38 497 81 40 13 2268 25 2268 4 6 60</string>
    <string>2016-10-18 09:29:38 498 63 40 4 2273 25 2273 4 7 60</string>
    <string>2016-10-18 09:29:39 499 129 40 34 2277 25 2277 4 7 60</string>
    <string>2016-10-18 09:29:39 500 110 40 26 2282 25 2282 4 8 60</string>
    <string>2016-10-18 09:29:40 501 129 40 35 2287 25 2287 4 8 60</string>
    <string>2016-10-18 09:29:40 502 115 40 28 2291 25 2291 4 9 60</string>
    <string>2016-10-18 09:29:41 503 97 40 20 2296 25 2296 4 9 60</string>
    <string>2016-10-18 09:29:41 504 121 40 31 2300 25 2300 4 10 60</string>
    <string>2016-10-18 09:29:42 505 102 40 22 2305 25 2305 4 10 60</string>
    <string>2016-10-18 09:29:42 506 83 40 13 2310 25 2310 4 11 60</string>
    <string>2016-10-18 09:29:43 507 69 40 7 2314 25 2314 4 11 60</string>
    <string>2016-10-18 09:29:43 508 89 40 16 2319 25 2319 4 12 60</string>
    <string>2016-10-18 09:29:44 509 74 40 9 2323 25 2323 4 12 60</string>
    <string>2016-10-18 09:29:44 510 136 40 38 2328 25 2328 4 13 60</string>
    <string>2016-10-18 09:29:45 511 80 40 12 2332 25 2332 4 13 60</string>
    <string>2016-10-18 09:29:45 512 61 40 3 2337 25 2337 4 14 60</string>
    <string>2016-10-18 09:29:46 513 122 40 32 2342 25 2342 4 14 60</string>
    <string>2016-10-18 09:29:46 514 108 40 25 2346 25 2346 4 15 60</string>
    <string>2016-10-18 09:29:47 515 128 40 34 2351 25 2351 4 15 60</string>
    <string>2016-10-18 09:29:47 516 113 40 27 2355 25 2355 4 16 60</string>
    <string>2016-10-18 09:29:48 517 95 40 19 2360 25 2360 4 16 60</string>
    <string>2016-10-18 09:29:48 518 119 40 30 2364 25 2364 4 17 60</string>
    <string>2016-10-18 09:29:49 519 100 40 21 2369 25 2369 4 17 60</string>
    <string>2016-10-18 09:29:49 520 81 40 13 2374 25 2374 4 18 60</string>
    <string>2016-10-18 09:29:50 521 67 40 6 2378 25 2378 4 18 60</string>
    <string>2016-10-18 09:29:50 522 87 40 15 2383 25 2383 4 19 60</string>
    <string>2016-10-18 09:29:51 523 72 40 9 2387 25 2387 4 19 60</string>
    <string>2016-10-18 09:29:51 524 134 40 37 2392 25 2392 4 20 60</string>
    <string>2016-10-18 09:29:52 525 78 40 11 2396 25 2396 4 20 60</string>
    <string>2016-10-18 09:29:52 526 139 40 39 2401 25 2401 4 21 60</string>
    <string>2016-10-18 09:29:53 527 120 40 31 2406 25 2406 4 21 60</string>
    <string>2016-10-18 09:29:53 528 106 40 24 2410 25 2410 4 22 60</string>
    <string>2016-10-18 09:29:54 529 126 40 33 2415 25 2415 4 22 60</string>
    <string>2016-10-18 09:29:54 530 112 40 27 2419 25 2419 4 23 60</string>
    <string>2016-10-18 09:29:55 531 93 40 18 2424 25 2424 4 23 60</string>
    <string>2016-10-18 09:29:55 532 74 40 9 2429 25 2429 4 24 60</string>
    <string>2016-10-18 09:29:56 533 98 40 20 2433 25 2433 4 24 60</string>
    <string>2016-10-18 09:29:56 534 80 40 12 2438 25 2438 4 25 60</string>
    <string>2016-10-18 09:29:57 535 65 40 5 2442 25 2442 4 25 60</string>
    <string>2016-10-18 09:29:57 536 85 40 14 2447 25 2447 4 26 60</string>
    <string>2016-10-18 09:29:58 537 71 40 8 2451 25 2451 4 26 60</string>
    <string>2016-10-18 09:29:58 538 132 40 36 2456 25 2456 4 27 60</string>
    <string>2016-10-18 09:29:59 539 113 40 27 2461 25 2461 4 27 60</string>
    <string>2016-10-18 09:29:59 540 137 40 38 2465 25 2465 4 28 60</string>
    <string>2016-10-18 09:30:00 541 119 40 30 2470 25 2470 4 28 60</string>
    <string>2016-10-18 09:30:00 542 104 40 23 2474 25 2474 4 29 60</string>
    <string>2016-10-18 09:30:04 542 104 40 23 2474 25 2474 4 29 60</string>
    <string>2016-10-18 09:30:04 543 128 40 34 2478 25 2478 4 29 60</string>
    <string>2016-10-18 09:30:04 544 136 40 38 2483 25 2483 4 30 60</string>
    <string>2016-10-18 09:30:05 545 117 40 29 2488 25 2488 4 30 60</string>
    <string>2016-10-18 09:30:05 546 74 40 9 2492 25 2492 4 31 60</string>
    <string>2016-10-18 09:30:06 547 136 40 38 2497 25 2497 4 31 60</string>
    <string>2016-10-18 09:30:06 548 80 40 12 2501 25 2501 4 32 60</string>
    <string>2016-10-18 09:30:07 549 61 40 3 2506 25 2506 4 32 60</string>
    <string>2016-10-18 09:30:07 550 122 40 32 2511 25 2511 4 33 60</string>
    <string>2016-10-18 09:30:08 551 66 40 6 2515 25 2515 4 33 60</string>
    <string>2016-10-18 09:30:08 552 128 40 34 2520 25 2520 4 34 60</string>
    <string>2016-10-18 09:30:09 553 114 40 27 2524 25 2524 4 34 60</string>
    <string>2016-10-18 09:30:09 554 95 40 19 2529 25 2529 4 35 60</string>
    <string>2016-10-18 09:30:10 555 119 40 30 2533 25 2533 4 35 60</string>
    <string>2016-10-18 09:30:10 556 100 40 21 2538 25 2538 4 36 60</string>
    <string>2016-10-18 09:30:11 557 81 40 13 2543 25 2543 4 36 60</string>
    <string>2016-10-18 09:30:11 558 105 40 24 2547 25 2547 4 37 60</string>
    <string>2016-10-18 09:30:12 559 87 40 15 2552 25 2552 4 37 60</string>
    <string>2016-10-18 09:30:12 560 73 40 9 2556 25 2556 4 38 60</string>
    <string>2016-10-18 09:30:13 561 134 40 37 2561 25 2561 4 38 60</string>
    <string>2016-10-18 09:30:13 562 115 40 28 2566 25 2566 4 39 60</string>
    <string>2016-10-18 09:30:14 563 139 40 39 2570 25 2570 4 39 60</string>
    <string>2016-10-18 09:30:14 564 121 40 31 2575 25 2575 4 40 60</string>
    <string>2016-10-18 09:30:15 565 65 40 5 2579 25 2579 4 40 60</string>
    <string>2016-10-18 09:30:15 566 126 40 33 2584 25 2584 4 41 60</string>
    <string>2016-10-18 09:30:16 567 112 40 27 2588 25 2588 4 41 60</string>
    <string>2016-10-18 09:30:16 568 93 40 18 2593 25 2593 4 42 60</string>
    <string>2016-10-18 09:30:17 569 74 40 9 2598 25 2598 4 42 60</string>
    <string>2016-10-18 09:30:17 570 98 40 20 2602 25 2602 4 43 60</string>
    <string>2016-10-18 09:30:18 571 80 40 12 2607 25 2607 4 43 60</string>
    <string>2016-10-18 09:30:18 572 104 40 23 2611 25 2611 4 44 60</string>
    <string>2016-10-18 09:30:19 573 85 40 14 2616 25 2616 4 44 60</string>
    <string>2016-10-18 09:30:19 574 71 40 8 2620 25 2620 4 45 60</string>
    <string>2016-10-18 09:30:20 575 132 40 36 2625 25 2625 4 45 60</string>
    <string>2016-10-18 09:30:20 576 113 40 27 2630 25 2630 4 46 60</string>
    <string>2016-10-18 09:30:21 577 137 40 39 2634 25 2634 4 46 60</string>
    <string>2016-10-18 09:30:21 578 119 40 30 2639 25 2639 4 47 60</string>
    <string>2016-10-18 09:30:22 579 63 40 4 2643 25 2643 4 47 60</string>
    <string>2016-10-18 09:30:22 580 124 40 32 2648 25 2648 4 48 60</string>
    <string>2016-10-18 09:30:23 581 110 40 26 2652 25 2652 4 48 60</string>
    <string>2016-10-18 09:30:23 582 91 40 17 2657 25 2657 4 49 60</string>
    <string>2016-10-18 09:30:24 583 73 40 9 2662 25 2662 4 49 60</string>
    <string>2016-10-18 09:30:24 584 97 40 20 2666 25 2666 4 50 60</string>
    <string>2016-10-18 09:30:25 585 78 40 11 2671 25 2671 4 50 60</string>
    <string>2016-10-18 09:30:25 586 102 40 22 2675 25 2675 4 51 60</string>
    <string>2016-10-18 09:30:26 587 83 40 13 2680 25 2680 4 51 60</string>
    <string>2016-10-18 09:30:26 588 69 40 7 2684 25 2684 4 52 60</string>
    <string>2016-10-18 09:30:27 589 130 40 35 2689 25 2689 4 52 60</string>
    <string>2016-10-18 09:30:27 590 112 40 27 2694 25 2694 4 53 60</string>
    <string>2016-10-18 09:30:28 591 136 40 38 2698 25 2698 4 53 60</string>
    <string>2016-10-18 09:30:28 592 117 40 29 2703 25 2703 4 54 60</string>
    <string>2016-10-18 09:30:29 593 61 40 3 2707 25 2707 4 54 60</string>
    <string>2016-10-18 09:30:29 594 122 40 32 2712 25 2712 4 55 60</string>
    <string>2016-10-18 09:30:30 595 108 40 25 2716 25 2716 4 55 60</string>
    <string>2016-10-18 09:30:30 596 89 40 16 2721 25 2721 4 56 60</string>
    <string>2016-10-18 09:30:31 597 71 40 8 2726 25 2726 4 56 60</string>
    <string>2016-10-18 09:30:31 598 95 40 19 2730 25 2730 4 57 60</string>
    <string>2016-10-18 09:30:32 599 76 40 10 2735 25 2735 4 57 60</string>
    <string>2016-10-18 09:30:32 600 100 40 21 2739 25 2739 4 58 60</string>
    <string>2016-10-18 09:30:33 601 81 40 13 2744 25 2744 4 58 60</string>
    <string>2016-10-18 09:30:33 602 67 40 6 2748 25 2748 4 59 60</string>
    <string>2016-10-18 09:30:34 603 128 40 34 2753 25 2753 4 59 60</string>
    <string>2016-10-18 09:30:34 604 110 40 26 2758 25 2758 5 0 60</string>
    <string>2016-10-18 09:30:35 605 134 40 37 2762 25 2762 5 0 60</string>
    <string>2016-10-18 09:30:35 606 115 40 28 2767 25 2767 5 1 60</string>
    <string>2016-10-18 09:30:36 607 139 40 39 2771 25 2771 5 1 60</string>
    <string>2016-10-18 09:30:36 608 120 40 31 2776 25 2776 5 2 60</string>
    <string>2016-10-18 09:30:37 609 102 40 22 2781 25 2781 5 2 60</string>
    <string>2016-10-18 09:30:37 610 88 40 15 2785 25 2785 5 3 60</string>
    <string>2016-10-18 09:30:38 611 69 40 7 2790 25 2790 5 3 60</string>
    <string>2016-10-18 09:30:38 612 93 40 18 2794 25 2794 5 4 60</string>
    <string>2016-10-18 09:30:39 613 74 40 9 2799 25 2799 5 4 60</string>
    <string>2016-10-18 09:30:39 614 98 40 20 2803 25 2803 5 5 60</string>
    <string>2016-10-18 09:30:40 615 80 40 12 2808 25 2808 5 5 60</string>
    <string>2016-10-18 09:30:40 616 61 40 3 2813 25 2813 5 6 60</string>
    <string>2016-10-18 09:30:41 617 127 40 34 2817 25 2817 5 6 60</string>
    <string>2016-10-18 09:30:41 618 108 40 25 2822 25 2822 5 7 60</string>
    <string>2016-10-18 09:30:42 619 132 40 36 2826 25 2826 5 7 60</string>
    <string>2016-10-18 09:30:42 620 113 40 27 2831 25 2831 5 8 60</string>
    <string>2016-10-18 09:30:43 621 137 40 38 2835 25 2835 5 8 60</string>
    <string>2016-10-18 09:30:43 622 119 40 30 2840 25 2840 5 9 60</string>
    <string>2016-10-18 09:30:44 623 100 40 21 2845 25 2845 5 9 60</string>
    <string>2016-10-18 09:30:44 624 86 40 15 2849 25 2849 5 10 60</string>
    <string>2016-10-18 09:30:45 625 67 40 6 2854 25 2854 5 10 60</string>
    <string>2016-10-18 09:30:45 626 91 40 17 2858 25 2858 5 11 60</string>
    <string>2016-10-18 09:30:46 627 72 40 8 2863 25 2863 5 11 60</string>
    <string>2016-10-18 09:30:46 628 96 40 20 2867 25 2867 5 12 60</string>
    <string>2016-10-18 09:30:47 629 78 40 11 2872 25 2872 5 12 60</string>
    <string>2016-10-18 09:30:47 630 139 40 39 2877 25 2877 5 13 60</string>
    <string>2016-10-18 09:30:48 631 125 40 33 2881 25 2881 5 13 60</string>
    <string>2016-10-18 09:30:48 632 106 40 24 2886 25 2886 5 14 60</string>
    <string>2016-10-18 09:30:49 633 130 40 35 2890 25 2890 5 14 60</string>
    <string>2016-10-18 09:30:49 634 111 40 27 2895 25 2895 5 15 60</string>
    <string>2016-10-18 09:30:50 635 135 40 38 2899 25 2899 5 15 60</string>
    <string>2016-10-18 09:30:50 636 117 40 29 2904 25 2904 5 16 60</string>
    <string>2016-10-18 09:30:51 637 98 40 20 2909 25 2909 5 16 60</string>
    <string>2016-10-18 09:30:51 638 84 40 14 2913 25 2913 5 17 60</string>
    <string>2016-10-18 09:30:52 639 65 40 5 2918 25 2918 5 17 60</string>
    <string>2016-10-18 09:30:52 640 89 40 16 2922 25 2922 5 18 60</string>
    <string>2016-10-18 09:30:53 641 71 40 8 2927 25 2927 5 18 60</string>
    <string>2016-10-18 09:30:53 642 95 40 19 2931 25 2931 5 19 60</string>
    <string>2016-10-18 09:30:54 643 76 40 10 2936 25 2936 5 19 60</string>
    <string>2016-10-18 09:30:54 644 137 40 38 2941 25 2941 5 20 60</string>
    <string>2016-10-18 09:30:55 645 123 40 32 2945 25 2945 5 20 60</string>
    <string>2016-10-18 09:30:55 646 104 40 23 2950 25 2950 5 21 60</string>
    <string>2016-10-18 09:30:56 647 128 40 34 2954 25 2954 5 21 60</string>
    <string>2016-10-18 09:30:56 648 110 40 26 2959 25 2959 5 22 60</string>
    <string>2016-10-18 09:30:57 649 134 40 37 2963 25 2963 5 22 60</string>
    <string>2016-10-18 09:30:57 650 115 40 28 2968 25 2968 5 23 60</string>
    <string>2016-10-18 09:30:58 651 96 40 20 2973 25 2973 5 23 60</string>
    <string>2016-10-18 09:30:58 652 82 40 13 2977 25 2977 5 24 60</string>
    <string>2016-10-18 09:30:59 653 63 40 4 2982 25 2982 5 24 60</string>
    <string>2016-10-18 09:30:59 654 87 40 15 2986 25 2986 5 25 60</string>
    <string>2016-10-18 09:31:00 655 69 40 7 2991 25 2991 5 25 60</string>
    <string>2016-10-18 09:31:00 656 93 40 18 2995 25 2995 5 26 60</string>
    <string>2016-10-18 09:31:01 657 74 40 9 3000 25 3000 5 26 60</string>
    <string>2016-10-18 09:31:01 658 135 40 38 3005 25 3005 5 27 60</string>
    <string>2016-10-18 09:31:02 659 121 40 31 3009 25 3009 5 27 60</string>
    <string>2016-10-18 09:31:02 660 102 40 22 3014 25 3014 5 28 60</string>
    <string>2016-10-18 09:31:03 661 126 40 33 3018 25 3018 5 28 60</string>
    <string>2016-10-18 09:31:03 662 108 40 25 3023 25 3023 5 29 60</string>
    <string>2016-10-18 09:31:04 663 89 40 16 3028 25 3028 5 29 60</string>
    <string>2016-10-18 09:31:04 664 113 40 27 3032 25 3032 5 30 60</string>
    <string>2016-10-18 09:31:05 665 94 40 19 3037 25 3037 5 30 60</string>
    <string>2016-10-18 09:31:05 666 80 40 12 3041 25 3041 5 31 60</string>
    <string>2016-10-18 09:31:06 667 62 40 3 3046 25 3046 5 31 60</string>
    <string>2016-10-18 09:31:06 668 86 40 15 3050 25 3050 5 32 60</string>
    <string>2016-10-18 09:31:07 669 67 40 6 3055 25 3055 5 32 60</string>
    <string>2016-10-18 09:31:07 670 128 40 34 3060 25 3060 5 33 60</string>
    <string>2016-10-18 09:31:08 671 72 40 8 3064 25 3064 5 33 60</string>
    <string>2016-10-18 09:31:08 672 134 40 37 3069 25 3069 5 34 60</string>
    <string>2016-10-18 09:31:09 673 119 40 30 3073 25 3073 5 34 60</string>
    <string>2016-10-18 09:31:09 674 101 40 22 3078 25 3078 5 35 60</string>
    <string>2016-10-18 09:31:10 675 125 40 33 3082 25 3082 5 35 60</string>
    <string>2016-10-18 09:31:10 676 106 40 24 3087 25 3087 5 36 60</string>
    <string>2016-10-18 09:31:11 677 87 40 15 3092 25 3092 5 36 60</string>
    <string>2016-10-18 09:31:11 678 111 40 26 3096 25 3096 5 37 60</string>
    <string>2016-10-18 09:31:12 679 93 40 18 3101 25 3101 5 37 60</string>
    <string>2016-10-18 09:31:12 680 78 40 11 3105 25 3105 5 38 60</string>
    <string>2016-10-18 09:31:13 681 60 40 3 3110 25 3110 5 38 60</string>
    <string>2016-10-18 09:31:13 682 84 40 14 3114 25 3114 5 39 60</string>
    <string>2016-10-18 09:31:14 683 65 40 5 3119 25 3119 5 39 60</string>
    <string>2016-10-18 09:31:14 684 126 40 33 3124 25 3124 5 40 60</string>
    <string>2016-10-18 09:31:15 685 70 40 8 3128 25 3128 5 40 60</string>
    <string>2016-10-18 09:31:15 686 132 40 36 3133 25 3133 5 41 60</string>
    <string>2016-10-18 09:31:16 687 118 40 29 3137 25 3137 5 41 60</string>
    <string>2016-10-18 09:31:16 688 99 40 21 3142 25 3142 5 42 60</string>
    <string>2016-10-18 09:31:17 689 123 40 32 3146 25 3146 5 42 60</string>
    <string>2016-10-18 09:31:17 690 104 40 23 3151 25 3151 5 43 60</string>
    <string>2016-10-18 09:31:18 691 85 40 15 3156 25 3156 5 43 60</string>
    <string>2016-10-18 09:31:18 692 109 40 26 3160 25 3160 5 44 60</string>
    <string>2016-10-18 09:31:19 693 91 40 17 3165 25 3165 5 44 60</string>
    <string>2016-10-18 09:31:19 694 77 40 10 3169 25 3169 5 45 60</string>
    <string>2016-10-18 09:31:20 695 138 40 39 3174 25 3174 5 45 60</string>
    <string>2016-10-18 09:31:20 696 82 40 13 3178 25 3178 5 46 60</string>
    <string>2016-10-18 09:31:21 697 63 40 4 3183 25 3183 5 46 60</string>
    <string>2016-10-18 09:31:21 698 125 40 33 3188 25 3188 5 47 60</string>
    <string>2016-10-18 09:31:22 699 69 40 7 3192 25 3192 5 47 60</string>
    <string>2016-10-18 09:31:22 700 130 40 35 3197 25 3197 5 48 60</string>
    <string>2016-10-18 09:31:23 701 116 40 28 3201 25 3201 5 48 60</string>
    <string>2016-10-18 09:31:23 702 97 40 20 3206 25 3206 5 49 60</string>
    <string>2016-10-18 09:31:24 703 117 40 29 3211 25 3211 5 49 60</string>
    <string>2016-10-18 09:31:24 704 102 40 22 3215 25 3215 5 50 60</string>
    <string>2016-10-18 09:31:25 705 84 40 14 3220 25 3220 5 50 60</string>
    <string>2016-10-18 09:31:25 706 108 40 25 3224 25 3224 5 51 60</string>
    <string>2016-10-18 09:31:26 707 89 40 16 3229 25 3229 5 51 60</string>
    <string>2016-10-18 09:31:26 708 75 40 10 3233 25 3233 5 52 60</string>
    <string>2016-10-18 09:31:27 709 136 40 38 3238 25 3238 5 52 60</string>
    <string>2016-10-18 09:31:27 710 76 40 10 3243 25 3243 5 53 60</string>
    <string>2016-10-18 09:31:28 711 61 40 3 3247 25 3247 5 53 60</string>
    <string>2016-10-18 09:31:28 712 123 40 32 3252 25 3252 5 54 60</string>
    <string>2016-10-18 09:31:29 713 67 40 6 3256 25 3256 5 54 60</string>
    <string>2016-10-18 09:31:29 714 128 40 34 3261 25 3261 5 55 60</string>
    <string>2016-10-18 09:31:30 715 114 40 28 3265 25 3265 5 55 60</string>
    <string>2016-10-18 09:31:30 716 95 40 19 3270 25 3270 5 56 60</string>
    <string>2016-10-18 09:31:31 717 115 40 28 3275 25 3275 5 56 60</string>
    <string>2016-10-18 09:31:31 718 101 40 21 3279 25 3279 5 57 60</string>
    <string>2016-10-18 09:31:32 719 82 40 13 3284 25 3284 5 57 60</string>
    <string>2016-10-18 09:31:32 720 106 40 24 3288 25 3288 5 58 60</string>
    <string>2016-10-18 09:31:33 721 87 40 15 3293 25 3293 5 58 60</string>
    <string>2016-10-18 09:31:33 722 73 40 9 3297 25 3297 5 59 60</string>
    <string>2016-10-18 09:31:34 723 134 40 37 3302 25 3302 5 59 60</string>
    <string>2016-10-18 09:31:34 724 74 40 9 3307 25 3307 6 0 60</string>
    <string>2016-10-18 09:31:35 725 60 40 3 3311 25 3311 6 0 60</string>
    <string>2016-10-18 09:31:35 726 121 40 31 3316 25 3316 6 1 60</string>
    <string>2016-10-18 09:31:36 727 65 40 5 3320 25 3320 6 1 60</string>
    <string>2016-10-18 09:31:36 728 126 40 33 3325 25 3325 6 2 60</string>
    <string>2016-10-18 09:31:37 729 112 40 27 3329 25 3329 6 2 60</string>
    <string>2016-10-18 09:31:37 730 93 40 18 3334 25 3334 6 3 60</string>
    <string>2016-10-18 09:31:38 731 113 40 27 3339 25 3339 6 3 60</string>
    <string>2016-10-18 09:31:38 732 99 40 21 3343 25 3343 6 4 60</string>
    <string>2016-10-18 09:31:39 733 80 40 12 3348 25 3348 6 4 60</string>
    <string>2016-10-18 11:15:25 1 10 40 2 0 25 0 0 0 60</string>
    <string>2016-10-18 11:15:25 2 130 40 35 4 25 4 0 0 60</string>
    <string>2016-10-18 11:15:26 3 70 40 7 9 25 9 0 1 60</string>
    <string>2016-10-18 11:15:26 4 136 40 38 13 25 13 0 1 60</string>
    <string>2016-10-18 11:15:27 5 117 40 29 18 25 18 0 2 60</string>
    <string>2016-10-18 11:15:27 6 98 40 20 23 25 23 0 2 60</string>
    <string>2016-10-18 11:15:28 7 71 40 8 27 25 27 0 2 60</string>
    <string>2016-10-18 11:15:28 8 132 40 36 32 25 32 0 3 60</string>
    <string>2016-10-18 11:15:29 9 76 40 10 36 25 36 0 3 60</string>
    <string>2016-10-18 11:15:29 10 109 40 25 41 25 41 0 4 60</string>
    <string>2016-10-18 11:15:30 11 95 40 19 45 25 45 0 4 60</string>
    <string>2016-10-18 11:15:30 12 76 40 10 50 25 50 0 5 60</string>
    <string>2016-10-18 11:15:31 13 137 40 39 55 25 55 0 5 60</string>
    <string>2016-10-18 11:15:31 14 81 40 13 59 25 59 0 6 60</string>
    <string>2016-10-18 11:15:32 15 83 40 13 63 25 63 0 6 60</string>
    <string>2016-10-18 11:15:32 16 131 40 36 68 25 68 0 7 60</string>
    <string>2016-10-18 11:15:33 17 117 40 29 72 25 72 0 7 60</string>
    <string>2016-10-18 11:15:33 18 98 40 20 77 25 77 0 8 60</string>
    <string>2016-10-18 11:15:34 19 87 40 15 81 25 81 0 8 60</string>
    <string>2016-10-18 11:15:34 20 68 40 6 86 25 86 0 9 60</string>
    <string>2016-10-18 11:15:35 21 134 40 37 90 25 90 0 9 60</string>
    <string>2016-10-18 11:15:35 22 73 40 9 95 25 95 0 10 60</string>
    <string>2016-10-18 11:15:36 23 135 40 37 100 25 100 0 10 60</string>
    <string>2016-10-18 11:15:36 24 136 40 38 104 25 104 0 11 60</string>
    <string>2016-10-18 11:15:37 25 124 40 32 108 25 108 0 11 60</string>
    <string>2016-10-18 11:15:37 26 134 40 37 113 25 113 0 12 60</string>
    <string>2016-10-18 11:15:38 27 107 40 24 117 25 117 0 12 60</string>
    <string>2016-10-18 11:15:38 28 117 40 29 122 25 122 0 13 60</string>
    <string>2016-10-18 11:15:39 29 105 40 24 126 25 126 0 13 60</string>
    <string>2016-10-18 11:15:39 30 138 40 39 130 25 130 0 14 60</string>
    <string>2016-10-18 11:15:40 31 111 40 26 134 25 134 0 14 60</string>
    <string>2016-10-18 11:15:40 32 92 40 18 139 25 139 0 15 60</string>
    <string>2016-10-18 11:15:41 33 73 40 9 143 25 143 0 15 60</string>
    <string>2016-10-18 11:15:41 34 75 40 10 147 25 147 0 16 60</string>
    <string>2016-10-18 11:15:42 35 63 40 4 151 25 151 0 16 60</string>
    <string>2016-10-18 11:15:42 36 93 40 18 155 25 155 0 17 60</string>
    <string>2016-10-18 11:15:43 37 77 40 11 160 25 160 0 17 60</string>
    <string>2016-10-18 11:15:43 38 78 40 11 164 25 164 0 18 60</string>
    <string>2016-10-18 11:15:44 39 60 40 3 169 25 169 0 18 60</string>
    <string>2016-10-18 11:15:44 40 84 40 14 173 25 173 0 19 60</string>
    <string>2016-10-18 11:15:45 41 65 40 5 178 25 178 0 19 60</string>
    <string>2016-10-18 11:15:45 42 118 40 29 182 25 182 0 20 60</string>
    <string>2016-10-18 11:15:46 43 99 40 21 187 25 187 0 20 60</string>
    <string>2016-10-18 11:15:46 44 85 40 14 191 25 191 0 21 60</string>
    <string>2016-10-18 11:15:47 45 82 40 13 196 25 196 0 21 60</string>
    <string>2016-10-18 11:15:47 46 134 40 37 200 25 200 0 22 60</string>
    <string>2016-10-18 11:15:48 47 131 40 36 205 25 205 0 22 60</string>
    <string>2016-10-18 11:15:48 48 117 40 29 209 25 209 0 23 60</string>
    <string>2016-10-18 11:15:49 49 85 40 14 214 25 214 0 23 60</string>
    <string>2016-10-18 11:15:49 50 71 40 8 218 25 218 0 24 60</string>
    <string>2016-10-18 11:15:50 51 133 40 36 223 25 223 0 24 60</string>
    <string>2016-10-18 11:15:50 52 77 40 10 227 25 227 0 25 60</string>
    <string>2016-10-18 11:15:51 53 87 40 15 232 25 232 0 25 60</string>
    <string>2016-10-18 11:15:51 54 126 40 33 236 25 236 0 26 60</string>
    <string>2016-10-18 11:15:52 55 123 40 32 241 25 241 0 26 60</string>
    <string>2016-10-18 11:15:52 56 138 40 39 245 25 245 0 27 60</string>
    <string>2016-10-18 11:15:53 57 77 40 11 250 25 250 0 27 60</string>
    <string>2016-10-18 11:15:53 58 107 40 25 254 25 254 0 28 60</string>
    <string>2016-10-18 11:15:54 59 131 40 36 258 25 258 0 28 60</string>
    <string>2016-10-18 11:15:54 60 61 40 3 263 25 263 0 29 60</string>
    <string>2016-10-18 11:15:55 61 85 40 14 267 25 267 0 29 60</string>
    <string>2016-10-18 11:15:55 62 67 40 6 272 25 272 0 30 60</string>
    <string>2016-10-18 11:15:56 63 128 40 34 277 25 277 0 30 60</string>
    <string>2016-10-18 11:15:56 64 114 40 28 281 25 281 0 31 60</string>
    <string>2016-10-18 11:15:57 65 111 40 26 286 25 286 0 31 60</string>
    <string>2016-10-18 11:15:57 66 135 40 37 290 25 290 0 32 60</string>
    <string>2016-10-18 11:15:58 67 107 40 25 294 25 294 0 32 60</string>
    <string>2016-10-18 11:15:58 68 117 40 29 299 25 299 0 33 60</string>
    <string>2016-10-18 11:15:59 69 99 40 21 304 25 304 0 33 60</string>
    <string>2016-10-18 11:15:59 70 123 40 32 308 25 308 0 34 60</string>
    <string>2016-10-18 11:16:00 71 104 40 23 313 25 313 0 34 60</string>
    <string>2016-10-18 11:16:00 72 90 40 17 317 25 317 0 35 60</string>
    <string>2016-10-18 11:16:01 73 109 40 26 322 25 322 0 35 60</string>
    <string>2016-10-18 11:16:01 74 124 40 32 326 25 326 0 36 60</string>
    <string>2016-10-18 11:16:02 75 63 40 4 331 25 331 0 36 60</string>
    <string>2016-10-18 11:16:02 76 125 40 33 336 25 336 0 37 60</string>
    <string>2016-10-18 11:16:03 77 110 40 26 340 25 340 0 37 60</string>
    <string>2016-10-18 11:16:03 78 63 40 4 345 25 345 0 38 60</string>
    <string>2016-10-18 11:16:04 79 129 40 35 349 25 349 0 38 60</string>
    <string>2016-10-18 11:16:05 81 130 40 35 359 25 359 0 39 60</string>
    <string>2016-10-18 11:16:05 82 116 40 28 363 25 363 0 40 60</string>
    <string>2016-10-18 11:16:06 85 131 40 36 377 25 377 0 41 60</string>
    <string>2016-10-18 11:16:07 85 131 40 36 377 25 377 0 41 60</string>
    <string>2016-10-18 11:16:07 86 75 40 10 381 25 381 0 42 60</string>
    <string>2016-10-18 11:16:08 87 136 40 38 386 25 386 0 42 60</string>
    <string>2016-10-18 11:16:08 88 122 40 31 390 25 390 0 43 60</string>
    <string>2016-10-18 11:16:10 93 78 40 11 413 25 413 0 45 60</string>
    <string>2016-10-18 11:16:11 93 78 40 11 413 25 413 0 45 60</string>
    <string>2016-10-18 11:16:11 94 64 40 5 417 25 417 0 46 60</string>
    <string>2016-10-18 11:16:12 97 131 40 35 431 25 431 0 47 60</string>
    <string>2016-10-18 11:16:13 97 131 40 35 431 25 431 0 47 60</string>
    <string>2016-10-18 11:16:13 98 112 40 27 436 25 436 0 48 60</string>
    <string>2016-10-18 11:16:14 100 117 40 29 445 25 445 0 49 60</string>
    <string>2016-10-18 11:16:14 100 117 40 29 445 25 445 0 49 60</string>
    <string>2016-10-18 11:16:15 101 103 40 23 449 25 449 0 49 60</string>
    <string>2016-10-18 11:16:15 102 123 40 32 454 25 454 0 50 60</string>
    <string>2016-10-18 11:16:16 103 104 40 23 459 25 459 0 50 60</string>
    <string>2016-10-18 11:16:16 104 90 40 17 463 25 463 0 51 60</string>
    <string>2016-10-18 11:16:17 105 71 40 8 468 25 468 0 51 60</string>
    <string>2016-10-18 11:16:17 106 95 40 19 472 25 472 0 52 60</string>
    <string>2016-10-18 11:16:18 107 76 40 10 477 25 477 0 52 60</string>
    <string>2016-10-18 11:16:18 109 82 40 13 486 25 486 0 53 60</string>
    <string>2016-10-18 11:16:19 109 82 40 13 486 25 486 0 53 60</string>
    <string>2016-10-18 11:16:21 113 134 40 37 504 25 504 0 55 60</string>
    <string>2016-10-18 11:16:21 114 64 40 5 509 25 509 0 56 60</string>
    <string>2016-10-18 11:16:22 115 104 40 23 513 25 513 0 56 60</string>
    <string>2016-10-18 11:16:22 116 85 40 14 518 25 518 0 57 60</string>
    <string>2016-10-18 11:16:23 117 71 40 8 522 25 522 0 57 60</string>
    <string>2016-10-18 11:16:23 118 132 40 36 527 25 527 0 58 60</string>
    <string>2016-10-18 11:16:24 119 76 40 10 531 25 531 0 58 60</string>
    <string>2016-10-18 11:16:24 120 138 40 39 536 25 536 0 59 60</string>
    <string>2016-10-18 11:16:25 121 123 40 32 540 25 540 0 59 60</string>
    <string>2016-10-18 11:16:25 122 63 40 4 545 25 545 1 0 60</string>
    <string>2016-10-18 11:16:26 123 124 40 32 550 25 550 1 0 60</string>
    <string>2016-10-18 11:16:26 124 110 40 26 554 25 554 1 1 60</string>
    <string>2016-10-18 11:16:27 125 91 40 17 559 25 559 1 1 60</string>
  </Results>
</ServerData>